Texts:

"INSCRIPTIONS EN LINÉAIRE A
A. Avec inscription.
a)
Wa 1001
Wa 1002
HM 442.6O
HM 445.4
Wa 1003
Wa 1004
(F
HM 4452
HM 445.3
Wa 1005
HM 445.4
4
"bounds: (82,62),(1132,62),(1132,1513),(82,1513)
"INSCRIPTIONS"bounds: (525,64),(649,64),(649,76),(525,76)
"EN"bounds: (661,66),(683,66),(683,76),(661,76)
"LINÉAIRE"bounds: (694,62),(778,62),(778,77),(694,77)
"A"bounds: (789,67),(798,67),(798,77),(789,77)
"A."bounds: (104,135),(159,136),(158,163),(103,162)
"Avec"bounds: (154,140),(206,141),(206,157),(154,156)
"inscription."bounds: (223,140),(354,143),(353,165),(222,162)
"a)"bounds: (155,316),(174,316),(174,335),(155,335)
"Wa"bounds: (228,410),(259,410),(259,425),(228,425)
"1001"bounds: (274,409),(313,409),(313,424),(274,424)
"Wa"bounds: (889,414),(920,414),(920,428),(889,428)
"1002"bounds: (934,414),(975,414),(975,429),(934,429)
"HM"bounds: (367,602),(395,602),(395,615),(367,615)
"442.6O"bounds: (409,602),(481,601),(481,614),(409,615)
"HM"bounds: (1040,607),(1067,608),(1066,622),(1039,621)
"445.4"bounds: (1076,605),(1132,607),(1131,625),(1075,623)
"Wa"bounds: (225,719),(256,719),(256,733),(225,733)
"1003"bounds: (270,720),(310,720),(310,734),(270,734)
"Wa"bounds: (881,727),(912,727),(912,741),(881,741)
"1004"bounds: (927,727),(968,728),(968,742),(927,741)
"(F"bounds: (352,824),(487,819),(490,902),(355,907)
"HM"bounds: (376,928),(404,928),(404,943),(376,943)
"4452"bounds: (412,927),(467,926),(467,942),(412,943)
"HM"bounds: (1046,930),(1072,931),(1072,946),(1046,945)
"445.3"bounds: (1081,930),(1130,932),(1129,948),(1080,946)
"Wa"bounds: (611,1051),(642,1051),(642,1065),(611,1065)
"1005"bounds: (657,1052),(697,1053),(697,1067),(657,1066)
"HM"bounds: (738,1256),(764,1256),(764,1270),(738,1270)
"445.4"bounds: (776,1256),(832,1256),(832,1269),(776,1269)
"4"bounds: (82,1497),(92,1497),(92,1513),(82,1513)