Texts:

"SI GNES DE PONCTUATION
passim
passim
一
HT Zd 1574
MA 1a'
24
HT Zd 156(bis)4
59
*HT Zd 1564
319
HT Zd *1554 156(bis)4 *1574
707
*ZA 15a.53
T
708
*HT Zd 1564
325
"bounds: (213,414),(1165,414),(1165,1540),(213,1540)
"SI"bounds: (469,415),(496,415),(496,431),(469,431)
"GNES"bounds: (498,414),(524,414),(524,431),(498,431)
"DE"bounds: (537,417),(554,417),(554,429),(537,429)
"PONCTUATION"bounds: (567,416),(675,415),(675,428),(567,429)
"passim"bounds: (730,590),(791,590),(791,604),(730,604)
"passim"bounds: (730,658),(789,657),(789,669),(730,670)
"一"bounds: (219,719),(221,719),(221,739),(219,739)
"HT"bounds: (731,723),(750,722),(750,733),(732,734)
"Zd"bounds: (762,723),(780,722),(780,733),(763,734)
"1574"bounds: (793,714),(831,712),(832,733),(794,735)
"MA"bounds: (732,790),(749,789),(750,800),(733,801)
"1a'"bounds: (763,784),(788,782),(789,799),(764,801)
"24"bounds: (563,859),(582,859),(582,873),(563,873)
"HT"bounds: (733,856),(750,855),(750,866),(733,867)
"Zd"bounds: (763,856),(781,855),(781,866),(763,867)
"156(bis)4"bounds: (794,850),(882,847),(883,869),(795,872)
"59"bounds: (563,926),(583,926),(583,939),(563,939)
"*HT"bounds: (735,922),(761,922),(761,933),(735,933)
"Zd"bounds: (775,923),(792,923),(792,934),(775,934)
"1564"bounds: (805,916),(842,916),(842,934),(805,934)
"319"bounds: (553,993),(584,993),(584,1007),(553,1007)
"HT"bounds: (734,989),(751,989),(751,999),(734,999)
"Zd"bounds: (765,989),(782,989),(782,1000),(765,1000)
"*1554"bounds: (797,981),(843,981),(843,1000),(797,1000)
"156(bis)4"bounds: (857,981),(944,980),(944,1003),(857,1004)
"*1574"bounds: (958,980),(1004,980),(1004,1001),(958,1001)
"707"bounds: (555,1057),(586,1058),(585,1074),(554,1073)
"*ZA"bounds: (736,1054),(762,1054),(762,1066),(736,1066)
"15a.53"bounds: (776,1045),(833,1045),(833,1074),(776,1074)
"T"bounds: (213,1114),(232,1114),(232,1129),(213,1129)
"708"bounds: (555,1125),(585,1125),(585,1138),(555,1138)
"*HT"bounds: (737,1121),(763,1121),(763,1131),(737,1131)
"Zd"bounds: (775,1114),(802,1114),(802,1136),(775,1136)
"1564"bounds: (807,1114),(844,1114),(844,1132),(807,1132)
"325"bounds: (1129,1521),(1165,1521),(1165,1540),(1129,1540)