Texts:

"E 01
A [67
01
HT Wa 10312
H
01 L
HT 3.7'
01 -.7
НT 106.3
01 -02-03
НT 38.21
01 -06-41
HT 126a.1
01 -06-69
ARKH 6.
13
01 -10-49
нT 120.3-41
01 -13
HT 86a.4' 95a.2,b.2' *106.3' 120.1'
01 -24-81-37
HT 117a.8-91
01 -26-24-04
HT 98b.21
01 -26-329
HT 7b.21
01 -27
HT 7a.4' 10a.2,b.1 85a.5' 122b.4
01 -27-81
ZA 18a.13
01 -28
нT 12.61
JE WC
701 -28
KH 13.43
01 -28-39-59
ZA 8.53 10a.4-53
01 -41-118
HT 13.5' 85a.3-4' 99b.1' 122a.2'
01 -51-73-24
KN Zf 314
01 -51-80-59
HT 95a.1
01 -53-01
HT 10a.4' 85a.2l 93a.7' 122a.71
上H-C-]A日T
01 -54-.7-51-54-05
KN Za 10b4
01 -56/
HT 79L*+_783.11
01 -59-27
НT 88.61
01 -59-60
HT 6a.1
JHls
701 -60
PH 7b.2'
01 -65-04
HT 34.11
01 -67
HT 6b.5'
01 -69
HT 123a.6'
01 -73-55
HT 117a.8'
01 -77
HT Wa 10012 1002² 10032 10042 100s²
141
t立山田
"bounds: (137,328),(1160,328),(1160,1542),(137,1542)
"E"bounds: (568,328),(589,328),(589,367),(568,367)
"01"bounds: (584,335),(617,335),(617,366),(584,366)
"A"bounds: (370,507),(379,507),(379,517),(370,517)
"[67"bounds: (390,503),(429,503),(429,522),(390,522)
"01"bounds: (462,507),(480,507),(480,522),(462,522)
"HT"bounds: (723,507),(740,506),(741,517),(724,518)
"Wa"bounds: (749,506),(764,505),(765,518),(750,519)
"10312"bounds: (776,499),(815,497),(816,517),(777,519)
"H"bounds: (162,530),(181,530),(181,553),(162,553)
"01"bounds: (462,536),(489,536),(489,555),(462,555)
"L"bounds: (489,536),(505,536),(505,555),(489,555)
"HT"bounds: (723,539),(740,538),(740,550),(723,551)
"3.7'"bounds: (750,535),(779,534),(780,550),(751,551)
"01"bounds: (460,569),(491,568),(492,591),(461,592)
"-.7"bounds: (489,570),(539,568),(540,587),(490,589)
"НT"bounds: (717,569),(755,567),(756,586),(718,588)
"106.3"bounds: (757,567),(792,566),(793,586),(758,587)
"01"bounds: (464,607),(482,607),(482,621),(464,621)
"-02-03"bounds: (490,607),(539,607),(539,616),(490,616)
"НT"bounds: (717,602),(755,599),(756,618),(718,621)
"38.21"bounds: (757,599),(788,597),(789,617),(758,619)
"01"bounds: (466,638),(489,638),(489,653),(466,653)
"-06-41"bounds: (490,640),(538,639),(538,650),(490,651)
"HT"bounds: (724,639),(740,638),(740,650),(724,651)
"126a.1"bounds: (751,634),(805,632),(806,650),(752,652)
"01"bounds: (466,671),(489,671),(489,684),(466,684)
"-06-69"bounds: (491,673),(539,673),(539,684),(491,684)
"ARKH"bounds: (724,673),(757,673),(757,684),(724,684)
"6."bounds: (767,669),(782,669),(782,685),(767,685)
"13"bounds: (785,666),(799,666),(799,683),(785,683)
"01"bounds: (467,706),(490,705),(490,720),(467,721)
"-10-49"bounds: (490,707),(539,705),(539,716),(490,718)
"нT"bounds: (724,707),(740,706),(741,717),(725,718)
"120.3-41"bounds: (751,701),(813,697),(814,716),(752,720)
"01"bounds: (466,737),(489,737),(489,752),(466,752)
"-13"bounds: (491,739),(514,739),(514,750),(491,750)
"HT"bounds: (725,739),(741,739),(741,749),(725,749)
"86a.4'"bounds: (751,730),(797,730),(797,749),(751,749)
"95a.2,b.2'"bounds: (810,729),(889,729),(889,752),(810,752)
"*106.3'"bounds: (902,729),(957,729),(957,755),(902,755)
"120.1'"bounds: (970,729),(1016,729),(1016,749),(970,749)
"01"bounds: (465,772),(491,772),(491,785),(465,785)
"-24-81-37"bounds: (491,773),(564,772),(564,784),(491,785)
"HT"bounds: (724,775),(741,774),(741,784),(724,785)
"117a.8-91"bounds: (752,767),(822,764),(823,784),(753,787)
"01"bounds: (467,805),(490,805),(490,820),(467,820)
"-26-24-04"bounds: (491,806),(565,805),(565,818),(491,819)
"HT"bounds: (725,808),(741,807),(742,818),(726,819)
"98b.21"bounds: (751,802),(797,799),(798,817),(752,820)
"01"bounds: (467,840),(490,839),(490,854),(467,855)
"-26-329"bounds: (491,841),(548,839),(548,851),(491,853)
"HT"bounds: (725,841),(741,840),(742,852),(726,853)
"7b.21"bounds: (751,835),(789,832),(790,851),(752,854)
"01"bounds: (464,873),(488,872),(489,888),(465,889)
"-27"bounds: (491,875),(514,874),(514,884),(491,885)
"HT"bounds: (726,875),(741,875),(741,885),(726,885)
"7a.4'"bounds: (752,867),(789,867),(789,885),(752,885)
"10a.2,b.1"bounds: (799,864),(878,864),(878,891),(799,891)
"85a.5'"bounds: (894,867),(941,867),(941,892),(894,892)
"122b.4"bounds: (954,864),(1004,864),(1004,891),(954,891)
"01"bounds: (462,904),(491,904),(491,925),(462,925)
"-27-81"bounds: (493,904),(539,904),(539,925),(493,925)
"ZA"bounds: (726,909),(741,908),(742,919),(727,920)
"18a.13"bounds: (753,903),(800,901),(801,919),(754,921)
"01"bounds: (464,941),(490,940),(491,956),(465,957)
"-28"bounds: (492,942),(514,941),(514,952),(492,953)
"нT"bounds: (725,943),(742,942),(743,953),(726,954)
"12.61"bounds: (752,936),(789,934),(790,952),(753,954)
"JE"bounds: (137,957),(182,957),(182,990),(137,990)
"WC"bounds: (179,962),(208,962),(208,986),(179,986)
"701"bounds: (449,972),(483,971),(483,990),(449,991)
"-28"bounds: (491,969),(513,969),(513,992),(491,992)
"KH"bounds: (726,976),(742,975),(743,987),(727,988)
"13.43"bounds: (753,969),(792,966),(793,985),(754,988)
"01"bounds: (465,1008),(493,1007),(493,1022),(465,1023)
"-28-39-59"bounds: (492,1009),(566,1007),(566,1019),(492,1021)
"ZA"bounds: (727,1009),(742,1009),(742,1020),(727,1020)
"8.53"bounds: (752,1001),(783,1001),(783,1020),(752,1020)
"10a.4-53"bounds: (795,1000),(859,999),(859,1019),(795,1020)
"01"bounds: (466,1039),(492,1038),(492,1055),(466,1056)
"-41-118"bounds: (492,1042),(549,1041),(549,1052),(492,1053)
"HT"bounds: (726,1042),(742,1042),(742,1053),(726,1053)
"13.5'"bounds: (753,1034),(790,1034),(790,1059),(753,1059)
"85a.3-4'"bounds: (803,1034),(865,1033),(865,1052),(803,1053)
"99b.1'"bounds: (879,1035),(924,1034),(924,1051),(879,1052)
"122a.2'"bounds: (938,1034),(992,1033),(992,1052),(938,1053)
"01"bounds: (468,1074),(491,1074),(491,1089),(468,1089)
"-51-73-24"bounds: (493,1076),(566,1075),(566,1086),(493,1087)
"KN"bounds: (727,1076),(743,1075),(744,1086),(728,1087)
"Zf"bounds: (752,1075),(768,1074),(769,1087),(753,1088)
"314"bounds: (776,1070),(800,1068),(801,1085),(777,1087)
"01"bounds: (468,1106),(491,1105),(491,1121),(468,1122)
"-51-80-59"bounds: (492,1108),(566,1106),(566,1118),(492,1120)
"HT"bounds: (726,1108),(742,1107),(742,1119),(726,1120)
"95a.1"bounds: (753,1102),(795,1101),(796,1120),(754,1121)
"01"bounds: (469,1140),(492,1140),(492,1155),(469,1155)
"-53-01"bounds: (493,1142),(540,1141),(540,1151),(493,1152)
"HT"bounds: (727,1142),(743,1142),(743,1152),(727,1152)
"10a.4'"bounds: (754,1134),(798,1134),(798,1153),(754,1153)
"85a.2l"bounds: (812,1134),(858,1134),(858,1152),(812,1152)
"93a.7'"bounds: (871,1133),(916,1133),(916,1153),(871,1153)
"122a.71"bounds: (930,1133),(984,1133),(984,1152),(930,1152)
"上"bounds: (162,1170),(171,1170),(171,1188),(162,1188)
"H"bounds: (183,1168),(200,1168),(200,1190),(183,1190)
"-"bounds: (204,1179),(209,1179),(209,1180),(204,1180)
"C-"bounds: (214,1168),(230,1168),(230,1188),(214,1188)
"]"bounds: (235,1167),(252,1167),(252,1190),(235,1190)
"A"bounds: (257,1168),(273,1168),(273,1195),(257,1195)
"日"bounds: (281,1168),(298,1168),(298,1189),(281,1189)
"T"bounds: (304,1167),(319,1167),(319,1194),(304,1194)
"01"bounds: (467,1175),(485,1175),(485,1190),(467,1190)
"-54-.7-51-54-05"bounds: (493,1170),(642,1173),(642,1194),(493,1191)
"KN"bounds: (727,1174),(743,1173),(744,1185),(728,1186)
"Za"bounds: (752,1175),(767,1174),(768,1186),(753,1187)
"10b4"bounds: (779,1169),(809,1166),(810,1184),(781,1187)
"01"bounds: (465,1210),(483,1209),(484,1225),(466,1226)
"-56/"bounds: (492,1207),(533,1204),(534,1222),(493,1225)
"HT"bounds: (727,1208),(743,1207),(743,1219),(727,1220)
"79L*+_783.11"bounds: (753,1203),(850,1199),(851,1222),(754,1226)
"01"bounds: (467,1240),(491,1239),(491,1256),(467,1257)
"-59-27"bounds: (493,1242),(541,1241),(541,1251),(493,1252)
"НT"bounds: (717,1239),(757,1236),(758,1255),(718,1258)
"88.61"bounds: (759,1236),(792,1234),(793,1253),(760,1255)
"01"bounds: (469,1274),(492,1273),(493,1288),(470,1289)
"-59-60"bounds: (493,1276),(542,1274),(542,1286),(494,1288)
"HT"bounds: (727,1275),(743,1274),(744,1286),(728,1287)
"6a.1"bounds: (752,1270),(784,1269),(785,1288),(753,1289)
"JHls"bounds: (148,1297),(197,1297),(197,1327),(148,1327)
"701"bounds: (450,1305),(484,1304),(484,1323),(450,1324)
"-60"bounds: (493,1309),(517,1309),(517,1319),(493,1319)
"PH"bounds: (727,1310),(743,1309),(744,1320),(728,1321)
"7b.2'"bounds: (753,1303),(791,1300),(792,1318),(754,1321)
"01"bounds: (466,1339),(490,1339),(490,1355),(466,1355)
"-65-04"bounds: (493,1341),(541,1341),(541,1353),(493,1353)
"HT"bounds: (726,1343),(743,1342),(744,1354),(727,1355)
"34.11"bounds: (752,1336),(792,1333),(793,1352),(753,1355)
"01"bounds: (468,1373),(493,1373),(493,1386),(468,1386)
"-67"bounds: (493,1376),(516,1376),(516,1385),(493,1385)
"HT"bounds: (727,1377),(743,1376),(744,1386),(728,1387)
"6b.5'"bounds: (753,1370),(791,1368),(792,1386),(754,1388)
"01"bounds: (469,1410),(492,1409),(492,1421),(469,1422)
"-69"bounds: (493,1410),(516,1409),(516,1419),(493,1420)
"HT"bounds: (727,1410),(743,1409),(744,1420),(728,1421)
"123a.6'"bounds: (754,1404),(808,1401),(809,1419),(755,1422)
"01"bounds: (471,1441),(492,1441),(492,1453),(471,1453)
"-73-55"bounds: (493,1443),(542,1442),(542,1452),(493,1453)
"HT"bounds: (727,1442),(743,1441),(743,1453),(727,1454)
"117a.8'"bounds: (754,1437),(808,1435),(809,1453),(755,1455)
"01"bounds: (468,1475),(493,1474),(493,1487),(468,1488)
"-77"bounds: (493,1476),(516,1475),(516,1486),(493,1487)
"HT"bounds: (728,1477),(744,1477),(744,1487),(728,1487)
"Wa"bounds: (753,1477),(769,1477),(769,1487),(753,1487)
"10012"bounds: (780,1469),(818,1469),(818,1487),(780,1487)
"1002²"bounds: (830,1467),(869,1467),(869,1488),(830,1488)
"10032"bounds: (881,1468),(920,1468),(920,1486),(881,1486)
"10042"bounds: (931,1468),(970,1468),(970,1486),(931,1486)
"100s²"bounds: (982,1468),(1021,1468),(1021,1487),(982,1487)
"141"bounds: (1129,1524),(1160,1523),(1160,1541),(1129,1542)
"t"bounds: (205,1358),(205,1396),(178,1396),(178,1358)
"立"bounds: (205,1398),(205,1435),(178,1435),(178,1398)
"山田"bounds: (197,1432),(197,1487),(180,1487),(180,1432)