Texts:

"08
08 -59-06-L .7
ZA 9.43
ET#
08 -59-06-04
ZA *9.43 10a.23
08 -59-27
ZA 8.13
TC4分符田
08 -59-28-301-45-77
ZA Zb 3.24
08 -59-28-301-54-38
PK Za 11a
08 -59-28-301-54-57
IO Za 2a.15 35 ,5
KO Za la“
РK Za 124
SY Za 1° 24°35
TL Za la
08 -59-28-7301-54F87
IO Za 4
08 -59-45
CR (?) Zf 14
08 -59-350
KH 11.53
08 -60
ARKH la.23
08 -60-
KH 79+89.25
08 -60-.7
XHT 87.5'
08 -60-. 708-69
HT 87.5'
TIs TY
08 -60-06-27
HT 1.41
08 -60-10-01
KH 5.1-23
708 -60-65
HT 109.4
HT 122b.3
708 -60-65-10-45-17
Tls s
TIs 9-
08 -60-69
ZA 7a.1-23
08 -60-70-
KO (?) Zf 24
08 -65
HT Zd 1554
中タ十
中位本弁非
08 -67-02
ARKH 4b.43
08 -67-39-38-04
KH 10.3-43
708 -69
Жнт 87.5
中业?40
08 -69-53-41-37
KN Zb 54
08 -70-08-24
PK Za 11b4
08 -73-01-10
ZA 10a.3
708 -73-01-61
PH(?) 31b.5'
08 -73-59
ZA 10b.4-53
08 -77-26
HT 2.1 86a.1,b[.1]
08 -77-55-17-37
KN Zc 7.14
708 -77-59L
KN (?) 32a.21
08 -79-60
KN Zc 7.14
08 -80
MA 161
08 -80L
ZA 7b.13
08 -80-54-41
CR (?) Zf 14
08 -80-57
KH 14.13
08 -80-60-24/
SK Zb 14
163
"bounds: (148,90),(1159,90),(1159,1531),(148,1531)
"08"bounds: (1045,90),(1065,90),(1065,106),(1045,106)
"08"bounds: (474,164),(492,164),(492,181),(474,181)
"-59-06-L"bounds: (495,157),(574,157),(574,184),(495,184)
".7"bounds: (576,157),(603,157),(603,184),(576,184)
"ZA"bounds: (719,165),(733,164),(734,176),(720,177)
"9.43"bounds: (744,157),(776,155),(777,175),(745,177)
"ET#"bounds: (178,188),(238,188),(238,212),(178,212)
"08"bounds: (474,197),(495,197),(495,212),(474,212)
"-59-06-04"bounds: (500,199),(574,198),(574,210),(500,211)
"ZA"bounds: (719,200),(734,200),(734,210),(719,210)
"*9.43"bounds: (743,191),(784,191),(784,211),(743,211)
"10a.23"bounds: (796,191),(843,190),(843,210),(796,211)
"08"bounds: (474,231),(500,230),(500,243),(474,244)
"-59-27"bounds: (500,233),(549,232),(549,243),(500,244)
"ZA"bounds: (719,234),(734,234),(734,244),(719,244)
"8.13"bounds: (744,228),(775,228),(775,245),(744,245)
"TC4"bounds: (151,259),(214,258),(214,285),(151,286)
"分"bounds: (217,255),(245,255),(245,285),(217,285)
"符"bounds: (247,255),(276,255),(276,285),(247,285)
"田"bounds: (278,254),(287,254),(287,284),(278,284)
"08"bounds: (474,267),(489,267),(489,281),(474,281)
"-59-28-301-45-77"bounds: (500,267),(633,267),(633,277),(500,277)
"ZA"bounds: (718,268),(733,267),(734,278),(719,279)
"Zb"bounds: (742,261),(763,260),(764,279),(743,280)
"3.24"bounds: (769,261),(801,259),(802,277),(770,279)
"08"bounds: (474,300),(495,300),(495,313),(474,313)
"-59-28-301-54-38"bounds: (500,301),(633,300),(633,311),(500,312)
"PK"bounds: (718,301),(734,300),(735,312),(719,313)
"Za"bounds: (744,302),(758,301),(759,312),(745,313)
"11a"bounds: (769,295),(792,294),(793,313),(770,314)
"08"bounds: (473,332),(493,332),(493,349),(473,349)
"-59-28-301-54-57"bounds: (500,335),(633,335),(633,345),(500,345)
"IO"bounds: (719,336),(734,335),(734,346),(719,347)
"Za"bounds: (743,331),(764,330),(765,349),(744,350)
"2a.15"bounds: (770,329),(809,327),(810,345),(771,347)
"35"bounds: (819,327),(834,326),(835,345),(820,346)
",5"bounds: (846,327),(860,326),(861,345),(847,346)
"KO"bounds: (717,370),(734,370),(734,381),(717,381)
"Za"bounds: (744,369),(760,369),(760,381),(744,381)
"la“"bounds: (770,364),(792,363),(792,379),(770,380)
"РK"bounds: (714,404),(747,402),(748,418),(715,420)
"Za"bounds: (749,401),(764,400),(765,416),(750,417)
"124"bounds: (770,399),(801,397),(802,414),(771,416)
"SY"bounds: (798,408),(839,408),(839,439),(798,439)
"Za"bounds: (841,407),(866,407),(866,439),(841,439)
"1°"bounds: (866,408),(882,408),(882,433),(866,433)
"24°35"bounds: (896,408),(950,408),(950,436),(896,436)
"TL"bounds: (718,438),(734,438),(734,449),(718,449)
"Za"bounds: (744,438),(759,438),(759,449),(744,449)
"la"bounds: (770,435),(783,435),(783,450),(770,450)
"08"bounds: (473,464),(492,464),(492,479),(473,479)
"-59-28-7301-54F87"bounds: (500,458),(650,459),(650,483),(500,482)
"IO"bounds: (714,461),(747,459),(748,475),(715,477)
"Za"bounds: (744,463),(759,462),(760,474),(745,475)
"4"bounds: (769,458),(778,458),(779,474),(770,474)
"08"bounds: (474,495),(493,494),(494,510),(475,511)
"-59-45"bounds: (499,497),(548,495),(548,506),(499,508)
"CR"bounds: (718,498),(734,497),(735,509),(719,510)
"(?)"bounds: (738,497),(757,495),(758,510),(739,512)
"Zf"bounds: (769,497),(785,496),(786,508),(770,509)
"14"bounds: (796,491),(810,490),(811,507),(797,508)
"08"bounds: (474,529),(495,529),(495,542),(474,542)
"-59-350"bounds: (500,530),(558,529),(558,540),(500,541)
"KH"bounds: (718,532),(734,531),(735,542),(719,543)
"11.53"bounds: (745,526),(785,523),(786,540),(746,543)
"08"bounds: (473,564),(491,564),(491,580),(473,580)
"-60"bounds: (500,560),(540,560),(540,580),(500,580)
"ARKH"bounds: (717,564),(752,563),(752,575),(717,576)
"la.23"bounds: (762,558),(801,556),(802,574),(763,576)
"08"bounds: (473,598),(491,598),(491,613),(473,613)
"-60-"bounds: (500,594),(549,593),(549,611),(500,612)
"KH"bounds: (719,597),(734,596),(734,608),(719,609)
"79+89.25"bounds: (745,591),(810,589),(811,608),(746,610)
"08"bounds: (474,631),(491,631),(491,646),(474,646)
"-60-.7"bounds: (500,627),(575,626),(575,645),(500,646)
"XHT"bounds: (718,625),(743,624),(743,641),(718,642)
"87.5'"bounds: (753,623),(791,622),(791,642),(753,643)
"08"bounds: (473,665),(491,665),(491,680),(473,680)
"-60-."bounds: (500,661),(554,660),(554,679),(500,680)
"708-69"bounds: (559,661),(616,660),(616,679),(559,680)
"HT"bounds: (718,665),(734,664),(735,675),(719,676)
"87.5'"bounds: (744,659),(783,656),(784,675),(746,678)
"TIs"bounds: (154,693),(213,694),(213,716),(154,715)
"TY"bounds: (222,693),(237,693),(237,714),(222,714)
"08"bounds: (474,696),(497,696),(497,711),(474,711)
"-60-06-27"bounds: (500,698),(574,697),(574,708),(500,709)
"HT"bounds: (717,698),(734,696),(735,708),(718,710)
"1.41"bounds: (746,694),(775,691),(777,709),(748,712)
"08"bounds: (473,728),(499,728),(499,743),(473,743)
"-60-10-01"bounds: (500,730),(573,729),(573,741),(500,742)
"KH"bounds: (719,730),(734,729),(735,741),(720,742)
"5.1-23"bounds: (745,725),(794,722),(795,740),(746,743)
"708"bounds: (459,763),(490,763),(490,779),(459,779)
"-60-65"bounds: (500,766),(549,765),(549,776),(500,777)
"HT"bounds: (719,766),(735,765),(735,776),(719,777)
"109.4"bounds: (744,759),(786,757),(787,779),(745,781)
"HT"bounds: (718,800),(735,799),(735,810),(718,811)
"122b.3"bounds: (744,793),(793,791),(794,813),(745,815)
"708"bounds: (458,795),(492,795),(492,814),(458,814)
"-60-65-10-45-17"bounds: (500,797),(625,799),(625,817),(500,815)
"Tls"bounds: (150,824),(202,824),(202,853),(150,853)
"s"bounds: (201,826),(219,826),(219,850),(201,850)
"TIs"bounds: (148,859),(207,857),(208,891),(149,893)
"9-"bounds: (202,860),(228,859),(229,888),(203,889)
"08"bounds: (475,830),(498,829),(498,845),(475,846)
"-60-69"bounds: (500,833),(550,832),(550,844),(500,845)
"ZA"bounds: (720,834),(735,833),(736,844),(721,845)
"7a.1-23"bounds: (745,828),(803,825),(804,844),(746,847)
"08"bounds: (475,864),(501,864),(501,877),(475,877)
"-60-70-"bounds: (501,866),(558,866),(558,876),(501,876)
"KO"bounds: (719,868),(735,867),(736,878),(720,879)
"(?)"bounds: (739,867),(757,866),(758,880),(740,881)
"Zf"bounds: (770,868),(786,867),(787,878),(771,879)
"24"bounds: (795,860),(810,859),(811,877),(796,878)
"08"bounds: (475,900),(496,899),(496,912),(475,913)
"-65"bounds: (500,901),(524,900),(524,911),(500,912)
"HT"bounds: (718,900),(735,898),(736,911),(719,913)
"Zd"bounds: (745,901),(758,900),(759,913),(746,914)
"1554"bounds: (770,894),(802,891),(804,910),(772,913)
"中"bounds: (155,927),(173,927),(173,948),(155,948)
"タ"bounds: (177,924),(193,924),(193,949),(177,949)
"十"bounds: (201,926),(216,926),(216,955),(201,955)
"中"bounds: (156,961),(170,961),(170,982),(156,982)
"位"bounds: (175,961),(191,961),(191,983),(175,983)
"本"bounds: (201,954),(218,954),(218,982),(201,982)
"弁"bounds: (225,960),(245,960),(245,982),(225,982)
"非"bounds: (249,957),(269,957),(269,984),(249,984)
"08"bounds: (474,935),(491,934),(491,947),(474,948)
"-67-02"bounds: (500,935),(550,933),(550,944),(500,946)
"ARKH"bounds: (718,936),(752,933),(753,945),(719,948)
"4b.43"bounds: (761,929),(802,925),(803,943),(763,947)
"08"bounds: (476,968),(491,968),(491,978),(476,978)
"-67-39-38-04"bounds: (501,967),(600,966),(600,979),(501,980)
"KH"bounds: (719,968),(736,967),(737,978),(720,979)
"10.3-43"bounds: (746,963),(802,960),(803,977),(747,980)
"708"bounds: (459,997),(492,997),(492,1015),(459,1015)
"-69"bounds: (501,1001),(524,1001),(524,1010),(501,1010)
"Жнт"bounds: (720,997),(744,997),(744,1012),(720,1012)
"87.5"bounds: (752,993),(787,993),(787,1015),(752,1015)
"中"bounds: (155,1027),(169,1027),(169,1048),(155,1048)
"业"bounds: (176,1025),(193,1025),(193,1048),(176,1048)
"?"bounds: (203,1030),(214,1030),(214,1055),(203,1055)
"40"bounds: (223,1026),(266,1026),(266,1049),(223,1049)
"08"bounds: (475,1034),(492,1034),(492,1048),(475,1048)
"-69-53-41-37"bounds: (501,1033),(600,1033),(600,1045),(501,1045)
"KN"bounds: (720,1035),(736,1034),(736,1045),(720,1046)
"Zb"bounds: (745,1034),(760,1033),(761,1045),(746,1046)
"54"bounds: (771,1029),(785,1028),(786,1044),(772,1045)
"08"bounds: (472,1065),(501,1065),(501,1081),(472,1081)
"-70-08-24"bounds: (501,1068),(575,1067),(575,1078),(501,1079)
"PK"bounds: (719,1069),(736,1068),(737,1079),(720,1080)
"Za"bounds: (745,1068),(760,1067),(761,1079),(746,1080)
"11b4"bounds: (772,1063),(802,1061),(803,1078),(773,1080)
"08"bounds: (474,1101),(492,1101),(492,1115),(474,1115)
"-73-01-10"bounds: (501,1101),(576,1099),(576,1111),(501,1113)
"ZA"bounds: (721,1101),(736,1100),(736,1112),(721,1113)
"10a.3"bounds: (745,1096),(787,1094),(788,1113),(746,1115)
"708"bounds: (459,1131),(492,1130),(492,1148),(459,1149)
"-73-01-61"bounds: (501,1135),(575,1134),(575,1146),(501,1147)
"PH(?)"bounds: (720,1135),(758,1133),(759,1149),(721,1151)
"31b.5'"bounds: (770,1130),(817,1127),(818,1145),(771,1148)
"08"bounds: (474,1168),(492,1167),(492,1181),(474,1182)
"-73-59"bounds: (502,1169),(551,1167),(551,1177),(502,1179)
"ZA"bounds: (720,1169),(736,1168),(736,1179),(720,1180)
"10b.4-53"bounds: (747,1162),(811,1159),(812,1179),(748,1182)
"08"bounds: (478,1199),(496,1199),(496,1215),(478,1215)
"-77-26"bounds: (502,1202),(551,1201),(551,1212),(502,1213)
"HT"bounds: (720,1203),(736,1203),(736,1213),(720,1213)
"2.1"bounds: (745,1194),(772,1194),(772,1219),(745,1219)
"86a.1,b[.1]"bounds: (788,1195),(893,1193),(893,1216),(788,1218)
"08"bounds: (475,1236),(493,1236),(493,1251),(475,1251)
"-77-55-17-37"bounds: (502,1236),(601,1235),(601,1246),(502,1247)
"KN"bounds: (720,1237),(736,1236),(737,1247),(721,1248)
"Zc"bounds: (744,1231),(769,1229),(770,1248),(745,1250)
"7.14"bounds: (771,1230),(803,1228),(804,1246),(772,1248)
"708"bounds: (460,1265),(493,1264),(493,1284),(460,1285)
"-77-59L"bounds: (502,1267),(568,1266),(568,1285),(502,1286)
"KN"bounds: (714,1268),(736,1267),(737,1286),(715,1287)
"(?)"bounds: (738,1267),(760,1266),(761,1285),(739,1286)
"32a.21"bounds: (771,1265),(818,1262),(819,1279),(772,1282)
"08"bounds: (476,1301),(496,1301),(496,1317),(476,1317)
"-79-60"bounds: (502,1303),(552,1302),(552,1315),(502,1316)
"KN"bounds: (721,1304),(737,1303),(738,1315),(722,1316)
"Zc"bounds: (746,1298),(772,1296),(773,1315),(747,1317)
"7.14"bounds: (771,1297),(803,1295),(804,1313),(772,1315)
"08"bounds: (477,1335),(502,1335),(502,1348),(477,1348)
"-80"bounds: (502,1337),(526,1337),(526,1347),(502,1347)
"MA"bounds: (718,1338),(736,1336),(737,1349),(720,1351)
"161"bounds: (747,1332),(768,1330),(770,1346),(749,1349)
"08"bounds: (475,1371),(494,1370),(494,1385),(475,1386)
"-80L"bounds: (502,1368),(543,1367),(544,1386),(503,1387)
"ZA"bounds: (721,1371),(736,1370),(737,1382),(722,1383)
"7b.13"bounds: (747,1366),(786,1363),(787,1381),(749,1384)
"08"bounds: (475,1402),(501,1401),(501,1416),(475,1417)
"-80-54-41"bounds: (502,1404),(576,1403),(576,1415),(502,1416)
"CR"bounds: (714,1402),(739,1400),(741,1420),(716,1422)
"(?)"bounds: (741,1400),(762,1398),(763,1417),(743,1419)
"Zf"bounds: (772,1405),(787,1404),(788,1415),(773,1416)
"14"bounds: (798,1397),(811,1396),(812,1413),(799,1414)
"08"bounds: (478,1434),(497,1434),(497,1450),(478,1450)
"-80-57"bounds: (502,1437),(551,1437),(551,1447),(502,1447)
"KH"bounds: (721,1439),(737,1438),(738,1449),(722,1450)
"14.13"bounds: (748,1432),(786,1430),(787,1448),(749,1450)
"08"bounds: (476,1471),(494,1471),(494,1486),(476,1486)
"-80-60-24/"bounds: (503,1467),(594,1466),(594,1485),(503,1486)
"SK"bounds: (721,1472),(737,1471),(738,1482),(722,1483)
"Zb"bounds: (746,1471),(762,1470),(763,1482),(747,1483)
"14"bounds: (773,1464),(787,1463),(788,1481),(774,1482)
"163"bounds: (1125,1514),(1159,1514),(1159,1531),(1125,1531)