Texts:

"V 73
PHAISTOS
73
in PH 14b
B
723 L
ZA 20.23
C.
73
KH 9.23
D
773 -01
HT 27b.11
73 -01-30
HT 41a.41
773 -06
KH 79+89.15
73 -17-09
ZA 15a.43
73 -26-59-60-27
HT 117a.4-5
ZA 23.23
773 -27
773 -30-59
*ARKH 4a.13
HT 61.11
23 -45L
*PH 30.2
73 -55-04
HT 86a.5' 95a.2,b.2-3' 106.1'
773 -59
HT 128a.3
73 -67-09-06
HT 26а.2-31
773 -67-31-24/
ARKH la.6
73 -69
HT 117a.21
73 -77
HT 135a.2
E
7- 23 -
HT 113ter.1
1- l H
7- 73 -55-73
HT 47a.61
7- 73 -69
HT 135a.21
01- 73 -55
HT 117a.81
08- 73 -01-1O
ZA 10a.33
708- 73 -01-61
PH(?} 31b.5'
08- 73 -59
ZA 10h.4-53
10- 73 -06-41
HT 28h.1-2' 117a.1-2'
16- 73 -47-06-60
KN Zf 314
724- 73 -06
HT 135a.1
26- 73 -/
ARKH 2.63
14 W Y Is
728- 73 -31-60
PT 27a.31
252
"bounds: (76,303),(1063,303),(1063,1533),(76,1533)
"V"bounds: (648,303),(671,303),(670,342),(647,342)
"73"bounds: (684,308),(721,309),(720,340),(683,339)
"PHAISTOS"bounds: (434,492),(500,491),(500,502),(434,503)
"73"bounds: (591,493),(608,493),(608,507),(591,507)
"in"bounds: (795,492),(810,491),(811,506),(796,507)
"PH"bounds: (819,491),(836,490),(836,502),(819,503)
"14b"bounds: (846,488),(869,487),(870,505),(847,506)
"B"bounds: (459,525),(466,525),(466,535),(459,535)
"723"bounds: (575,522),(609,522),(609,542),(575,542)
"L"bounds: (617,522),(631,522),(631,540),(617,540)
"ZA"bounds: (820,526),(835,525),(836,536),(821,537)
"20.23"bounds: (845,519),(885,516),(886,535),(846,538)
"C."bounds: (460,559),(466,559),(466,569),(460,569)
"73"bounds: (590,560),(608,560),(608,575),(590,575)
"KH"bounds: (820,558),(836,557),(837,569),(821,570)
"9.23"bounds: (845,554),(877,551),(878,568),(846,571)
"D"bounds: (460,593),(467,593),(467,602),(460,602)
"773"bounds: (576,589),(609,589),(609,608),(576,608)
"-01"bounds: (618,594),(640,594),(640,603),(618,603)
"HT"bounds: (819,593),(836,592),(837,603),(820,604)
"27b.11"bounds: (846,587),(894,583),(895,602),(847,606)
"73"bounds: (590,627),(606,627),(606,641),(590,641)
"-01-30"bounds: (618,627),(667,626),(667,637),(618,638)
"HT"bounds: (820,627),(836,626),(837,637),(821,638)
"41a.41"bounds: (846,621),(894,617),(895,635),(847,639)
"773"bounds: (576,655),(609,654),(609,675),(576,676)
"-06"bounds: (618,656),(658,655),(658,673),(618,674)
"KH"bounds: (819,660),(836,659),(837,670),(820,671)
"79+89.15"bounds: (847,655),(912,652),(913,670),(848,673)
"73"bounds: (591,692),(609,691),(610,707),(592,708)
"-17-09"bounds: (618,692),(667,690),(667,702),(618,704)
"ZA"bounds: (821,693),(836,692),(836,703),(821,704)
"15a.43"bounds: (848,687),(895,685),(896,702),(849,704)
"73"bounds: (591,726),(609,726),(609,739),(591,739)
"-26-59-60-27"bounds: (618,725),(717,723),(717,735),(618,737)
"HT"bounds: (820,725),(837,724),(837,735),(820,736)
"117a.4-5"bounds: (848,719),(912,716),(913,735),(849,738)
"ZA"bounds: (821,752),(836,751),(837,762),(822,763)
"23.23"bounds: (847,745),(887,743),(888,762),(848,764)
"773"bounds: (576,748),(610,748),(610,768),(576,768)
"-27"bounds: (619,748),(661,748),(661,766),(619,766)
"773"bounds: (576,781),(609,780),(609,803),(576,804)
"-30-59"bounds: (619,782),(684,781),(684,804),(619,805)
"*ARKH"bounds: (821,779),(864,778),(864,795),(821,796)
"4a.13"bounds: (873,778),(912,777),(912,795),(873,796)
"HT"bounds: (821,818),(837,817),(838,828),(822,829)
"61.11"bounds: (847,814),(885,811),(886,827),(848,830)
"23"bounds: (593,852),(611,852),(611,867),(593,867)
"-45L"bounds: (619,847),(659,848),(658,872),(618,871)
"*PH"bounds: (822,847),(846,847),(846,862),(822,862)
"30.2"bounds: (856,844),(894,844),(894,863),(856,863)
"73"bounds: (592,885),(609,884),(610,899),(593,900)
"-55-04"bounds: (619,886),(668,884),(668,895),(619,897)
"HT"bounds: (822,886),(838,886),(838,896),(822,896)
"86a.5'"bounds: (848,878),(894,878),(894,897),(848,897)
"95a.2,b.2-3'"bounds: (907,878),(1004,877),(1004,902),(907,903)
"106.1'"bounds: (1017,877),(1063,877),(1063,897),(1017,897)
"773"bounds: (576,916),(611,915),(611,934),(576,935)
"-59"bounds: (619,920),(642,919),(642,929),(619,930)
"HT"bounds: (821,920),(837,919),(837,930),(821,931)
"128a.3"bounds: (849,914),(896,912),(897,931),(850,933)
"73"bounds: (595,953),(609,953),(609,963),(595,963)
"-67-09-06"bounds: (619,953),(693,950),(693,963),(619,966)
"HT"bounds: (822,953),(838,952),(839,964),(823,965)
"26а.2-31"bounds: (848,948),(911,945),(912,964),(849,967)
"773"bounds: (577,983),(611,983),(611,1002),(577,1002)
"-67-31-24/"bounds: (620,983),(711,982),(711,1000),(620,1001)
"ARKH"bounds: (821,988),(855,986),(856,998),(822,1000)
"la.6"bounds: (866,980),(904,978),(905,996),(867,998)
"73"bounds: (595,1020),(609,1020),(609,1031),(595,1031)
"-69"bounds: (619,1021),(643,1020),(643,1030),(619,1031)
"HT"bounds: (822,1021),(838,1020),(838,1032),(822,1033)
"117a.21"bounds: (849,1014),(903,1012),(904,1032),(850,1034)
"73"bounds: (593,1054),(611,1053),(611,1070),(593,1071)
"-77"bounds: (617,1049),(645,1048),(646,1071),(618,1072)
"HT"bounds: (822,1055),(838,1054),(838,1065),(822,1066)
"135a.2"bounds: (849,1049),(897,1047),(898,1066),(850,1068)
"E"bounds: (462,1089),(468,1089),(468,1099),(462,1099)
"7-"bounds: (561,1084),(584,1084),(584,1103),(561,1103)
"23"bounds: (593,1089),(612,1089),(612,1103),(593,1103)
"-"bounds: (620,1084),(644,1084),(644,1103),(620,1103)
"HT"bounds: (822,1088),(838,1088),(838,1099),(822,1099)
"113ter.1"bounds: (850,1082),(920,1080),(920,1101),(850,1103)
"1-"bounds: (245,1108),(275,1108),(275,1138),(245,1138)
"l"bounds: (277,1108),(291,1108),(291,1138),(277,1138)
"H"bounds: (301,1111),(322,1111),(322,1134),(301,1134)
"7-"bounds: (561,1118),(585,1118),(585,1136),(561,1136)
"73"bounds: (594,1122),(611,1122),(611,1136),(594,1136)
"-55-73"bounds: (620,1121),(669,1121),(669,1131),(620,1131)
"HT"bounds: (822,1122),(839,1121),(840,1133),(823,1134)
"47a.61"bounds: (848,1116),(895,1114),(896,1133),(849,1135)
"7-"bounds: (564,1152),(594,1152),(594,1170),(564,1170)
"73"bounds: (594,1155),(612,1155),(612,1170),(594,1170)
"-69"bounds: (621,1155),(644,1155),(644,1165),(621,1165)
"HT"bounds: (822,1156),(839,1155),(840,1166),(823,1167)
"135a.21"bounds: (849,1150),(904,1147),(905,1166),(850,1169)
"01-"bounds: (562,1190),(585,1190),(585,1199),(562,1199)
"73"bounds: (597,1189),(610,1189),(610,1199),(597,1199)
"-55"bounds: (620,1189),(644,1189),(644,1199),(620,1199)
"HT"bounds: (822,1189),(839,1188),(840,1200),(823,1201)
"117a.81"bounds: (849,1184),(904,1180),(905,1199),(850,1203)
"08-"bounds: (562,1223),(585,1223),(585,1233),(562,1233)
"73"bounds: (594,1223),(612,1223),(612,1237),(594,1237)
"-01-1O"bounds: (621,1223),(670,1223),(670,1232),(621,1232)
"ZA"bounds: (823,1223),(837,1222),(838,1233),(824,1234)
"10a.33"bounds: (850,1218),(897,1213),(899,1232),(852,1237)
"708-"bounds: (543,1254),(585,1253),(586,1274),(544,1275)
"73"bounds: (594,1257),(612,1256),(612,1271),(594,1272)
"-01-61"bounds: (621,1256),(669,1255),(669,1267),(621,1268)
"PH(?}"bounds: (823,1256),(861,1253),(862,1270),(824,1273)
"31b.5'"bounds: (874,1252),(921,1249),(922,1267),(875,1270)
"08-"bounds: (562,1290),(586,1290),(586,1300),(562,1300)
"73"bounds: (595,1290),(610,1290),(610,1304),(595,1304)
"-59"bounds: (621,1290),(644,1290),(644,1300),(621,1300)
"ZA"bounds: (824,1291),(838,1290),(838,1301),(824,1302)
"10h.4-53"bounds: (850,1283),(915,1280),(916,1301),(851,1304)
"10-"bounds: (563,1324),(585,1324),(585,1334),(563,1334)
"73"bounds: (597,1325),(611,1325),(611,1335),(597,1335)
"-06-41"bounds: (621,1324),(668,1324),(668,1334),(621,1334)
"HT"bounds: (824,1324),(840,1324),(840,1335),(824,1335)
"28h.1-2'"bounds: (851,1316),(913,1316),(913,1335),(851,1335)
"117a.1-2'"bounds: (927,1316),(997,1315),(997,1334),(927,1335)
"16-"bounds: (563,1358),(585,1358),(585,1368),(563,1368)
"73"bounds: (597,1358),(610,1358),(610,1368),(597,1368)
"-47-06-60"bounds: (621,1358),(696,1357),(696,1368),(621,1369)
"KN"bounds: (824,1358),(840,1357),(841,1368),(825,1369)
"Zf"bounds: (849,1358),(864,1357),(865,1368),(850,1369)
"314"bounds: (874,1350),(898,1349),(899,1368),(875,1369)
"724-"bounds: (545,1387),(586,1386),(586,1405),(545,1406)
"73"bounds: (595,1392),(612,1392),(612,1406),(595,1406)
"-06"bounds: (621,1392),(644,1392),(644,1403),(621,1403)
"HT"bounds: (823,1392),(839,1391),(839,1402),(823,1403)
"135a.1"bounds: (850,1386),(898,1384),(899,1404),(851,1406)
"26-"bounds: (563,1425),(586,1426),(586,1437),(563,1436)
"73"bounds: (597,1426),(611,1426),(611,1436),(597,1436)
"-/"bounds: (621,1424),(644,1425),(644,1441),(621,1440)
"ARKH"bounds: (822,1426),(856,1423),(857,1437),(823,1440)
"2.63"bounds: (866,1420),(899,1418),(900,1437),(867,1439)
"14"bounds: (239,1444),(267,1443),(268,1474),(240,1475)
"W"bounds: (277,1441),(307,1440),(308,1472),(278,1473)
"Y"bounds: (313,1440),(319,1440),(320,1477),(314,1477)
"Is"bounds: (321,1446),(338,1446),(339,1470),(322,1471)
"728-"bounds: (545,1461),(585,1460),(585,1478),(545,1479)
"73"bounds: (596,1464),(610,1464),(610,1478),(596,1478)
"-31-60"bounds: (621,1464),(670,1463),(670,1474),(621,1475)
"PT"bounds: (821,1459),(844,1457),(846,1479),(823,1481)
"27a.31"bounds: (849,1457),(896,1453),(897,1474),(851,1478)
"252"bounds: (77,1513),(114,1514),(113,1533),(76,1532)