Texts:

"Кн 31
-[2,60]x [5,00]x 0,90 cm
KH 32
-[2,60] x [4,00]x0,70 cm.
KH 33
- [2,20]x [2,20]x[0,90] cm.
62
"bounds: (71,62),(1076,62),(1076,1523),(71,1523)
"Кн"bounds: (74,62),(137,63),(137,84),(74,83)
"31"bounds: (139,63),(152,63),(152,84),(139,84)
"-[2,60]x"bounds: (826,425),(915,426),(915,455),(826,454)
"[5,00]x"bounds: (922,429),(998,430),(998,454),(922,453)
"0,90"bounds: (1007,435),(1049,436),(1049,452),(1007,451)
"cm"bounds: (1057,439),(1076,439),(1076,448),(1057,448)
"KH"bounds: (71,631),(110,631),(110,647),(71,647)
"32"bounds: (126,630),(150,630),(150,647),(126,647)
"-[2,60]"bounds: (814,937),(886,938),(886,961),(814,960)
"x"bounds: (894,948),(901,948),(901,955),(894,955)
"[4,00]x0,70"bounds: (909,940),(1031,942),(1031,962),(909,960)
"cm."bounds: (1038,948),(1067,949),(1067,959),(1038,958)
"KH"bounds: (72,1124),(110,1124),(110,1141),(72,1141)
"33"bounds: (126,1123),(150,1123),(150,1141),(126,1141)
"-"bounds: (786,1406),(803,1406),(803,1433),(786,1433)
"[2,20]x"bounds: (801,1408),(873,1409),(873,1432),(801,1431)
"[2,20]x[0,90]"bounds: (878,1407),(1025,1409),(1025,1437),(878,1435)
"cm."bounds: (1027,1410),(1059,1410),(1059,1437),(1027,1437)
"62"bounds: (74,1507),(98,1507),(98,1523),(74,1523)