Texts:

"330
INSCRIPTIONS EN LINÉAIRE A
6. PHAISTOS
I. NODULE.
II. SCELLÉS.
III. RONDELLES.
89-90
91-92
93-96
7. ZAKROS..
97-98
GORILA 3 : TABLETTES, NODULES
ET RONDELLES
ÉDITÉS EN 1975 Et 1976
1. ARKHANÈS......
1-19
2. КНANIA
I. TABLETTES.
II. NODULES..
III. RONDELLES.
21-101
103-111
113-146
3. ZAKROS.....
147-209
GORILA 4 : AUTRES DOCUMENTS
I. Za INSCRIPTIONS SUR VASES DE PIERRE
1. APODOULOU.
1-6
2. KNossos.
7-15
3. КОРНINAS.
4. PALAIKASTRO.
5. PRASSA...
17-20
22-44
45-49
6. PSYKHRO.
51-55
7. TROULLOS.
57-59
8. VRYSINAS..
60-61
II. Zb INSCRIPTIONS INCISÉES SUR VASES D'ARGILE
1. HAGHIA TRIADA..
63-69
2. КЁA...
70-73
3. KNossos.
74-83
4. LARANI...
85-87
5. MALLIA.
88-89
"bounds: (257,181),(1051,181),(1051,1339),(257,1339)
"330"bounds: (257,181),(287,181),(287,195),(257,195)
"INSCRIPTIONS"bounds: (523,188),(640,188),(640,198),(523,198)
"EN"bounds: (653,189),(674,189),(674,198),(653,198)
"LINÉAIRE"bounds: (688,185),(768,185),(768,198),(688,198)
"A"bounds: (781,190),(791,190),(791,198),(781,198)
"6."bounds: (271,235),(287,235),(287,252),(271,252)
"PHAISTOS"bounds: (303,235),(399,236),(399,253),(303,252)
"I."bounds: (374,264),(401,264),(401,287),(374,287)
"NODULE."bounds: (403,267),(495,267),(495,284),(403,284)
"II."bounds: (357,295),(396,295),(396,318),(357,318)
"SCELLÉS."bounds: (403,297),(495,298),(495,317),(403,316)
"III."bounds: (347,327),(396,328),(396,350),(347,349)
"RONDELLES."bounds: (402,329),(531,331),(531,348),(402,346)
"89-90"bounds: (986,270),(1042,270),(1042,287),(986,287)
"91-92"bounds: (986,301),(1041,301),(1041,318),(986,318)
"93-96"bounds: (985,331),(1041,331),(1041,348),(985,348)
"7."bounds: (264,361),(307,361),(307,383),(264,383)
"ZAKROS.."bounds: (302,364),(398,364),(398,382),(302,382)
"97-98"bounds: (986,367),(1041,368),(1041,385),(986,384)
"GORILA"bounds: (380,451),(455,452),(455,468),(380,467)
"3"bounds: (473,451),(483,451),(483,468),(473,468)
":"bounds: (501,459),(503,459),(503,468),(501,468)
"TABLETTES,"bounds: (521,452),(642,453),(642,473),(521,472)
"NODULES"bounds: (661,457),(752,458),(752,470),(661,469)
"ET"bounds: (775,456),(798,456),(798,472),(775,472)
"RONDELLES"bounds: (811,459),(926,459),(926,470),(811,470)
"ÉDITÉS"bounds: (518,484),(587,484),(587,499),(518,499)
"EN"bounds: (603,489),(628,489),(628,499),(603,499)
"1975"bounds: (644,483),(690,483),(690,500),(644,500)
"Et"bounds: (705,490),(728,490),(728,500),(705,500)
"1976"bounds: (743,483),(789,483),(789,500),(743,500)
"1."bounds: (257,535),(303,536),(303,556),(257,555)
"ARKHANÈS......"bounds: (300,539),(476,543),(476,559),(300,555)
"1-19"bounds: (997,542),(1039,542),(1039,559),(997,559)
"2."bounds: (269,574),(284,574),(284,591),(269,591)
"КНANIA"bounds: (301,574),(382,574),(382,592),(301,592)
"I."bounds: (368,602),(397,603),(396,624),(367,623)
"TABLETTES."bounds: (400,605),(523,608),(523,625),(400,622)
"II."bounds: (355,632),(393,633),(393,656),(355,655)
"NODULES.."bounds: (400,637),(514,639),(514,655),(400,653)
"III."bounds: (346,665),(390,665),(390,687),(346,687)
"RONDELLES."bounds: (400,667),(528,668),(528,685),(400,684)
"21-101"bounds: (983,608),(1050,610),(1050,627),(983,625)
"103-111"bounds: (972,638),(1050,640),(1050,658),(972,656)
"113-146"bounds: (971,670),(1050,671),(1050,688),(971,687)
"3."bounds: (268,702),(284,702),(284,719),(268,719)
"ZAKROS....."bounds: (300,702),(428,704),(428,721),(300,719)
"147-209"bounds: (972,705),(1051,707),(1051,725),(972,723)
"GORILA"bounds: (478,787),(554,788),(554,805),(478,804)
"4"bounds: (568,787),(579,787),(579,804),(568,804)
":"bounds: (594,795),(596,795),(596,805),(594,805)
"AUTRES"bounds: (612,788),(692,789),(692,805),(612,804)
"DOCUMENTS"bounds: (708,794),(827,796),(827,808),(708,806)
"I."bounds: (288,843),(318,843),(318,860),(288,860)
"Za"bounds: (313,843),(342,843),(342,861),(313,861)
"INSCRIPTIONS"bounds: (360,844),(496,846),(496,863),(360,861)
"SUR"bounds: (512,851),(548,852),(548,863),(512,862)
"VASES"bounds: (563,851),(622,852),(622,862),(563,861)
"DE"bounds: (638,852),(662,852),(662,862),(638,862)
"PIERRE"bounds: (678,851),(749,852),(749,863),(678,862)
"1."bounds: (359,876),(402,878),(401,899),(358,897)
"APODOULOU."bounds: (401,879),(533,884),(532,901),(400,896)
"1-6"bounds: (994,883),(1024,883),(1024,901),(994,901)
"2."bounds: (369,911),(385,911),(385,927),(369,927)
"KNossos."bounds: (401,911),(499,914),(499,929),(401,927)
"7-15"bounds: (994,915),(1036,915),(1036,932),(994,932)
"3."bounds: (365,940),(393,940),(393,961),(365,961)
"КОРНINAS."bounds: (401,941),(512,943),(512,960),(401,958)
"4."bounds: (359,971),(405,972),(405,991),(359,990)
"PALAIKASTRO."bounds: (400,973),(547,977),(547,993),(400,989)
"5."bounds: (357,1001),(403,1003),(402,1022),(356,1020)
"PRASSA..."bounds: (408,1002),(500,1006),(499,1026),(407,1022)
"17-20"bounds: (981,946),(1036,946),(1036,963),(981,963)
"22-44"bounds: (980,976),(1036,977),(1036,995),(980,994)
"45-49"bounds: (980,1008),(1036,1008),(1036,1026),(980,1026)
"6."bounds: (368,1034),(384,1034),(384,1051),(368,1051)
"PSYKHRO."bounds: (400,1035),(503,1037),(503,1054),(400,1052)
"51-55"bounds: (980,1039),(1035,1038),(1035,1056),(980,1057)
"7."bounds: (362,1063),(403,1064),(403,1085),(362,1084)
"TROULLOS."bounds: (399,1066),(511,1068),(511,1085),(399,1083)
"57-59"bounds: (980,1070),(1035,1070),(1035,1087),(980,1087)
"8."bounds: (368,1097),(383,1097),(383,1114),(368,1114)
"VRYSINAS.."bounds: (400,1097),(518,1099),(518,1116),(400,1114)
"60-61"bounds: (980,1101),(1034,1101),(1034,1118),(980,1118)
"II."bounds: (270,1153),(302,1153),(302,1171),(270,1171)
"Zb"bounds: (314,1154),(346,1154),(346,1172),(314,1172)
"INSCRIPTIONS"bounds: (357,1154),(495,1156),(495,1173),(357,1171)
"INCISÉES"bounds: (510,1157),(599,1158),(599,1173),(510,1172)
"SUR"bounds: (615,1162),(650,1162),(650,1173),(615,1173)
"VASES"bounds: (666,1162),(725,1163),(725,1174),(666,1173)
"D'ARGILE"bounds: (741,1159),(833,1160),(833,1175),(741,1174)
"1."bounds: (368,1189),(383,1189),(383,1206),(368,1206)
"HAGHIA"bounds: (400,1189),(480,1190),(480,1208),(400,1207)
"TRIADA.."bounds: (490,1191),(585,1192),(585,1209),(490,1208)
"63-69"bounds: (979,1194),(1034,1195),(1034,1213),(979,1212)
"2."bounds: (368,1221),(383,1221),(383,1238),(368,1238)
"КЁA..."bounds: (400,1221),(474,1221),(474,1239),(400,1239)
"70-73"bounds: (979,1226),(1033,1226),(1033,1244),(979,1244)
"3."bounds: (367,1252),(383,1252),(382,1270),(366,1270)
"KNossos."bounds: (399,1252),(497,1255),(496,1273),(398,1270)
"74-83"bounds: (979,1257),(1034,1259),(1033,1277),(978,1275)
"4."bounds: (356,1280),(403,1282),(402,1303),(355,1301)
"LARANI..."bounds: (400,1283),(505,1287),(504,1304),(399,1300)
"85-87"bounds: (978,1290),(1032,1290),(1032,1307),(978,1307)
"5."bounds: (366,1315),(381,1315),(381,1332),(366,1332)
"MALLIA."bounds: (397,1316),(481,1318),(481,1334),(397,1332)
"88-89"bounds: (977,1321),(1032,1321),(1032,1339),(977,1339)