Texts:

"INSCRIPTIONS EN LINÉAIRE A
Wa 1256
Wa 1257
Wa 1258
HM 475.3
HM 475.4
HM 475.5
Wa 1259
Wa 1260
Wa 1261
HM 486.4
HM 543.1
HM T158.4
Wa 1262
Wa 1263
Wa 1264
HM Ak
HM AL
HM Am
Wa 1265
Wa 1266
HM Bd
HM Be
26
1.
"bounds: (80,67),(1185,67),(1185,1519),(80,1519)
"INSCRIPTIONS"bounds: (518,69),(643,69),(643,80),(518,80)
"EN"bounds: (655,70),(676,70),(676,80),(655,80)
"LINÉAIRE"bounds: (688,67),(772,67),(772,81),(688,81)
"A"bounds: (783,71),(793,71),(793,82),(783,82)
"Wa"bounds: (241,146),(272,146),(272,160),(241,160)
"1256"bounds: (286,145),(327,145),(327,159),(286,159)
"Wa"bounds: (612,148),(643,148),(643,161),(612,161)
"1257"bounds: (658,147),(699,147),(699,162),(658,162)
"Wa"bounds: (973,148),(1003,148),(1003,162),(973,162)
"1258"bounds: (1018,148),(1059,148),(1059,163),(1018,163)
"HM"bounds: (354,345),(382,345),(382,361),(354,361)
"475.3"bounds: (391,346),(443,346),(443,360),(391,360)
"HM"bounds: (717,344),(745,345),(745,359),(717,358)
"475.4"bounds: (755,344),(812,346),(811,362),(755,360)
"HM"bounds: (1081,348),(1107,349),(1106,361),(1080,360)
"475.5"bounds: (1120,349),(1170,351),(1169,364),(1119,362)
"Wa"bounds: (243,413),(274,413),(274,427),(243,427)
"1259"bounds: (288,413),(329,413),(329,427),(288,427)
"Wa"bounds: (612,417),(643,418),(643,432),(612,431)
"1260"bounds: (658,417),(699,418),(699,433),(658,432)
"Wa"bounds: (974,420),(1005,420),(1005,433),(974,433)
"1261"bounds: (1019,418),(1058,418),(1058,434),(1019,434)
"HM"bounds: (342,613),(369,613),(369,627),(342,627)
"486.4"bounds: (387,613),(445,613),(445,627),(387,627)
"HM"bounds: (718,618),(745,618),(745,632),(718,632)
"543.1"bounds: (756,617),(815,618),(815,633),(756,632)
"HM"bounds: (1072,616),(1096,616),(1096,630),(1072,630)
"T158.4"bounds: (1109,616),(1185,617),(1185,631),(1109,630)
"Wa"bounds: (247,682),(277,682),(277,696),(247,696)
"1262"bounds: (292,683),(332,683),(332,697),(292,697)
"Wa"bounds: (613,685),(644,685),(644,699),(613,699)
"1263"bounds: (658,686),(698,686),(698,700),(658,700)
"Wa"bounds: (973,687),(1004,687),(1004,700),(973,700)
"1264"bounds: (1019,687),(1059,687),(1059,701),(1019,701)
"HM"bounds: (369,880),(394,881),(394,894),(369,893)
"Ak"bounds: (414,880),(435,881),(434,895),(413,894)
"HM"bounds: (725,886),(751,886),(751,901),(725,901)
"AL"bounds: (771,884),(795,884),(795,898),(771,898)
"HM"bounds: (1083,885),(1108,886),(1108,900),(1083,899)
"Am"bounds: (1126,885),(1159,886),(1159,900),(1126,899)
"Wa"bounds: (242,956),(273,956),(273,970),(242,970)
"1265"bounds: (287,956),(328,956),(328,970),(287,970)
"Wa"bounds: (612,959),(643,959),(643,973),(612,973)
"1266"bounds: (658,960),(699,961),(699,975),(658,974)
"HM"bounds: (374,1149),(401,1149),(401,1164),(374,1164)
"Bd"bounds: (421,1150),(458,1151),(458,1166),(421,1165)
"HM"bounds: (729,1151),(757,1151),(757,1165),(729,1165)
"Be"bounds: (775,1150),(807,1150),(807,1164),(775,1164)
"26"bounds: (82,1499),(105,1501),(103,1519),(80,1517)
"1."bounds: (1131,817),(1131,868),(1108,868),(1108,817)