Texts:

"ADDENDA ET RACCORDS
9.
I. Sites crétois :
Tab. Wc Za Zb Zg
1. HAGHIA TRIADA.
[HT]
[10]
[KH]
[MA]
[PYR]
[SY]
1.
2. IOUKTAS..
8.
1
3. ΚΠΑΝΙΑ , .
3
3
4. MALLIA..
1
5. PYRGOS.
1
6. SYMI..
3
3.
4
11
21
II. Sites hors de Crète :
1. HAGHIOS STÉPHANOS..
2. MILOS...
[HS]
[MI]
1
1
2
D. LIEUX DE CONSERVATION
Nos 23 nouveaux documents sont répartis entre 6 musées différents :
a) Musée archéologique d'Haghios Nikolaos, Crète
[A. Nik. M.]
MA 10
[А. Pierson М.]
b) Musée Allard Pierson, Amsterdam
HT (Р) Wc 3022
c) Musée archéologique d'Iraklion, Crète
IO Za 2 -3 -4 -5 -6 -7 -8 -9 Zb 10
[HM]
PYR 2
SY Za 1 -2-3
[Khania M.]
d) Musée archéologique de Khania, Crète
KH 88 -90 -91 Wc 2115 -2117 -2118
[Milos M.]
e) Musée archéologique de Milos
MI 2
f) Musée archéologique de Sparte
HS Zg 1
[Sparte M.]
166.
"bounds: (140,189),(951,189),(951,1345),(140,1345)
"ADDENDA"bounds: (444,193),(541,192),(541,204),(444,205)
"ET"bounds: (542,194),(561,194),(561,203),(542,203)
"RACCORDS"bounds: (575,194),(661,193),(661,203),(575,204)
"9."bounds: (942,189),(951,189),(950,204),(941,204)
"I."bounds: (156,243),(178,243),(178,264),(156,264)
"Sites"bounds: (180,245),(225,245),(225,262),(180,262)
"crétois"bounds: (237,245),(298,245),(298,262),(237,262)
":"bounds: (307,252),(311,252),(311,261),(307,261)
"Tab."bounds: (626,282),(671,282),(671,298),(626,298)
"Wc"bounds: (698,281),(734,281),(734,298),(698,298)
"Za"bounds: (761,281),(789,281),(789,298),(761,298)
"Zb"bounds: (817,279),(851,279),(851,302),(817,302)
"Zg"bounds: (873,281),(902,281),(902,301),(873,301)
"1."bounds: (145,312),(198,313),(198,331),(145,330)
"HAGHIA"bounds: (203,313),(264,314),(264,332),(203,331)
"TRIADA."bounds: (281,319),(362,321),(362,333),(281,331)
"[HT]"bounds: (530,313),(579,312),(579,335),(530,336)
"[10]"bounds: (531,345),(572,345),(572,367),(531,367)
"[KH]"bounds: (531,377),(583,377),(583,399),(531,399)
"[MA]"bounds: (531,408),(581,408),(581,430),(531,430)
"[PYR]"bounds: (531,439),(597,438),(597,461),(531,462)
"[SY]"bounds: (531,470),(576,470),(576,492),(531,492)
"1."bounds: (719,313),(727,313),(727,329),(719,329)
"2."bounds: (140,343),(187,343),(187,366),(140,366)
"IOUKTAS.."bounds: (187,346),(292,346),(292,363),(187,363)
"8."bounds: (776,344),(787,344),(787,361),(776,361)
"1"bounds: (833,344),(841,344),(841,361),(833,361)
"3."bounds: (153,378),(168,378),(168,395),(153,395)
"ΚΠΑΝΙΑ"bounds: (187,378),(268,378),(268,394),(187,394)
","bounds: (275,393),(276,393),(276,394),(275,394)
"."bounds: (287,392),(288,392),(288,394),(287,394)
"3"bounds: (650,376),(660,376),(660,393),(650,393)
"3"bounds: (718,376),(728,376),(728,393),(718,393)
"4."bounds: (153,409),(169,409),(169,426),(153,426)
"MALLIA.."bounds: (186,409),(281,409),(281,425),(186,425)
"1"bounds: (651,407),(659,407),(659,423),(651,423)
"5."bounds: (153,440),(169,440),(169,457),(153,457)
"PYRGOS."bounds: (186,440),(273,440),(273,456),(186,456)
"1"bounds: (651,438),(659,438),(659,455),(651,455)
"6."bounds: (154,471),(170,471),(170,488),(154,488)
"SYMI.."bounds: (187,471),(254,471),(254,488),(187,488)
"3"bounds: (777,469),(787,469),(787,486),(777,486)
"3."bounds: (941,469),(950,469),(950,486),(941,486)
"4"bounds: (720,514),(730,514),(730,530),(720,530)
"11"bounds: (767,514),(787,514),(787,530),(767,530)
"21"bounds: (929,513),(950,513),(950,530),(929,530)
"II."bounds: (153,563),(188,563),(188,586),(153,586)
"Sites"bounds: (196,566),(242,566),(242,583),(196,583)
"hors"bounds: (257,566),(297,566),(297,583),(257,583)
"de"bounds: (312,566),(331,566),(331,583),(312,583)
"Crète"bounds: (346,566),(395,566),(395,583),(346,583)
":"bounds: (402,573),(406,573),(406,582),(402,582)
"1."bounds: (144,607),(191,607),(191,628),(144,628)
"HAGHIOS"bounds: (187,610),(278,611),(278,628),(187,627)
"STÉPHANOS.."bounds: (294,612),(425,613),(425,628),(294,627)
"2."bounds: (141,639),(188,639),(188,660),(141,660)
"MILOS..."bounds: (186,641),(278,641),(278,659),(186,659)
"[HS]"bounds: (532,609),(579,609),(579,632),(532,632)
"[MI]"bounds: (532,641),(576,641),(576,663),(532,663)
"1"bounds: (942,609),(950,609),(950,625),(942,625)
"1"bounds: (894,684),(902,684),(902,700),(894,700)
"2"bounds: (942,684),(951,684),(951,700),(942,700)
"D."bounds: (390,788),(438,789),(438,806),(390,805)
"LIEUX"bounds: (435,789),(499,790),(499,806),(435,805)
"DE"bounds: (515,796),(539,796),(539,805),(515,805)
"CONSERVATION"bounds: (555,793),(706,795),(706,807),(555,805)
"Nos"bounds: (205,854),(242,854),(242,870),(205,870)
"23"bounds: (254,854),(276,854),(276,870),(254,870)
"nouveaux"bounds: (288,860),(388,860),(388,870),(288,870)
"documents"bounds: (400,854),(510,853),(510,868),(400,869)
"sont"bounds: (522,857),(564,857),(564,869),(522,869)
"répartis"bounds: (576,853),(654,853),(654,871),(576,871)
"entre"bounds: (667,856),(717,856),(717,869),(667,869)
"6"bounds: (732,852),(741,852),(741,868),(732,868)
"musées"bounds: (756,853),(827,853),(827,868),(756,868)
"différents"bounds: (839,851),(935,851),(935,869),(839,869)
":"bounds: (948,859),(950,859),(950,868),(948,868)
"a)"bounds: (204,892),(220,892),(220,913),(204,913)
"Musée"bounds: (234,891),(298,891),(298,908),(234,908)
"archéologique"bounds: (313,890),(446,889),(446,911),(313,912)
"d'Haghios"bounds: (461,890),(563,890),(563,912),(461,912)
"Nikolaos,"bounds: (578,889),(671,889),(671,910),(578,910)
"Crète"bounds: (687,890),(736,890),(736,906),(687,906)
"[A."bounds: (779,887),(822,887),(822,914),(779,914)
"Nik."bounds: (826,889),(868,889),(868,906),(826,906)
"M.]"bounds: (884,890),(916,890),(916,912),(884,912)
"MA"bounds: (259,921),(297,921),(297,938),(259,938)
"10"bounds: (311,922),(334,922),(334,939),(311,939)
"[А."bounds: (782,958),(810,958),(810,979),(782,979)
"Pierson"bounds: (827,958),(903,958),(903,975),(827,975)
"М.]"bounds: (918,958),(950,958),(950,978),(918,978)
"b)"bounds: (203,960),(221,960),(221,980),(203,980)
"Musée"bounds: (238,960),(301,960),(301,976),(238,976)
"Allard"bounds: (316,959),(380,959),(380,975),(316,975)
"Pierson,"bounds: (394,959),(476,959),(476,979),(394,979)
"Amsterdam"bounds: (492,959),(606,959),(606,975),(492,975)
"HT"bounds: (266,988),(315,988),(315,1011),(266,1011)
"(Р)"bounds: (317,987),(339,987),(339,1010),(317,1010)
"Wc"bounds: (347,989),(382,989),(382,1007),(347,1007)
"3022"bounds: (396,988),(444,988),(444,1007),(396,1007)
"c)"bounds: (200,1023),(227,1023),(227,1050),(200,1050)
"Musée"bounds: (237,1028),(301,1028),(301,1044),(237,1044)
"archéologique"bounds: (311,1027),(444,1027),(444,1049),(311,1049)
"d'Iraklion,"bounds: (455,1027),(563,1027),(563,1047),(455,1047)
"Crète"bounds: (575,1027),(624,1027),(624,1043),(575,1043)
"IO"bounds: (254,1056),(312,1056),(312,1078),(254,1078)
"Za"bounds: (315,1056),(335,1056),(335,1078),(315,1078)
"2"bounds: (344,1058),(355,1058),(355,1075),(344,1075)
"-3"bounds: (369,1058),(389,1058),(389,1075),(369,1075)
"-4"bounds: (403,1057),(423,1057),(423,1074),(403,1074)
"-5"bounds: (437,1057),(457,1057),(457,1075),(437,1075)
"-6"bounds: (471,1057),(491,1057),(491,1075),(471,1075)
"-7"bounds: (505,1057),(525,1057),(525,1075),(505,1075)
"-8"bounds: (539,1057),(559,1057),(559,1075),(539,1075)
"-9"bounds: (573,1057),(593,1057),(593,1075),(573,1075)
"Zb"bounds: (608,1057),(638,1057),(638,1075),(608,1075)
"10"bounds: (652,1056),(675,1056),(675,1075),(652,1075)
"[HM]"bounds: (783,1026),(836,1026),(836,1048),(783,1048)
"PYR"bounds: (261,1088),(311,1088),(311,1105),(261,1105)
"2"bounds: (325,1089),(336,1089),(336,1106),(325,1106)
"SY"bounds: (262,1119),(290,1119),(290,1137),(262,1137)
"Za"bounds: (308,1116),(338,1116),(338,1139),(308,1139)
"1"bounds: (348,1116),(362,1116),(362,1139),(348,1139)
"-2-3"bounds: (371,1119),(425,1119),(425,1136),(371,1136)
"[Khania"bounds: (783,1156),(866,1156),(866,1178),(783,1178)
"M.]"bounds: (881,1156),(914,1156),(914,1178),(881,1178)
"d)"bounds: (204,1158),(222,1158),(222,1180),(204,1180)
"Musée"bounds: (236,1158),(300,1158),(300,1174),(236,1174)
"archéologique"bounds: (311,1157),(444,1157),(444,1179),(311,1179)
"de"bounds: (455,1157),(474,1157),(474,1173),(455,1173)
"Khania,"bounds: (485,1157),(567,1157),(567,1177),(485,1177)
"Crète"bounds: (579,1157),(628,1157),(628,1173),(579,1173)
"KH"bounds: (261,1188),(299,1188),(299,1205),(261,1205)
"88"bounds: (313,1187),(336,1187),(336,1205),(313,1205)
"-90"bounds: (349,1187),(382,1187),(382,1205),(349,1205)
"-91"bounds: (395,1187),(427,1187),(427,1205),(395,1205)
"Wc"bounds: (441,1187),(476,1187),(476,1205),(441,1205)
"2115"bounds: (490,1187),(537,1187),(537,1205),(490,1205)
"-2117"bounds: (552,1187),(608,1187),(608,1204),(552,1204)
"-2118"bounds: (622,1186),(679,1186),(679,1204),(622,1204)
"[Milos"bounds: (786,1224),(846,1224),(846,1247),(786,1247)
"M.]"bounds: (863,1224),(895,1224),(895,1246),(863,1246)
"e)"bounds: (205,1227),(220,1227),(220,1248),(205,1248)
"Musée"bounds: (237,1227),(301,1227),(301,1243),(237,1243)
"archéologique"bounds: (312,1226),(446,1225),(446,1248),(312,1249)
"de"bounds: (457,1225),(476,1225),(476,1242),(457,1242)
"Milos"bounds: (487,1225),(544,1225),(544,1242),(487,1242)
"MI"bounds: (261,1255),(292,1256),(291,1274),(260,1273)
"2"bounds: (305,1256),(317,1256),(316,1274),(304,1274)
"f)"bounds: (198,1289),(222,1289),(222,1316),(198,1316)
"Musée"bounds: (237,1294),(301,1294),(301,1310),(237,1310)
"archéologique"bounds: (312,1293),(447,1294),(447,1316),(312,1315)
"de"bounds: (457,1293),(476,1293),(476,1310),(457,1310)
"Sparte"bounds: (488,1293),(551,1293),(551,1315),(488,1315)
"HS"bounds: (261,1324),(294,1324),(294,1342),(261,1342)
"Zg"bounds: (309,1324),(337,1324),(337,1345),(309,1345)
"1"bounds: (351,1324),(361,1324),(361,1341),(351,1341)
"[Sparte"bounds: (788,1292),(863,1292),(863,1315),(788,1315)
"M.]"bounds: (878,1292),(910,1292),(910,1314),(878,1314)
"166."bounds: (952,313),(950,409),(939,409),(941,313)