Texts:

"XLII
INSCRIPTIONS EN LINÉAIRE A
АВ 82
ZA 4a.7
KH Wa 1003
AB 85
IO Za 3 HT118.1 HT38.2 PH 31a.3 KOzf2 KH 6.7
AB 86
KH Wa 1014 HT 45 a.2 HT2Fa.2 HT 94b.5(HT86.5)(KH Wc 2062
AB 87
HT 126 6.2
A 100/102
TY 2.3 HT7 . 1 HT68.4 HT27..1 HT 27a.6 HT85..1 (KH 19.4)
HT102.3 KH WE Ro04(KH7 .4)(HT1276.5) HT11 a.4 (HT893)
(KH Wc 2029)
"bounds: (175,80),(1138,80),(1138,1409),(175,1409)
"XLII"bounds: (249,85),(283,85),(283,95),(249,95)
"INSCRIPTIONS"bounds: (515,84),(631,83),(631,94),(515,95)
"EN"bounds: (645,86),(666,86),(666,95),(645,95)
"LINÉAIRE"bounds: (680,81),(760,80),(760,95),(680,96)
"A"bounds: (774,87),(782,87),(782,95),(774,95)
"АВ"bounds: (488,198),(580,204),(578,238),(486,232)
"82"bounds: (582,204),(603,205),(601,239),(580,238)
"ZA"bounds: (233,313),(292,313),(292,348),(233,348)
"4a.7"bounds: (292,317),(362,318),(362,347),(292,346)
"KH"bounds: (401,323),(438,324),(437,347),(400,346)
"Wa"bounds: (447,320),(484,321),(483,346),(446,345)
"1003"bounds: (494,323),(557,324),(556,346),(493,345)
"AB"bounds: (486,407),(540,408),(540,435),(486,434)
"85"bounds: (556,408),(597,409),(597,435),(556,434)
"IO"bounds: (224,523),(298,524),(298,556),(224,555)
"Za"bounds: (300,524),(319,524),(319,555),(300,555)
"3"bounds: (327,524),(346,524),(346,555),(327,555)
"HT118.1"bounds: (372,528),(502,529),(502,552),(372,551)
"HT38.2"bounds: (534,528),(658,529),(658,554),(534,553)
"PH"bounds: (700,527),(735,527),(735,558),(700,558)
"31a.3"bounds: (748,527),(847,528),(847,560),(748,559)
"KOzf2"bounds: (858,528),(966,529),(966,561),(858,560)
"KH"bounds: (1004,533),(1047,533),(1047,554),(1004,554)
"6.7"bounds: (1063,531),(1111,531),(1111,561),(1063,561)
"AB"bounds: (486,611),(535,612),(534,639),(485,638)
"86"bounds: (549,615),(585,616),(584,640),(548,639)
"KH"bounds: (219,760),(260,760),(260,783),(219,783)
"Wa"bounds: (270,757),(309,757),(309,782),(270,782)
"1014"bounds: (318,764),(380,764),(380,785),(318,785)
"HT"bounds: (411,763),(451,763),(451,783),(411,783)
"45"bounds: (460,755),(494,755),(494,791),(460,791)
"a.2"bounds: (497,755),(550,755),(550,791),(497,791)
"HT2Fa.2"bounds: (570,762),(694,763),(694,786),(570,785)
"HT"bounds: (712,756),(759,756),(759,792),(712,792)
"94b.5(HT86.5)(KH"bounds: (762,756),(1025,757),(1025,794),(762,793)
"Wc"bounds: (1033,758),(1074,758),(1074,794),(1033,794)
"2062"bounds: (1076,758),(1136,758),(1136,794),(1076,794)
"AB"bounds: (484,844),(534,845),(533,869),(483,868)
"87"bounds: (550,845),(588,846),(587,870),(549,869)
"HT"bounds: (221,962),(265,962),(265,988),(221,988)
"126"bounds: (277,963),(330,963),(330,986),(277,986)
"6.2"bounds: (342,964),(388,964),(388,989),(342,989)
"A"bounds: (496,1044),(521,1045),(520,1074),(495,1073)
"100/102"bounds: (543,1048),(691,1052),(690,1081),(542,1077)
"TY"bounds: (213,1171),(252,1171),(252,1197),(213,1197)
"2.3"bounds: (266,1172),(301,1172),(301,1201),(266,1201)
"HT7"bounds: (323,1169),(391,1169),(391,1201),(323,1201)
"."bounds: (406,1189),(408,1189),(408,1192),(406,1192)
"1"bounds: (417,1178),(428,1178),(428,1194),(417,1194)
"HT68.4"bounds: (452,1172),(553,1172),(553,1193),(452,1193)
"HT27..1"bounds: (575,1175),(703,1175),(703,1201),(575,1201)
"HT"bounds: (722,1176),(762,1176),(762,1193),(722,1193)
"27a.6"bounds: (771,1174),(849,1174),(849,1196),(771,1196)
"HT85..1"bounds: (870,1173),(996,1173),(996,1194),(870,1194)
"(KH"bounds: (1012,1173),(1060,1173),(1060,1199),(1012,1199)
"19.4)"bounds: (1067,1169),(1126,1169),(1126,1201),(1067,1201)
"HT102.3"bounds: (379,1352),(483,1352),(483,1373),(379,1373)
"KH"bounds: (501,1353),(532,1353),(532,1373),(501,1373)
"WE"bounds: (542,1341),(581,1341),(581,1381),(542,1381)
"Ro04(KH7"bounds: (583,1341),(707,1341),(707,1381),(583,1381)
".4)(HT1276.5)"bounds: (723,1341),(903,1342),(903,1383),(723,1382)
"HT11"bounds: (914,1352),(974,1352),(974,1373),(914,1373)
"a.4"bounds: (983,1353),(1023,1353),(1023,1373),(983,1373)
"(HT893)"bounds: (1044,1343),(1138,1343),(1138,1384),(1044,1384)
"(KH"bounds: (175,1410),(175,1373),(205,1373),(205,1410)
"Wc"bounds: (183,1361),(183,1332),(200,1332),(200,1361)
"2029)"bounds: (175,1316),(175,1245),(206,1245),(206,1316)