Texts:

"XLI
INTRODUCTION
CONCORDANCE 2 : GORILA Numéros d'inventaire des musées
A) FLORENCE
Type Levi
1926
No
Genre
Face
No d'édition
GORILA
d'inventaire
Firenze 1
94757
HT Wa 1125
79
am.
HT Wa 1086
HT Wa 1557
HT Wa 1558
Firenze 2
94758
79
am.
Firenze 3
94759
19
b.d.f.
19
b.d.f.
94760
94761
Firenze 4
Firenze 5
HT Wa 1323
125
b.d.f.
Firenze 6
94762
HT Wa 1471
125
b.d.f.
Firenze 7
94763
HT Wa 1094
105
b.d.f.
43
HT Wa 1279
HT Wa 1322
руг.
b.d.f.
Firenze 8
94764
Firenze 9
94765
147
В) ROME
Туре Levi
1926
No
Genre
Face
No d'édition
GORILA
d'inventaire
79
HT Wa 1407
HT Wa 1559
HT Wa 1301
am.
Pigorini 1
Pigorini 2
Pigorini 3
Pigorini 4
Pigorini 5
Pigorini 6
Pigorini 7
Pigorini 8
Pigorini 9
Pigorini 10
Pigorini 11
Pigorini 12
Pigorini 13
Pigorini 14
Pigorini 15
Pigorini 16
Pigorini 17
Pigorini 18
Pigorini 19
Pigorini 20
Pigorini 21
Pigorini 22
Pigorini 23
19
b.d.f.
99
руг.
b.d.f.
HT Wa 1283
HT Wa 1014
71953
13
125
b.d.f.
HT Wa 1593
105
b.d.f.
HT Wa 1759
99
b.d.f.
HT Wa 1623
38
b.d.f.
95
b.d.f.
HT Wa 1512
HT Wa 1408
79
am.
b.d.f.
HT Wa 1294
HT Wa 1830
HT Wa 1472
HT Wa 1779
HT Wa 1744
HT Wa 1176
125
140
b.d.f.
125
b.d.f.
45
b.d.f.
125
b.d.f.
125
b.d.f.
HT Wa 1547
116
cône
HT Wa 1560
19
b.d.f.
HT Wa 1150
125
b.d.f.
cône
HT Wa 1108
HT Wa 1561
34
19
b.d.f.
71951
HT Wa 1542
79
am.
HT Wa 1110
6
b.d.f.
৪ ৪
"bounds: (171,199),(965,199),(965,1411),(171,1411)
"XLI"bounds: (937,199),(965,199),(965,208),(937,208)
"INTRODUCTION"bounds: (503,204),(629,203),(629,213),(503,214)
"CONCORDANCE"bounds: (230,283),(379,281),(379,299),(230,301)
"2"bounds: (395,282),(404,282),(404,298),(395,298)
":"bounds: (420,280),(429,280),(429,302),(420,302)
"GORILA"bounds: (440,281),(530,280),(530,301),(440,302)
"Numéros"bounds: (542,280),(634,279),(634,295),(542,296)
"d'inventaire"bounds: (650,278),(775,276),(775,294),(650,296)
"des"bounds: (791,276),(821,276),(821,293),(791,293)
"musées"bounds: (837,276),(909,275),(909,292),(837,293)
"A)"bounds: (171,334),(192,333),(193,356),(172,357)
"FLORENCE"bounds: (209,333),(315,329),(316,349),(210,353)
"Type"bounds: (641,392),(678,390),(679,406),(642,408)
"Levi"bounds: (690,391),(721,389),(722,400),(691,402)
"1926"bounds: (667,411),(699,410),(699,422),(667,423)
"No"bounds: (390,396),(409,395),(409,405),(390,406)
"Genre"bounds: (774,399),(816,399),(816,410),(774,410)
"Face"bounds: (892,397),(926,396),(926,407),(892,408)
"No"bounds: (201,405),(241,404),(241,420),(201,421)
"d'édition"bounds: (239,406),(305,405),(305,417),(239,418)
"GORILA"bounds: (515,403),(569,404),(569,415),(515,414)
"d'inventaire"bounds: (355,415),(445,415),(445,427),(355,427)
"Firenze"bounds: (218,471),(282,471),(282,484),(218,484)
"1"bounds: (293,471),(298,471),(298,483),(293,483)
"94757"bounds: (376,468),(426,467),(426,482),(376,483)
"HT"bounds: (487,468),(514,467),(514,480),(487,481)
"Wa"bounds: (523,467),(552,466),(552,480),(523,481)
"1125"bounds: (561,466),(600,465),(600,480),(561,481)
"79"bounds: (680,465),(699,465),(699,478),(680,478)
"am."bounds: (781,468),(811,468),(811,477),(781,477)
"HT"bounds: (487,492),(515,492),(515,506),(487,506)
"Wa"bounds: (523,491),(553,490),(553,504),(523,505)
"1086"bounds: (562,490),(601,489),(601,504),(562,505)
"HT"bounds: (488,516),(515,516),(515,530),(488,530)
"Wa"bounds: (524,515),(553,515),(553,529),(524,529)
"1557"bounds: (562,514),(602,514),(602,529),(562,529)
"HT"bounds: (488,540),(516,540),(516,554),(488,554)
"Wa"bounds: (525,539),(554,539),(554,554),(525,554)
"1558"bounds: (563,538),(602,537),(602,553),(563,554)
"Firenze"bounds: (218,495),(282,495),(282,508),(218,508)
"2"bounds: (292,495),(300,495),(300,508),(292,508)
"94758"bounds: (377,493),(427,493),(427,507),(377,507)
"79"bounds: (681,489),(699,489),(699,502),(681,502)
"am."bounds: (781,491),(811,491),(811,501),(781,501)
"Firenze"bounds: (219,519),(283,519),(283,533),(219,533)
"3"bounds: (292,519),(300,519),(300,532),(292,532)
"94759"bounds: (377,517),(427,517),(427,531),(377,531)
"19"bounds: (683,513),(700,513),(700,526),(683,526)
"b.d.f."bounds: (775,511),(818,510),(818,524),(775,525)
"19"bounds: (684,537),(700,537),(700,551),(684,551)
"b.d.f."bounds: (775,535),(819,536),(819,550),(775,549)
"94760"bounds: (378,541),(428,540),(428,555),(378,556)
"94761"bounds: (378,565),(426,564),(426,579),(378,580)
"Firenze"bounds: (219,543),(283,543),(283,557),(219,557)
"4"bounds: (293,542),(300,542),(300,556),(293,556)
"Firenze"bounds: (220,568),(284,568),(284,582),(220,582)
"5"bounds: (293,568),(301,568),(301,582),(293,582)
"HT"bounds: (488,565),(516,564),(516,578),(488,579)
"Wa"bounds: (525,564),(554,563),(554,578),(525,579)
"1323"bounds: (563,563),(603,562),(603,578),(563,579)
"125"bounds: (673,562),(700,562),(700,576),(673,576)
"b.d.f."bounds: (775,560),(819,558),(820,573),(776,575)
"Firenze"bounds: (220,592),(284,592),(284,606),(220,606)
"6"bounds: (293,592),(302,592),(302,605),(293,605)
"94762"bounds: (379,590),(429,590),(429,604),(379,604)
"HT"bounds: (489,589),(516,589),(516,602),(489,603)
"Wa"bounds: (525,588),(555,587),(555,601),(525,602)
"1471"bounds: (564,587),(603,586),(603,601),(564,602)
"125"bounds: (673,586),(701,585),(701,599),(673,600)
"b.d.f."bounds: (776,584),(819,583),(819,597),(776,598)
"Firenze"bounds: (221,617),(284,616),(284,629),(221,630)
"7"bounds: (294,616),(302,616),(302,629),(294,629)
"94763"bounds: (379,614),(429,612),(430,627),(380,629)
"HT"bounds: (490,613),(517,613),(517,627),(490,627)
"Wa"bounds: (525,612),(555,612),(555,626),(525,626)
"1094"bounds: (564,611),(604,610),(604,625),(564,626)
"105"bounds: (674,611),(701,611),(701,623),(674,623)
"b.d.f."bounds: (776,609),(820,609),(820,622),(776,622)
"43"bounds: (683,634),(701,634),(701,647),(683,647)
"HT"bounds: (490,637),(517,636),(517,650),(490,651)
"Wa"bounds: (526,636),(556,635),(556,650),(526,651)
"1279"bounds: (564,636),(604,635),(604,650),(564,651)
"HT"bounds: (490,662),(518,662),(518,675),(490,675)
"Wa"bounds: (526,660),(556,660),(556,675),(526,675)
"1322"bounds: (565,660),(604,659),(604,674),(565,675)
"руг."bounds: (782,636),(816,637),(815,652),(782,651)
"b.d.f."bounds: (778,657),(820,657),(820,671),(778,671)
"Firenze"bounds: (221,641),(285,640),(285,654),(221,655)
"8"bounds: (294,640),(302,640),(302,654),(294,654)
"94764"bounds: (379,639),(429,637),(429,651),(379,653)
"Firenze"bounds: (221,665),(285,665),(285,679),(221,679)
"9"bounds: (294,665),(303,665),(303,678),(294,678)
"94765"bounds: (380,663),(430,662),(430,676),(380,677)
"147"bounds: (674,659),(701,659),(701,672),(674,672)
"В)"bounds: (175,726),(197,725),(198,747),(176,748)
"ROME"bounds: (215,726),(273,724),(274,741),(216,743)
"Туре"bounds: (650,780),(686,778),(687,794),(651,796)
"Levi"bounds: (698,780),(729,778),(730,790),(699,792)
"1926"bounds: (675,800),(706,798),(707,810),(676,812)
"No"bounds: (398,785),(417,785),(417,795),(398,795)
"Genre"bounds: (782,787),(824,788),(824,799),(782,798)
"Face"bounds: (900,785),(934,784),(934,795),(900,796)
"No"bounds: (211,793),(248,793),(248,808),(211,808)
"d'édition"bounds: (253,792),(312,792),(312,808),(253,808)
"GORILA"bounds: (523,792),(577,792),(577,802),(523,802)
"d'inventaire"bounds: (363,804),(453,803),(453,815),(363,816)
"79"bounds: (688,851),(706,851),(706,864),(688,864)
"HT"bounds: (494,853),(521,853),(521,867),(494,867)
"Wa"bounds: (530,853),(560,853),(560,868),(530,868)
"1407"bounds: (569,852),(608,852),(608,866),(569,866)
"HT"bounds: (495,877),(522,876),(522,891),(495,892)
"Wa"bounds: (531,877),(560,876),(560,891),(531,892)
"1559"bounds: (569,876),(608,875),(608,891),(569,892)
"HT"bounds: (496,902),(523,902),(523,916),(496,916)
"Wa"bounds: (531,902),(561,902),(561,916),(531,916)
"1301"bounds: (570,900),(609,900),(609,915),(570,915)
"am."bounds: (800,854),(819,854),(819,863),(800,863)
"Pigorini"bounds: (217,858),(286,856),(286,874),(217,876)
"1"bounds: (297,857),(302,857),(302,870),(297,870)
"Pigorini"bounds: (218,881),(286,879),(286,899),(218,901)
"2"bounds: (296,881),(304,881),(304,895),(296,895)
"Pigorini"bounds: (218,905),(287,904),(287,924),(218,925)
"3"bounds: (296,905),(305,905),(305,919),(296,919)
"Pigorini"bounds: (219,931),(288,929),(288,946),(219,948)
"4"bounds: (296,930),(305,930),(305,943),(296,943)
"Pigorini"bounds: (220,954),(288,953),(288,973),(220,974)
"5"bounds: (297,954),(306,954),(306,968),(297,968)
"Pigorini"bounds: (220,979),(288,977),(289,996),(221,998)
"6"bounds: (297,980),(305,980),(305,992),(297,992)
"Pigorini"bounds: (220,1004),(289,1003),(289,1020),(220,1021)
"7"bounds: (299,1003),(306,1003),(306,1017),(299,1017)
"Pigorini"bounds: (221,1027),(289,1026),(289,1046),(221,1047)
"8"bounds: (298,1027),(307,1027),(307,1041),(298,1041)
"Pigorini"bounds: (221,1051),(290,1050),(290,1070),(221,1071)
"9"bounds: (299,1051),(307,1051),(307,1065),(299,1065)
"Pigorini"bounds: (221,1076),(290,1074),(290,1091),(221,1093)
"10"bounds: (301,1076),(318,1076),(318,1089),(301,1089)
"Pigorini"bounds: (222,1101),(290,1100),(290,1118),(222,1119)
"11"bounds: (301,1100),(316,1100),(316,1114),(301,1114)
"Pigorini"bounds: (222,1125),(290,1123),(291,1142),(223,1144)
"12"bounds: (302,1124),(319,1123),(319,1137),(302,1138)
"Pigorini"bounds: (223,1150),(292,1149),(292,1167),(223,1168)
"13"bounds: (302,1148),(319,1148),(319,1161),(302,1161)
"Pigorini"bounds: (223,1174),(292,1171),(293,1190),(224,1193)
"14"bounds: (303,1172),(320,1171),(321,1185),(304,1186)
"Pigorini"bounds: (224,1198),(293,1196),(293,1214),(224,1216)
"15"bounds: (304,1197),(320,1197),(320,1211),(304,1211)
"Pigorini"bounds: (224,1221),(293,1219),(294,1239),(225,1241)
"16"bounds: (304,1221),(321,1221),(321,1235),(304,1235)
"Pigorini"bounds: (225,1246),(293,1244),(293,1262),(225,1264)
"17"bounds: (305,1246),(321,1246),(321,1259),(305,1259)
"Pigorini"bounds: (226,1270),(294,1268),(295,1286),(227,1289)
"18"bounds: (305,1269),(322,1268),(323,1282),(306,1283)
"Pigorini"bounds: (225,1294),(294,1291),(295,1311),(226,1314)
"19"bounds: (305,1294),(322,1293),(323,1306),(306,1307)
"Pigorini"bounds: (226,1320),(294,1317),(295,1335),(227,1338)
"20"bounds: (304,1318),(323,1317),(324,1331),(305,1332)
"Pigorini"bounds: (226,1343),(295,1341),(295,1358),(227,1360)
"21"bounds: (304,1342),(321,1341),(321,1354),(304,1355)
"Pigorini"bounds: (227,1367),(295,1365),(295,1383),(228,1385)
"22"bounds: (304,1366),(324,1365),(324,1380),(304,1381)
"Pigorini"bounds: (227,1392),(296,1390),(297,1409),(228,1411)
"23"bounds: (305,1390),(324,1389),(324,1403),(305,1404)
"19"bounds: (690,875),(706,875),(706,888),(690,888)
"b.d.f."bounds: (783,873),(827,873),(827,887),(783,887)
"99"bounds: (688,899),(707,899),(707,913),(688,913)
"руг."bounds: (788,902),(822,901),(822,915),(788,916)
"b.d.f."bounds: (784,922),(828,922),(828,936),(784,936)
"HT"bounds: (496,926),(523,925),(523,940),(496,941)
"Wa"bounds: (532,926),(562,925),(562,939),(532,940)
"1283"bounds: (570,925),(610,924),(610,939),(570,940)
"HT"bounds: (497,951),(524,951),(524,965),(497,965)
"Wa"bounds: (533,950),(562,950),(562,964),(533,964)
"1014"bounds: (571,949),(611,948),(611,963),(571,964)
"71953"bounds: (386,928),(435,927),(435,941),(386,942)
"13"bounds: (690,924),(707,924),(707,937),(690,937)
"125"bounds: (681,948),(708,948),(708,962),(681,962)
"b.d.f."bounds: (784,946),(828,946),(828,960),(784,960)
"HT"bounds: (497,976),(524,976),(524,989),(497,989)
"Wa"bounds: (533,974),(563,974),(563,989),(533,989)
"1593"bounds: (571,974),(611,973),(611,988),(571,989)
"105"bounds: (681,973),(708,973),(708,986),(681,986)
"b.d.f."bounds: (785,970),(829,970),(829,984),(785,984)
"HT"bounds: (498,1000),(525,1000),(525,1013),(498,1013)
"Wa"bounds: (537,996),(563,996),(563,1015),(537,1015)
"1759"bounds: (572,998),(611,998),(611,1012),(572,1012)
"99"bounds: (690,997),(709,997),(709,1010),(690,1010)
"b.d.f."bounds: (786,995),(829,995),(829,1008),(786,1008)
"HT"bounds: (498,1024),(525,1023),(525,1037),(498,1038)
"Wa"bounds: (534,1023),(563,1022),(563,1036),(534,1037)
"1623"bounds: (572,1022),(612,1021),(612,1036),(572,1037)
"38"bounds: (691,1021),(709,1021),(709,1034),(691,1034)
"b.d.f."bounds: (786,1019),(829,1019),(829,1033),(786,1033)
"95"bounds: (691,1045),(710,1045),(710,1058),(691,1058)
"b.d.f."bounds: (786,1043),(830,1043),(830,1057),(786,1057)
"HT"bounds: (498,1048),(526,1047),(526,1061),(498,1062)
"Wa"bounds: (534,1047),(564,1046),(564,1061),(534,1062)
"1512"bounds: (573,1047),(612,1046),(612,1061),(573,1062)
"HT"bounds: (499,1072),(526,1072),(526,1086),(499,1086)
"Wa"bounds: (535,1072),(565,1072),(565,1087),(535,1087)
"1408"bounds: (573,1071),(613,1071),(613,1085),(573,1085)
"79"bounds: (692,1069),(710,1069),(710,1083),(692,1083)
"am."bounds: (794,1073),(823,1073),(823,1081),(794,1081)
"b.d.f."bounds: (788,1092),(830,1091),(830,1105),(788,1106)
"HT"bounds: (499,1097),(527,1096),(527,1110),(499,1111)
"Wa"bounds: (535,1096),(565,1095),(565,1110),(535,1111)
"1294"bounds: (573,1095),(613,1094),(613,1109),(573,1110)
"HT"bounds: (500,1121),(527,1120),(527,1134),(500,1135)
"Wa"bounds: (536,1120),(565,1119),(565,1134),(536,1135)
"1830"bounds: (574,1119),(614,1118),(614,1134),(574,1135)
"HT"bounds: (501,1145),(528,1144),(528,1158),(501,1159)
"Wa"bounds: (536,1145),(566,1144),(566,1158),(536,1159)
"1472"bounds: (575,1144),(614,1143),(614,1158),(575,1159)
"HT"bounds: (501,1169),(528,1168),(528,1182),(501,1183)
"Wa"bounds: (537,1169),(566,1168),(566,1182),(537,1183)
"1779"bounds: (575,1168),(615,1167),(615,1182),(575,1183)
"HT"bounds: (501,1193),(529,1192),(529,1207),(501,1208)
"Wa"bounds: (537,1193),(567,1192),(567,1207),(537,1208)
"1744"bounds: (576,1192),(615,1191),(615,1205),(576,1206)
"HT"bounds: (502,1217),(529,1216),(529,1231),(502,1232)
"Wa"bounds: (538,1217),(567,1216),(567,1231),(538,1232)
"1176"bounds: (576,1216),(616,1215),(616,1231),(576,1232)
"125"bounds: (683,1094),(711,1093),(711,1107),(683,1108)
"140"bounds: (684,1118),(711,1118),(711,1131),(684,1131)
"b.d.f."bounds: (788,1117),(831,1116),(831,1129),(788,1130)
"125"bounds: (685,1142),(712,1141),(712,1155),(685,1156)
"b.d.f."bounds: (788,1140),(832,1141),(832,1155),(788,1154)
"45"bounds: (694,1166),(712,1166),(712,1180),(694,1180)
"b.d.f."bounds: (788,1164),(832,1163),(832,1178),(788,1179)
"125"bounds: (686,1191),(712,1190),(712,1204),(686,1205)
"b.d.f."bounds: (789,1189),(832,1188),(832,1202),(789,1203)
"125"bounds: (686,1214),(713,1213),(713,1228),(686,1229)
"b.d.f."bounds: (790,1213),(833,1213),(833,1226),(790,1226)
"HT"bounds: (502,1242),(530,1241),(530,1255),(502,1256)
"Wa"bounds: (538,1241),(568,1240),(568,1255),(538,1256)
"1547"bounds: (577,1241),(616,1240),(616,1254),(577,1255)
"116"bounds: (687,1240),(714,1239),(714,1252),(687,1253)
"cône"bounds: (792,1238),(830,1237),(830,1250),(792,1251)
"HT"bounds: (503,1267),(530,1266),(530,1279),(503,1280)
"Wa"bounds: (539,1266),(568,1265),(568,1279),(539,1280)
"1560"bounds: (577,1265),(617,1264),(617,1279),(577,1280)
"19"bounds: (698,1263),(714,1263),(714,1277),(698,1277)
"b.d.f."bounds: (790,1262),(835,1260),(836,1274),(791,1276)
"HT"bounds: (503,1291),(530,1291),(530,1304),(503,1304)
"Wa"bounds: (539,1290),(569,1290),(569,1304),(539,1304)
"1150"bounds: (578,1289),(617,1289),(617,1303),(578,1303)
"125"bounds: (687,1288),(715,1288),(715,1301),(687,1301)
"b.d.f."bounds: (791,1286),(834,1284),(835,1299),(792,1301)
"cône"bounds: (793,1310),(831,1310),(831,1324),(793,1324)
"HT"bounds: (504,1315),(531,1314),(531,1328),(504,1329)
"Wa"bounds: (540,1314),(569,1313),(569,1328),(540,1329)
"1108"bounds: (578,1313),(618,1312),(618,1328),(578,1329)
"HT"bounds: (504,1339),(531,1339),(531,1353),(504,1353)
"Wa"bounds: (540,1339),(570,1339),(570,1353),(540,1353)
"1561"bounds: (578,1337),(617,1337),(617,1352),(578,1352)
"34"bounds: (697,1312),(715,1312),(715,1325),(697,1325)
"19"bounds: (699,1336),(715,1336),(715,1349),(699,1349)
"b.d.f."bounds: (792,1333),(836,1334),(836,1349),(792,1348)
"71951"bounds: (394,1364),(440,1365),(440,1380),(394,1379)
"HT"bounds: (505,1363),(532,1363),(532,1377),(505,1377)
"Wa"bounds: (540,1363),(570,1363),(570,1377),(540,1377)
"1542"bounds: (579,1362),(618,1362),(618,1376),(579,1376)
"79"bounds: (697,1360),(716,1360),(716,1374),(697,1374)
"am."bounds: (799,1364),(829,1364),(829,1372),(799,1372)
"HT"bounds: (505,1388),(532,1388),(532,1401),(505,1401)
"Wa"bounds: (541,1387),(570,1387),(570,1401),(541,1401)
"1110"bounds: (579,1386),(618,1386),(618,1400),(579,1400)
"6"bounds: (708,1385),(716,1385),(716,1398),(708,1398)
"b.d.f."bounds: (793,1383),(836,1383),(836,1397),(793,1397)
"৪"bounds: (922,852),(922,861),(913,861),(913,852)
"৪"bounds: (928,922),(928,935),(912,935),(912,922)