Texts:

"HT 72
HM - -[2,00] x [1,80] x 0,7ocm.
HT 74
子大
HM- -Cd,60] x [ 4,90]x Co.5olem.
HT 75
HM- -[2.50]x[1,90]x 0,70 cm .
124
"bounds: (62,60),(1036,60),(1036,1516),(62,1516)
"HT"bounds: (66,60),(101,60),(101,77),(66,77)
"72"bounds: (113,60),(138,60),(138,77),(113,77)
"HM"bounds: (744,322),(768,322),(768,335),(744,335)
"-"bounds: (778,326),(786,326),(786,327),(778,327)
"-[2,00]"bounds: (795,320),(853,320),(853,336),(795,336)
"x"bounds: (860,326),(865,326),(865,333),(860,333)
"[1,80]"bounds: (873,319),(924,319),(924,334),(873,334)
"x"bounds: (931,326),(935,326),(935,332),(931,332)
"0,7ocm."bounds: (946,322),(1004,322),(1004,334),(946,334)
"HT"bounds: (63,594),(98,594),(98,610),(63,610)
"74"bounds: (109,594),(134,594),(134,611),(109,611)
"子"bounds: (844,755),(885,753),(887,809),(846,811)
"大"bounds: (887,753),(914,752),(916,817),(889,818)
"HM-"bounds: (756,859),(801,859),(801,874),(756,874)
"-Cd,60]"bounds: (814,856),(877,856),(877,878),(814,878)
"x"bounds: (879,856),(885,856),(885,878),(879,878)
"["bounds: (899,856),(911,856),(911,878),(899,878)
"4,90]x"bounds: (913,856),(961,856),(961,878),(913,878)
"Co.5olem."bounds: (968,859),(1036,859),(1036,875),(968,875)
"HT"bounds: (62,1123),(97,1123),(97,1139),(62,1139)
"75"bounds: (108,1123),(131,1123),(131,1139),(108,1139)
"HM-"bounds: (751,1386),(794,1387),(794,1400),(751,1399)
"-[2.50]x[1,90]x"bounds: (804,1383),(942,1385),(942,1403),(804,1401)
"0,70"bounds: (953,1390),(983,1390),(983,1402),(953,1402)
"cm"bounds: (988,1385),(1006,1385),(1006,1404),(988,1404)
"."bounds: (1008,1385),(1013,1385),(1013,1404),(1008,1404)
"124"bounds: (62,1499),(96,1499),(96,1516),(62,1516)