Texts:

"87
A LA_7
87
HT 126b.2,31
100/102
in PH 8a.21
in PH 12a
HT 7a.1' 256.3.3' 26b.1' 27a.1.6' 58.1'
62[*+ _73.5' 66.1' 68.1 *70.4 84.2'
85a.1' 93a.91 94a.1 102.3' 105.2.3'
108.1' 119.1' 122b.1' (?) Wc 30225
PHAISTOS
100/102
A 47
100/102
KH 25.1.2 26.13
TY 2.31
KI: Mc 20043 2117a
HT 11a.4 93a.5'
100/102/
100/102 -28
以文目
平-C
100/102 -352-57
KH Wc 21003
41- 100/102 -
HT 72.1
E
A 567
100/102 +7
KH 8.33
H
HT 28a.4 88.1 97a.1' 100.1
KH Wc 20293 2030 20313 20323 21063
A 568
100/102 +77
A 569
100/102 +307
KH 9.13 14.33
A 570
100/102 +313a
HT 89.3' 100.21
A 571
100/102 +313b
HT 94a.2'
KH 7a.3.4.5
A 572
100/102 +313c
HT 127b.5'
A 635
J'306'!100/102 +307'
КН 19.13
272
"bounds: (67,323),(1160,323),(1160,1530),(67,1530)
"87"bounds: (689,323),(727,324),(726,354),(688,353)
"A"bounds: (466,436),(473,436),(473,446),(466,446)
"LA_7"bounds: (484,433),(523,433),(523,452),(484,452)
"87"bounds: (649,437),(667,437),(667,452),(649,452)
"HT"bounds: (826,438),(842,437),(842,448),(826,449)
"126b.2,31"bounds: (854,434),(924,431),(925,448),(855,451)
"100/102"bounds: (694,589),(845,591),(845,622),(694,620)
"in"bounds: (801,697),(815,696),(816,713),(802,714)
"PH"bounds: (825,697),(841,696),(842,707),(826,708)
"8a.21"bounds: (851,691),(890,688),(891,706),(852,709)
"in"bounds: (800,727),(815,726),(816,742),(801,743)
"PH"bounds: (825,728),(841,727),(842,737),(826,738)
"12a"bounds: (848,720),(871,718),(872,740),(850,742)
"HT"bounds: (825,763),(841,763),(841,774),(825,774)
"7a.1'"bounds: (852,756),(889,756),(889,775),(852,775)
"256.3.3'"bounds: (903,756),(965,757),(965,784),(903,783)
"26b.1'"bounds: (979,757),(1024,757),(1024,776),(979,776)
"27a.1.6'"bounds: (1038,757),(1100,758),(1100,778),(1038,777)
"58.1'"bounds: (1114,757),(1151,757),(1151,785),(1114,785)
"62[*+"bounds: (842,788),(895,788),(895,817),(842,817)
"_73.5'"bounds: (897,788),(955,788),(955,817),(897,817)
"66.1'"bounds: (961,790),(998,790),(998,809),(961,809)
"68.1"bounds: (1007,788),(1045,788),(1045,817),(1007,817)
"*70.4"bounds: (1057,788),(1105,788),(1105,817),(1057,817)
"84.2'"bounds: (1123,790),(1160,790),(1160,808),(1123,808)
"85a.1'"bounds: (852,821),(899,821),(899,840),(852,840)
"93a.91"bounds: (911,823),(958,823),(958,841),(911,841)
"94a.1"bounds: (969,821),(1012,821),(1012,845),(969,845)
"102.3'"bounds: (1031,823),(1076,823),(1076,842),(1031,842)
"105.2.3'"bounds: (1090,823),(1152,823),(1152,843),(1090,843)
"108.1'"bounds: (853,856),(899,856),(899,875),(853,875)
"119.1'"bounds: (913,856),(958,856),(958,875),(913,875)
"122b.1'"bounds: (972,856),(1025,856),(1025,875),(972,875)
"(?)"bounds: (1041,865),(1059,865),(1059,879),(1041,879)
"Wc"bounds: (1071,866),(1087,866),(1087,876),(1071,876)
"30225"bounds: (1098,857),(1137,857),(1137,876),(1098,876)
"PHAISTOS"bounds: (449,695),(514,695),(514,706),(449,706)
"100/102"bounds: (623,696),(681,696),(681,709),(623,709)
"A"bounds: (464,761),(472,761),(472,772),(464,772)
"47"bounds: (483,758),(524,759),(523,779),(482,778)
"100/102"bounds: (625,761),(681,762),(681,774),(625,773)
"KH"bounds: (826,898),(842,898),(842,908),(826,908)
"25.1.2"bounds: (852,891),(901,890),(902,912),(853,913)
"26.13"bounds: (920,891),(959,890),(959,908),(920,909)
"TY"bounds: (825,930),(841,928),(842,939),(826,941)
"2.31"bounds: (851,926),(882,923),(884,941),(853,944)
"KI:"bounds: (824,964),(840,964),(840,974),(824,974)
"Mc"bounds: (848,954),(874,954),(874,981),(848,981)
"20043"bounds: (876,955),(914,955),(914,974),(876,974)
"2117a"bounds: (926,953),(972,953),(972,981),(926,981)
"HT"bounds: (820,989),(845,989),(845,1012),(820,1012)
"11a.4"bounds: (851,990),(896,990),(896,1009),(851,1009)
"93a.5'"bounds: (909,991),(955,991),(955,1009),(909,1009)
"100/102/"bounds: (624,961),(696,961),(696,979),(624,979)
"100/102"bounds: (624,997),(679,998),(679,1011),(624,1010)
"-28"bounds: (690,999),(713,1000),(713,1009),(690,1008)
"以"bounds: (302,1022),(320,1022),(320,1044),(302,1044)
"文"bounds: (326,1022),(337,1022),(337,1045),(326,1045)
"目"bounds: (351,1024),(363,1024),(363,1045),(351,1045)
"平"bounds: (269,1049),(301,1050),(300,1081),(268,1080)
"-C"bounds: (323,1058),(339,1058),(338,1079),(322,1079)
"100/102"bounds: (623,1032),(679,1032),(679,1043),(623,1043)
"-352-57"bounds: (689,1032),(747,1032),(747,1042),(689,1042)
"KH"bounds: (823,1031),(839,1030),(840,1042),(824,1043)
"Wc"bounds: (848,1032),(863,1031),(864,1042),(849,1043)
"21003"bounds: (874,1025),(914,1022),(915,1042),(875,1045)
"41-"bounds: (589,1065),(612,1065),(612,1075),(589,1075)
"100/102"bounds: (623,1064),(679,1065),(679,1082),(623,1081)
"-"bounds: (688,1063),(698,1063),(698,1081),(688,1081)
"HT"bounds: (822,1065),(838,1064),(839,1075),(823,1076)
"72.1"bounds: (847,1057),(883,1055),(884,1078),(848,1080)
"E"bounds: (472,1064),(479,1064),(479,1074),(472,1074)
"A"bounds: (235,1127),(244,1127),(244,1143),(235,1143)
"567"bounds: (245,1129),(267,1129),(267,1140),(245,1140)
"100/102"bounds: (619,1132),(679,1132),(679,1149),(619,1149)
"+7"bounds: (689,1129),(738,1129),(738,1147),(689,1147)
"KH"bounds: (822,1132),(838,1131),(839,1143),(823,1144)
"8.33"bounds: (848,1126),(881,1124),(882,1143),(849,1145)
"H"bounds: (471,1131),(478,1131),(478,1141),(471,1141)
"HT"bounds: (823,1166),(838,1166),(838,1176),(823,1176)
"28a.4"bounds: (846,1156),(891,1156),(891,1181),(846,1181)
"88.1"bounds: (907,1156),(943,1156),(943,1181),(907,1181)
"97a.1'"bounds: (960,1158),(1006,1158),(1006,1177),(960,1177)
"100.1"bounds: (1015,1156),(1060,1156),(1060,1181),(1015,1181)
"KH"bounds: (823,1199),(838,1199),(838,1210),(823,1210)
"Wc"bounds: (847,1199),(863,1199),(863,1210),(847,1210)
"20293"bounds: (874,1192),(913,1192),(913,1210),(874,1210)
"2030"bounds: (920,1190),(955,1190),(955,1214),(920,1214)
"20313"bounds: (975,1192),(1014,1192),(1014,1211),(975,1211)
"20323"bounds: (1026,1192),(1065,1192),(1065,1211),(1026,1211)
"21063"bounds: (1077,1193),(1116,1193),(1116,1212),(1077,1212)
"A"bounds: (235,1159),(243,1159),(243,1174),(235,1174)
"568"bounds: (245,1162),(267,1162),(267,1174),(245,1174)
"100/102"bounds: (622,1166),(678,1166),(678,1177),(622,1177)
"+77"bounds: (689,1167),(712,1167),(712,1177),(689,1177)
"A"bounds: (236,1228),(244,1228),(244,1241),(236,1241)
"569"bounds: (244,1230),(266,1230),(266,1240),(244,1240)
"100/102"bounds: (622,1233),(678,1233),(678,1246),(622,1246)
"+307"bounds: (689,1235),(721,1235),(721,1245),(689,1245)
"KH"bounds: (822,1233),(839,1233),(839,1244),(822,1244)
"9.13"bounds: (848,1226),(879,1225),(879,1243),(848,1244)
"14.33"bounds: (891,1226),(930,1225),(930,1244),(891,1245)
"A"bounds: (226,1262),(236,1261),(237,1279),(227,1280)
"570"bounds: (245,1260),(268,1258),(269,1276),(246,1278)
"100/102"bounds: (622,1267),(678,1267),(678,1280),(622,1280)
"+313a"bounds: (688,1268),(729,1268),(729,1279),(688,1279)
"HT"bounds: (822,1267),(837,1267),(837,1278),(822,1278)
"89.3'"bounds: (847,1261),(885,1260),(885,1278),(847,1279)
"100.21"bounds: (899,1260),(945,1259),(945,1279),(899,1280)
"A"bounds: (232,1295),(242,1295),(242,1311),(232,1311)
"571"bounds: (243,1298),(264,1298),(264,1309),(243,1309)
"100/102"bounds: (622,1301),(678,1300),(678,1313),(622,1314)
"+313b"bounds: (688,1302),(728,1301),(728,1312),(688,1313)
"HT"bounds: (821,1300),(837,1299),(837,1311),(821,1312)
"94a.2'"bounds: (847,1295),(894,1294),(895,1311),(848,1313)
"KH"bounds: (822,1335),(837,1335),(837,1346),(822,1346)
"7a.3.4.5"bounds: (845,1330),(913,1331),(913,1353),(845,1352)
"A"bounds: (236,1362),(244,1362),(244,1377),(236,1377)
"572"bounds: (243,1364),(265,1364),(265,1376),(243,1376)
"100/102"bounds: (621,1369),(677,1369),(677,1382),(621,1382)
"+313c"bounds: (688,1370),(728,1370),(728,1381),(688,1381)
"HT"bounds: (820,1369),(837,1368),(837,1379),(820,1380)
"127b.5'"bounds: (848,1363),(901,1361),(902,1380),(849,1382)
"A"bounds: (231,1394),(242,1394),(242,1413),(231,1413)
"635"bounds: (244,1394),(265,1394),(265,1413),(244,1413)
"J'306'!100/102"bounds: (553,1399),(677,1400),(677,1419),(553,1418)
"+307'"bounds: (687,1405),(727,1405),(727,1415),(687,1415)
"КН"bounds: (810,1398),(851,1396),(852,1415),(811,1418)
"19.13"bounds: (853,1395),(888,1393),(889,1413),(854,1415)
"272"bounds: (67,1512),(104,1512),(104,1530),(67,1530)