Texts:

"ÉTUDES CRÉTOISES
PUBLIÉES PAR L'ÉCOLE FRANÇAISE D'ATHÈNES
ТОМЕ XXI
RECUEIL DES INSCRIPTIONS
EN LINÉAIRE A
VOLUME 1
TABLETTES ÉDITÉES AVANT 1970
1-1
"bounds: (245,392),(954,392),(954,1368),(245,1368)
"ÉTUDES"bounds: (393,395),(523,394),(523,420),(393,421)
"CRÉTOISES"bounds: (545,393),(727,392),(727,419),(545,420)
"PUBLIÉES"bounds: (357,445),(439,444),(439,457),(357,458)
"PAR"bounds: (448,448),(479,448),(479,457),(448,457)
"L'ÉCOLE"bounds: (489,444),(557,444),(557,457),(489,457)
"FRANÇAISE"bounds: (567,447),(660,446),(660,459),(567,460)
"D'ATHÈNES"bounds: (670,442),(765,441),(765,455),(670,456)
"ТОМЕ"bounds: (504,486),(577,485),(577,505),(504,506)
"XXI"bounds: (584,488),(635,488),(635,503),(584,503)
"RECUEIL"bounds: (245,627),(433,625),(433,657),(245,659)
"DES"bounds: (461,626),(538,625),(538,656),(461,657)
"INSCRIPTIONS"bounds: (568,624),(881,621),(881,653),(568,656)
"EN"bounds: (388,690),(447,689),(447,718),(388,719)
"LINÉAIRE"bounds: (478,683),(681,680),(681,717),(478,720)
"A"bounds: (710,686),(737,686),(737,717),(710,717)
"VOLUME"bounds: (503,777),(601,776),(601,791),(503,792)
"1"bounds: (616,776),(624,776),(624,791),(616,791)
"TABLETTES"bounds: (305,854),(472,852),(472,874),(305,876)
"ÉDITÉES"bounds: (495,848),(618,847),(618,873),(495,874)
"AVANT"bounds: (642,851),(751,850),(751,872),(642,873)
"1970"bounds: (773,849),(824,848),(824,870),(773,871)
"1-1"bounds: (924,1359),(954,1359),(954,1368),(924,1368)