Texts:

"HAGHIA TRIADA - NODULES
Wa 1181
Wa 1182
Wa 1183
HM 443.5
HM 443.6
HM 443.7
Wa 1184
Wa 1185
Wa 1186
HM 443.9
HM 443.1o
HM 443.8
Wa 1187
Wa 1188
Wa 1189
HM 443.11
HM 443. 12
HM 443. 13
Wa 1190
Wa 1191
Wa 1192
HM 443.16
HM 443.14
HM 443. 15
Wa 1193
Wa 1194
Wa 1195
HM 443.17
HM 443.1.8
HM 443.19
21
"bounds: (165,78),(1160,78),(1160,1535),(165,1535)
"HAGHIA"bounds: (456,78),(522,78),(522,88),(456,88)
"TRIADA"bounds: (534,78),(598,78),(598,89),(534,89)
"-"bounds: (609,83),(614,83),(614,84),(609,84)
"NODULES"bounds: (626,78),(703,78),(703,89),(626,89)
"Wa"bounds: (165,159),(196,159),(196,173),(165,173)
"1181"bounds: (210,158),(249,158),(249,173),(210,173)
"Wa"bounds: (530,158),(560,158),(560,172),(530,172)
"1182"bounds: (575,158),(615,158),(615,173),(575,173)
"Wa"bounds: (892,157),(922,157),(922,170),(892,170)
"1183"bounds: (937,157),(977,157),(977,171),(937,171)
"HM"bounds: (250,357),(275,356),(275,371),(250,372)
"443.5"bounds: (289,355),(361,353),(361,369),(289,371)
"HM"bounds: (620,355),(652,355),(652,367),(620,367)
"443.6"bounds: (670,352),(731,351),(731,366),(670,367)
"HM"bounds: (965,353),(991,353),(991,367),(965,367)
"443.7"bounds: (1005,353),(1068,354),(1068,369),(1005,368)
"Wa"bounds: (165,432),(196,432),(196,446),(165,446)
"1184"bounds: (210,431),(251,430),(251,444),(210,445)
"Wa"bounds: (533,429),(564,428),(564,443),(533,444)
"1185"bounds: (578,428),(619,427),(619,442),(578,443)
"Wa"bounds: (894,427),(925,427),(925,441),(894,441)
"1186"bounds: (940,427),(981,427),(981,441),(940,441)
"HM"bounds: (626,624),(651,624),(651,638),(626,638)
"443.9"bounds: (665,625),(729,626),(729,639),(665,638)
"HM"bounds: (984,617),(1011,618),(1010,632),(983,631)
"443.1o"bounds: (1024,619),(1100,622),(1099,636),(1023,633)
"HM"bounds: (258,629),(284,628),(285,644),(259,645)
"443.8"bounds: (299,629),(360,627),(360,642),(300,644)
"Wa"bounds: (172,702),(203,702),(203,716),(172,716)
"1187"bounds: (217,701),(258,701),(258,715),(217,715)
"Wa"bounds: (537,701),(568,701),(568,715),(537,715)
"1188"bounds: (583,700),(623,700),(623,715),(583,715)
"Wa"bounds: (897,697),(928,697),(928,711),(897,711)
"1189"bounds: (942,696),(983,696),(983,711),(942,711)
"HM"bounds: (265,898),(290,898),(290,914),(265,914)
"443.11"bounds: (303,897),(388,898),(388,914),(303,913)
"HM"bounds: (636,896),(662,896),(662,910),(636,910)
"443."bounds: (674,897),(717,897),(717,909),(674,909)
"12"bounds: (724,896),(746,896),(746,908),(724,908)
"HM"bounds: (992,892),(1018,892),(1018,907),(992,907)
"443."bounds: (1026,892),(1070,892),(1070,906),(1026,906)
"13"bounds: (1077,895),(1099,895),(1099,906),(1077,906)
"Wa"bounds: (170,974),(201,975),(201,989),(170,988)
"1190"bounds: (216,973),(256,974),(256,989),(216,988)
"Wa"bounds: (542,973),(573,972),(573,986),(542,987)
"1191"bounds: (588,971),(626,970),(626,985),(588,986)
"Wa"bounds: (900,969),(931,968),(931,982),(900,983)
"1192"bounds: (946,968),(986,967),(986,982),(946,983)
"HM"bounds: (991,1162),(1018,1163),(1018,1176),(991,1175)
"443.16"bounds: (1028,1162),(1103,1164),(1103,1178),(1028,1176)
"HM"bounds: (273,1170),(300,1170),(300,1183),(273,1183)
"443.14"bounds: (311,1169),(387,1169),(387,1184),(311,1184)
"HM"bounds: (641,1170),(669,1170),(669,1183),(641,1183)
"443."bounds: (679,1170),(728,1170),(728,1184),(679,1184)
"15"bounds: (736,1170),(759,1170),(759,1183),(736,1183)
"Wa"bounds: (172,1244),(203,1244),(203,1258),(172,1258)
"1193"bounds: (217,1244),(258,1245),(258,1260),(217,1259)
"Wa"bounds: (542,1242),(574,1242),(574,1256),(542,1256)
"1194"bounds: (588,1241),(629,1241),(629,1256),(588,1256)
"Wa"bounds: (902,1239),(933,1239),(933,1253),(902,1253)
"1195"bounds: (947,1238),(987,1237),(987,1251),(947,1252)
"HM"bounds: (276,1441),(303,1441),(303,1454),(276,1454)
"443.17"bounds: (317,1440),(393,1440),(393,1455),(317,1455)
"HM"bounds: (634,1439),(661,1439),(661,1451),(634,1451)
"443.1.8"bounds: (671,1438),(740,1438),(740,1451),(671,1451)
"HM"bounds: (981,1439),(1012,1439),(1012,1453),(981,1453)
"443.19"bounds: (1027,1437),(1109,1436),(1109,1452),(1027,1453)
"21"bounds: (1140,1518),(1160,1518),(1160,1535),(1140,1535)