Texts:

"XXX
INSCRIPTIONS EN LINEAIRE A
AB10
HT122 a.1 ZA Aoa 3
KN Z'b40.2 PK Za12c HT162 MA 2c.2
SY Za 26 APZA1 PH 7a.2 HT10 a.2a HT95A.5 HT106.1 HT 286.1
АВ 11
HT115 a.5 HT16.4 KH9.1 KN 22 b
АВ 13
TL Za ab IOZ610 KH72.3 HT120.1 PKZA 11 ZA21..1
HT51 6.1 HT 95 b.2 PS/Ta 2.2 IO Za6 PK zdla4.
Zd44aKH53.1
АВ 16
HT23A.4 HT WE 3017.1HT12.1 HT86.3 AP Za2.2 TL Za 1a
(?)
KN Wb33 a KO Zți
KNZ$31
АВ 47
HT1022A KNZP31 KH14.1 HT13.2 PK 1.2 ZA6 b.4 ZA14.3
"bounds: (167,79),(1170,79),(1170,1482),(167,1482)
"XXX"bounds: (261,85),(297,85),(297,94),(261,94)
"INSCRIPTIONS"bounds: (527,84),(644,83),(644,93),(527,94)
"EN"bounds: (657,84),(678,84),(678,93),(657,93)
"LINEAIRE"bounds: (692,80),(772,79),(772,93),(692,94)
"A"bounds: (785,84),(795,84),(795,92),(785,92)
"AB10"bounds: (555,155),(668,151),(669,179),(556,183)
"HT122"bounds: (167,274),(271,274),(271,305),(167,305)
"a.1"bounds: (279,280),(325,280),(325,299),(279,299)
"ZA"bounds: (347,274),(387,274),(387,305),(347,305)
"Aoa"bounds: (395,274),(441,274),(441,305),(395,305)
"3"bounds: (451,282),(468,282),(468,298),(451,298)
"KN"bounds: (627,275),(669,275),(669,295),(627,295)
"Z'b40.2"bounds: (685,270),(777,270),(777,296),(685,296)
"PK"bounds: (788,275),(821,275),(821,296),(788,296)
"Za12c"bounds: (832,275),(898,275),(898,296),(832,296)
"HT162"bounds: (910,273),(1010,273),(1010,298),(910,298)
"MA"bounds: (1019,273),(1065,273),(1065,296),(1019,296)
"2c.2"bounds: (1076,273),(1133,273),(1133,299),(1076,299)
"SY"bounds: (177,383),(233,383),(233,420),(177,420)
"Za"bounds: (235,383),(258,383),(258,420),(235,420)
"26"bounds: (261,390),(289,390),(289,417),(261,417)
"APZA1"bounds: (309,383),(414,383),(414,415),(309,415)
"PH"bounds: (444,386),(480,386),(480,415),(444,415)
"7a.2"bounds: (495,392),(560,392),(560,415),(495,415)
"HT10"bounds: (600,387),(677,387),(677,413),(600,413)
"a.2a"bounds: (686,393),(751,393),(751,413),(686,413)
"HT95A.5"bounds: (762,385),(897,385),(897,411),(762,411)
"HT106.1"bounds: (911,383),(1033,383),(1033,411),(911,411)
"HT"bounds: (1046,383),(1088,383),(1088,420),(1046,420)
"286.1"bounds: (1091,383),(1170,383),(1170,420),(1091,420)
"АВ"bounds: (546,470),(635,469),(635,505),(546,506)
"11"bounds: (637,469),(666,469),(666,505),(637,505)
"HT115"bounds: (177,594),(267,593),(267,629),(177,630)
"a.5"bounds: (270,594),(315,594),(315,629),(270,629)
"HT16.4"bounds: (352,598),(464,597),(464,628),(352,629)
"KH9.1"bounds: (497,597),(588,596),(588,620),(497,621)
"KN"bounds: (624,591),(675,591),(675,627),(624,627)
"22"bounds: (674,596),(709,596),(709,617),(674,617)
"b"bounds: (720,591),(733,591),(733,623),(720,623)
"АВ"bounds: (552,679),(627,678),(627,711),(552,712)
"13"bounds: (630,678),(656,678),(656,711),(630,711)
"TL"bounds: (172,794),(221,794),(221,831),(172,831)
"Za"bounds: (241,794),(276,794),(276,831),(241,831)
"ab"bounds: (279,794),(314,794),(314,831),(279,831)
"IOZ610"bounds: (330,794),(485,794),(485,831),(330,831)
"KH72.3"bounds: (498,794),(634,794),(634,831),(498,831)
"HT120.1"bounds: (645,799),(781,799),(781,824),(645,824)
"PKZA"bounds: (805,794),(891,794),(891,831),(805,831)
"11"bounds: (900,794),(941,794),(941,831),(900,831)
"ZA21..1"bounds: (955,797),(1088,797),(1088,831),(955,831)
"HT51"bounds: (172,911),(264,909),(265,951),(173,953)
"6.1"bounds: (275,917),(315,916),(316,942),(276,943)
"HT"bounds: (339,908),(385,907),(386,947),(340,948)
"95"bounds: (395,906),(420,905),(421,945),(396,946)
"b.2"bounds: (435,913),(470,912),(471,942),(436,943)
"PS/Ta"bounds: (509,903),(599,901),(600,939),(510,941)
"2.2"bounds: (608,919),(646,918),(647,939),(609,940)
"IO"bounds: (659,909),(714,908),(715,939),(660,940)
"Za6"bounds: (730,909),(793,907),(794,937),(731,939)
"PK"bounds: (831,908),(869,907),(870,935),(832,936)
"zdla4."bounds: (880,893),(972,891),(973,933),(881,935)
"Zd44aKH53.1"bounds: (880,906),(1099,900),(1100,940),(881,946)
"АВ"bounds: (546,998),(629,996),(630,1030),(547,1032)
"16"bounds: (632,996),(658,995),(659,1029),(633,1030)
"HT23A.4"bounds: (209,1120),(321,1119),(321,1146),(209,1147)
"HT"bounds: (348,1118),(397,1118),(397,1151),(348,1151)
"WE"bounds: (411,1117),(442,1117),(442,1150),(411,1150)
"3017.1HT12.1"bounds: (442,1117),(645,1116),(645,1147),(442,1148)
"HT86.3"bounds: (681,1119),(797,1118),(797,1142),(681,1143)
"AP"bounds: (830,1115),(884,1115),(884,1148),(830,1148)
"Za2.2"bounds: (886,1114),(952,1114),(952,1147),(886,1147)
"TL"bounds: (966,1114),(1009,1114),(1009,1147),(966,1147)
"Za"bounds: (1023,1113),(1054,1113),(1054,1146),(1023,1146)
"1a"bounds: (1062,1113),(1094,1113),(1094,1146),(1062,1146)
"(?)"bounds: (426,1210),(460,1210),(460,1242),(426,1242)
"KN"bounds: (176,1232),(247,1233),(246,1273),(175,1272)
"Wb33"bounds: (250,1233),(322,1234),(321,1275),(249,1274)
"a"bounds: (325,1235),(350,1235),(349,1275),(324,1275)
"KO"bounds: (380,1235),(473,1237),(472,1277),(379,1275)
"Zți"bounds: (475,1237),(507,1238),(506,1278),(474,1277)
"KNZ$31"bounds: (603,1237),(731,1237),(731,1279),(603,1279)
"АВ"bounds: (531,1319),(610,1321),(609,1357),(530,1355)
"47"bounds: (612,1321),(635,1322),(634,1358),(611,1357)
"HT1022A"bounds: (178,1446),(307,1444),(307,1480),(178,1482)
"KNZP31"bounds: (332,1445),(452,1444),(452,1479),(332,1480)
"KH14.1"bounds: (470,1443),(585,1442),(585,1472),(470,1473)
"HT13.2"bounds: (615,1444),(727,1443),(727,1471),(615,1472)
"PK"bounds: (764,1438),(817,1437),(817,1474),(764,1475)
"1.2"bounds: (819,1438),(860,1437),(860,1473),(819,1474)
"ZA6"bounds: (885,1442),(956,1441),(956,1466),(885,1467)
"b.4"bounds: (969,1437),(1017,1436),(1017,1463),(969,1464)
"ZA14.3"bounds: (1036,1438),(1131,1437),(1131,1466),(1036,1467)