Texts:

"III. Zc INSCRIPTIONS PEINTES SUR VASES D'ARGILE
1. KNOSSOS
"bounds: (231,374),(946,374),(946,750),(231,750)
"III."bounds: (231,380),(269,380),(269,398),(231,398)
"Zc"bounds: (289,377),(321,377),(321,400),(289,400)
"INSCRIPTIONS"bounds: (326,379),(513,378),(513,397),(326,398)
"PEINTES"bounds: (530,378),(643,377),(643,395),(530,396)
"SUR"bounds: (660,377),(710,377),(710,395),(660,395)
"VASES"bounds: (726,376),(808,375),(808,394),(726,395)
"D'ARGILE"bounds: (825,375),(946,374),(946,394),(825,395)
"1."bounds: (473,713),(520,713),(520,750),(473,750)
"KNOSSOS"bounds: (528,718),(709,718),(709,747),(528,747)