Texts:

"INTRODUCTION
I. ABRÉVIATIONS BIBLIOGRAPHIQUES
Borda 1946 : M. BORDA, Arte cretese-micenea nel museo Pigorini di Roma
(Rome 1946).
Boyd Hawes 1908 : H. W. BoYD HAWES, Gournia (Philadelphie 1908).
Brice 1961 W. C. BRICE, Inscriptions in the Minoan Linear Script of
Class A (Oxford 1961).
Caskey 1970 : J. L. CASKEY, « Inscriptions and Potter's Marks from Ayia
Irini in Keos », Kadmos, 9 (1970), p. 107-117.
Chapouthier 1930 : F. CHAPOUTHIER, Les écritures minoennes au palais de
Mallia (Paris 1930).
Chapouthier 1948 : F. CHAPOUTHIER, « Inscription minoenne sur
une
pastille d'argile », Revue Archéologique, 29-30 (1948),
p. 166-169.
Evans 1921 : A. J. EVANS, The Palace of Minos at Knossos. Volume I
(Londres 1921).
Godart-Olivier 1976 L. GODART - J.-P. OLIVIER, Recueil des inscriptions
en linéaire A. Volume 1: Tablettes éditées avant 1970
(Paris 1976).
(ou GORILA 1)
Godart-Olivier 1976 [1977] : L. GODART - J.-P. OLIVIER, Recueil des
inscriptions en linéaire A. Volume 3: Tablettes, nodules
et rondelles édités en 1975 et 1976 (Paris 1976 [1977]).
(ou GORILA 3)
Halbherr 1903 : F. HALBHERR, « Resti dell' età micenea scoperti ad Haghia
Triada presso Phaestos », Monumenti Antichi, 13 (1903),
col. 9-74.
"bounds: (178,429),(980,429),(980,1341),(178,1341)
"INTRODUCTION"bounds: (480,429),(677,429),(677,446),(480,446)
"I."bounds: (382,522),(409,522),(409,541),(382,541)
"ABRÉVIATIONS"bounds: (413,524),(562,526),(562,543),(413,541)
"BIBLIOGRAPHIQUES"bounds: (579,528),(774,531),(774,545),(579,542)
"Borda"bounds: (180,582),(241,582),(241,598),(180,598)
"1946"bounds: (255,581),(301,581),(301,598),(255,598)
":"bounds: (315,589),(317,589),(317,597),(315,597)
"M."bounds: (331,582),(354,582),(354,598),(331,598)
"BORDA,"bounds: (368,582),(444,582),(444,602),(368,602)
"Arte"bounds: (457,582),(500,582),(500,597),(457,597)
"cretese-micenea"bounds: (512,581),(664,581),(664,597),(512,597)
"nel"bounds: (678,581),(705,581),(705,597),(678,597)
"museo"bounds: (718,588),(777,588),(777,597),(718,597)
"Pigorini"bounds: (790,581),(876,581),(876,602),(790,602)
"di"bounds: (889,581),(907,581),(907,598),(889,598)
"Roma"bounds: (920,582),(977,582),(977,598),(920,598)
"(Rome"bounds: (377,612),(444,613),(444,635),(377,634)
"1946)."bounds: (457,611),(517,612),(517,634),(457,633)
"Boyd"bounds: (180,650),(233,650),(233,672),(180,672)
"Hawes"bounds: (246,650),(313,650),(313,666),(246,666)
"1908"bounds: (326,650),(372,650),(372,666),(326,666)
":"bounds: (381,646),(392,646),(392,673),(381,673)
"H."bounds: (401,650),(423,650),(423,666),(401,666)
"W."bounds: (432,650),(460,650),(460,666),(432,666)
"BoYD"bounds: (473,650),(529,650),(529,666),(473,666)
"HAWES,"bounds: (544,650),(623,650),(623,670),(544,670)
"Gournia"bounds: (639,649),(721,649),(721,666),(639,666)
"(Philadelphie"bounds: (734,649),(871,649),(871,671),(734,671)
"1908)."bounds: (884,649),(943,649),(943,671),(884,671)
"Brice"bounds: (180,688),(232,688),(232,704),(180,704)
"1961"bounds: (249,687),(293,687),(293,703),(249,703)
"W."bounds: (329,684),(374,684),(374,709),(329,709)
"C."bounds: (381,684),(400,684),(400,709),(381,709)
"BRICE,"bounds: (408,688),(475,688),(475,707),(408,707)
"Inscriptions"bounds: (493,687),(615,687),(615,709),(493,709)
"in"bounds: (628,684),(651,684),(651,709),(628,709)
"the"bounds: (663,684),(695,684),(695,709),(663,709)
"Minoan"bounds: (707,687),(787,687),(787,703),(707,703)
"Linear"bounds: (803,687),(870,687),(870,703),(803,703)
"Script"bounds: (886,687),(945,687),(945,709),(886,709)
"of"bounds: (961,687),(980,687),(980,709),(961,709)
"Class"bounds: (376,718),(428,719),(428,735),(376,734)
"A"bounds: (440,718),(455,718),(455,734),(440,734)
"(Oxford"bounds: (469,717),(549,718),(549,741),(469,740)
"1961)."bounds: (562,717),(621,718),(621,739),(562,738)
"Caskey"bounds: (181,756),(253,756),(253,777),(181,777)
"1970"bounds: (266,756),(312,756),(312,772),(266,772)
":"bounds: (322,751),(334,751),(334,778),(322,778)
"J."bounds: (336,751),(366,751),(366,778),(336,778)
"L."bounds: (370,756),(389,756),(389,772),(370,772)
"CASKEY,"bounds: (402,755),(488,755),(488,776),(402,776)
"«"bounds: (501,761),(507,761),(507,772),(501,772)
"Inscriptions"bounds: (519,755),(640,755),(640,777),(519,777)
"and"bounds: (653,756),(689,756),(689,772),(653,772)
"Potter's"bounds: (702,755),(783,755),(783,772),(702,772)
"Marks"bounds: (796,755),(857,755),(857,771),(796,771)
"from"bounds: (870,755),(917,755),(917,771),(870,771)
"Ayia"bounds: (930,755),(977,755),(977,777),(930,777)
"Irini"bounds: (378,786),(421,786),(421,803),(378,803)
"in"bounds: (433,787),(451,787),(451,803),(433,803)
"Keos"bounds: (465,787),(513,787),(513,803),(465,803)
"»,"bounds: (522,792),(534,792),(534,807),(522,807)
"Kadmos,"bounds: (548,787),(635,787),(635,807),(548,807)
"9"bounds: (648,786),(657,786),(657,802),(648,802)
"(1970),"bounds: (670,786),(738,786),(738,809),(670,809)
"p."bounds: (751,793),(767,793),(767,808),(751,808)
"107-117."bounds: (782,786),(866,786),(866,803),(782,803)
"Chapouthier"bounds: (182,825),(310,825),(310,847),(182,847)
"1930"bounds: (323,824),(368,824),(368,841),(323,841)
":"bounds: (379,823),(389,823),(389,847),(379,847)
"F."bounds: (397,824),(416,824),(416,841),(397,841)
"CHAPOUTHIER,"bounds: (430,824),(580,823),(580,844),(430,845)
"Les"bounds: (593,824),(625,824),(625,840),(593,840)
"écritures"bounds: (638,824),(721,824),(721,840),(638,840)
"minoennes"bounds: (734,824),(838,824),(838,841),(734,841)
"au"bounds: (850,830),(874,830),(874,840),(850,840)
"palais"bounds: (886,824),(946,824),(946,845),(886,845)
"de"bounds: (958,824),(978,824),(978,840),(958,840)
"Mallia"bounds: (378,854),(445,855),(445,873),(378,872)
"(Paris"bounds: (458,854),(517,855),(517,879),(458,878)
"1930)."bounds: (531,854),(590,855),(590,877),(531,876)
"Chapouthier"bounds: (182,893),(310,893),(310,915),(182,915)
"1948"bounds: (329,893),(375,893),(375,909),(329,909)
":"bounds: (391,890),(407,890),(407,916),(391,916)
"F."bounds: (418,893),(436,893),(436,909),(418,909)
"CHAPOUTHIER,"bounds: (457,893),(606,893),(606,913),(457,913)
"«"bounds: (626,898),(632,898),(632,909),(626,909)
"Inscription"bounds: (643,893),(756,893),(756,915),(643,915)
"minoenne"bounds: (775,892),(874,892),(874,909),(775,909)
"sur"bounds: (893,899),(923,899),(923,909),(893,909)
"une"bounds: (943,899),(978,899),(978,909),(943,909)
"pastille"bounds: (377,924),(451,924),(451,946),(377,946)
"d'argile"bounds: (471,924),(547,924),(547,946),(471,946)
"»,"bounds: (556,929),(568,929),(568,944),(556,944)
"Revue"bounds: (588,924),(647,924),(647,940),(588,940)
"Archéologique,"bounds: (667,923),(813,923),(813,945),(667,945)
"29-30"bounds: (834,923),(889,923),(889,940),(834,940)
"(1948),"bounds: (909,923),(977,923),(977,945),(909,945)
"p."bounds: (374,956),(405,955),(406,976),(375,978)
"166-169."bounds: (409,955),(492,951),(493,971),(410,975)
"Evans"bounds: (183,993),(246,993),(246,1009),(183,1009)
"1921"bounds: (262,992),(306,992),(306,1009),(262,1009)
":"bounds: (323,1000),(325,1000),(325,1008),(323,1008)
"A."bounds: (341,992),(362,992),(362,1009),(341,1009)
"J."bounds: (377,989),(403,989),(403,1012),(377,1012)
"EVANS,"bounds: (413,989),(495,989),(495,1012),(413,1012)
"The"bounds: (501,992),(537,992),(537,1008),(501,1008)
"Palace"bounds: (552,992),(617,992),(617,1008),(552,1008)
"of"bounds: (632,992),(652,992),(652,1012),(632,1012)
"Minos"bounds: (664,992),(727,992),(727,1008),(664,1008)
"at"bounds: (742,996),(759,996),(759,1008),(742,1008)
"Knossos."bounds: (774,992),(861,992),(861,1008),(774,1008)
"Volume"bounds: (880,992),(954,992),(954,1008),(880,1008)
"I"bounds: (969,992),(978,992),(978,1008),(969,1008)
"(Londres"bounds: (378,1022),(469,1023),(469,1046),(378,1045)
"1921)."bounds: (482,1023),(541,1023),(541,1044),(482,1044)
"Godart-Olivier"bounds: (182,1061),(335,1061),(335,1077),(182,1077)
"1976"bounds: (348,1060),(394,1060),(394,1077),(348,1077)
"L."bounds: (424,1061),(443,1061),(443,1077),(424,1077)
"GODART"bounds: (457,1057),(541,1057),(541,1082),(457,1082)
"-"bounds: (552,1057),(562,1057),(562,1082),(552,1082)
"J.-P."bounds: (565,1061),(612,1061),(612,1077),(565,1077)
"OLIVIER,"bounds: (627,1061),(717,1061),(717,1081),(627,1081)
"Recueil"bounds: (732,1060),(805,1060),(805,1076),(732,1076)
"des"bounds: (817,1061),(847,1061),(847,1076),(817,1076)
"inscriptions"bounds: (860,1060),(979,1060),(979,1082),(860,1082)
"en"bounds: (377,1098),(399,1098),(399,1108),(377,1108)
"linéaire"bounds: (415,1091),(490,1091),(490,1108),(415,1108)
"A."bounds: (504,1089),(544,1089),(544,1111),(504,1111)
"Volume"bounds: (549,1091),(622,1091),(622,1108),(549,1108)
"1:"bounds: (639,1091),(660,1091),(660,1107),(639,1107)
"Tablettes"bounds: (679,1091),(766,1091),(766,1107),(679,1107)
"éditées"bounds: (782,1091),(845,1091),(845,1107),(782,1107)
"avant"bounds: (862,1095),(915,1095),(915,1107),(862,1107)
"1970"bounds: (931,1091),(979,1091),(979,1107),(931,1107)
"(Paris"bounds: (378,1122),(437,1122),(437,1144),(378,1144)
"1976)."bounds: (451,1122),(510,1122),(510,1144),(451,1144)
"(ou"bounds: (183,1093),(213,1093),(213,1114),(183,1114)
"GORILA"bounds: (229,1092),(304,1091),(304,1109),(229,1110)
"1)"bounds: (320,1092),(335,1092),(335,1112),(320,1112)
"Godart-Olivier"bounds: (183,1160),(335,1160),(335,1177),(183,1177)
"1976"bounds: (355,1160),(401,1160),(401,1176),(355,1176)
"[1977]"bounds: (423,1160),(483,1160),(483,1179),(423,1179)
":"bounds: (504,1156),(530,1156),(530,1179),(504,1179)
"L."bounds: (529,1160),(548,1160),(548,1176),(529,1176)
"GODART"bounds: (570,1160),(652,1160),(652,1176),(570,1176)
"-"bounds: (664,1156),(674,1156),(674,1179),(664,1179)
"J.-P."bounds: (677,1160),(724,1160),(724,1176),(677,1176)
"OLIVIER,"bounds: (746,1160),(836,1160),(836,1179),(746,1179)
"Recueil"bounds: (857,1159),(930,1159),(930,1176),(857,1176)
"des"bounds: (950,1160),(979,1160),(979,1176),(950,1176)
"inscriptions"bounds: (379,1191),(496,1191),(496,1213),(379,1213)
"en"bounds: (510,1197),(531,1197),(531,1207),(510,1207)
"linéaire"bounds: (545,1191),(619,1191),(619,1207),(545,1207)
"A."bounds: (633,1191),(655,1191),(655,1207),(633,1207)
"Volume"bounds: (673,1191),(746,1191),(746,1208),(673,1208)
"3:"bounds: (760,1191),(781,1191),(781,1208),(760,1208)
"Tablettes,"bounds: (797,1191),(890,1191),(890,1212),(797,1212)
"nodules"bounds: (905,1191),(979,1191),(979,1207),(905,1207)
"et"bounds: (377,1226),(391,1226),(391,1238),(377,1238)
"rondelles"bounds: (404,1222),(489,1222),(489,1238),(404,1238)
"édités"bounds: (501,1222),(555,1222),(555,1238),(501,1238)
"en"bounds: (567,1229),(588,1229),(588,1238),(567,1238)
"1975"bounds: (600,1222),(647,1222),(647,1238),(600,1238)
"et"bounds: (658,1226),(673,1226),(673,1238),(658,1238)
"1976"bounds: (685,1222),(731,1222),(731,1238),(685,1238)
"(Paris"bounds: (745,1222),(803,1222),(803,1244),(745,1244)
"1976"bounds: (817,1222),(863,1222),(863,1238),(817,1238)
"[1977])."bounds: (877,1222),(953,1222),(953,1244),(877,1244)
"(ou"bounds: (178,1190),(219,1189),(219,1212),(178,1213)
"GORILA"bounds: (229,1192),(304,1191),(304,1208),(229,1209)
"3)"bounds: (319,1192),(336,1192),(336,1211),(319,1211)
"Halbherr"bounds: (184,1260),(277,1260),(277,1276),(184,1276)
"1903"bounds: (287,1260),(333,1260),(333,1276),(287,1276)
":"bounds: (345,1257),(360,1257),(360,1282),(345,1282)
"F."bounds: (362,1257),(386,1257),(386,1282),(362,1282)
"HALBHERR,"bounds: (388,1260),(506,1260),(506,1281),(388,1281)
"«"bounds: (516,1265),(523,1265),(523,1276),(516,1276)
"Resti"bounds: (533,1260),(585,1260),(585,1276),(533,1276)
"dell'"bounds: (595,1260),(636,1260),(636,1276),(595,1276)
"età"bounds: (647,1261),(677,1261),(677,1276),(647,1276)
"micenea"bounds: (687,1260),(770,1260),(770,1276),(687,1276)
"scoperti"bounds: (780,1259),(860,1259),(860,1282),(780,1282)
"ad"bounds: (871,1260),(893,1260),(893,1276),(871,1276)
"Haghia"bounds: (906,1259),(979,1259),(979,1281),(906,1281)
"Triada"bounds: (379,1291),(446,1291),(446,1307),(379,1307)
"presso"bounds: (458,1298),(520,1298),(520,1313),(458,1313)
"Phaestos"bounds: (532,1291),(622,1291),(622,1307),(532,1307)
"»,"bounds: (632,1297),(643,1297),(643,1312),(632,1312)
"Monumenti"bounds: (656,1291),(772,1291),(772,1307),(656,1307)
"Antichi,"bounds: (784,1291),(865,1291),(865,1311),(784,1311)
"13"bounds: (878,1290),(898,1290),(898,1307),(878,1307)
"(1903),"bounds: (911,1290),(978,1290),(978,1313),(911,1313)
"col."bounds: (380,1319),(420,1319),(420,1341),(380,1341)
"9-74."bounds: (430,1321),(479,1321),(479,1339),(430,1339)