Texts:

"XXXIV
INSCRIPTIONS EN LINÉAIRE A
AB 30
CRC?) Zf1 HT13.4 PH16á.2 HT93A.1 ZA15a.3 KHS.4 KH83.2
АВ 31
Y
Y
HT39.3 HT95..3 ARKH 1a.6 IO Za6 IOZb 1o PK Za 11e
AB 34
HT15.4 HTM16A.4 HT140.1 ZA 6a.1
AB 37
HT7A.1 ZA9.1 PK4.1 IO Za 262LAZ64 PSZa 2.2 ZAZ63.2
KN Zc 7. 1
A
AB38
%23
HT12.4 KN1a.2 PK Za11a ZA4a.1 KE 264 PK Za 8a PHWC4S
ABI39
APZ 24 ARKHAA1 KH10.3A
VRY Zo 1aZAZb3.2 MA106.4
"bounds: (196,76),(1155,76),(1155,1427),(196,1427)
"XXXIV"bounds: (259,84),(314,84),(314,94),(259,94)
"INSCRIPTIONS"bounds: (525,83),(642,81),(642,91),(525,93)
"EN"bounds: (656,82),(677,82),(677,91),(656,91)
"LINÉAIRE"bounds: (690,77),(771,76),(771,91),(690,92)
"A"bounds: (784,81),(794,81),(794,90),(784,90)
"AB"bounds: (490,178),(537,178),(537,204),(490,204)
"30"bounds: (551,180),(593,180),(593,203),(551,203)
"CRC?)"bounds: (211,289),(291,289),(291,329),(211,329)
"Zf1"bounds: (293,289),(366,289),(366,329),(293,329)
"HT13.4"bounds: (381,294),(506,294),(506,320),(381,320)
"PH16á.2"bounds: (538,289),(674,289),(674,321),(538,321)
"HT93A.1"bounds: (696,294),(834,294),(834,321),(696,321)
"ZA15a.3"bounds: (857,289),(975,289),(975,322),(857,322)
"KHS.4"bounds: (989,289),(1061,289),(1061,322),(989,322)
"KH83.2"bounds: (1077,289),(1155,289),(1155,329),(1077,329)
"АВ"bounds: (494,378),(567,379),(567,412),(494,411)
"31"bounds: (569,379),(595,379),(595,412),(569,412)
"Y"bounds: (410,420),(439,420),(439,477),(410,477)
"Y"bounds: (554,422),(591,422),(591,475),(554,475)
"HT39.3"bounds: (202,497),(313,497),(313,524),(202,524)
"HT95..3"bounds: (347,499),(476,499),(476,525),(347,525)
"ARKH"bounds: (500,502),(579,502),(579,526),(500,526)
"1a.6"bounds: (588,504),(650,504),(650,524),(588,524)
"IO"bounds: (667,500),(709,500),(709,524),(667,524)
"Za6"bounds: (717,502),(773,502),(773,525),(717,525)
"IOZb"bounds: (798,495),(903,495),(903,530),(798,530)
"1o"bounds: (905,495),(933,495),(933,530),(905,530)
"PK"bounds: (940,495),(975,495),(975,525),(940,525)
"Za"bounds: (984,495),(1011,495),(1011,530),(984,530)
"11e"bounds: (1014,495),(1059,495),(1059,530),(1014,530)
"AB"bounds: (489,582),(531,583),(530,612),(488,611)
"34"bounds: (548,584),(589,585),(588,612),(548,611)
"HT15.4"bounds: (203,703),(306,703),(306,730),(203,730)
"HTM16A.4"bounds: (340,704),(483,704),(483,729),(340,729)
"HT140.1"bounds: (515,705),(649,705),(649,728),(515,728)
"ZA"bounds: (687,700),(749,700),(749,734),(687,734)
"6a.1"bounds: (747,706),(817,706),(817,729),(747,729)
"AB"bounds: (492,787),(541,789),(540,816),(491,814)
"37"bounds: (552,792),(587,793),(586,818),(551,817)
"HT7A.1"bounds: (205,906),(319,906),(319,934),(205,934)
"ZA9.1"bounds: (345,906),(436,906),(436,932),(345,932)
"PK4.1"bounds: (451,902),(540,902),(540,937),(451,937)
"IO"bounds: (559,911),(606,911),(606,933),(559,933)
"Za"bounds: (617,911),(651,911),(651,932),(617,932)
"262LAZ64"bounds: (660,905),(809,905),(809,937),(660,937)
"PSZa"bounds: (830,902),(903,902),(903,939),(830,939)
"2.2"bounds: (912,902),(960,902),(960,939),(912,939)
"ZAZ63.2"bounds: (964,907),(1092,907),(1092,934),(964,934)
"KN"bounds: (204,1023),(247,1025),(246,1052),(203,1050)
"Zc"bounds: (260,1021),(300,1023),(298,1060),(258,1058)
"7."bounds: (302,1023),(325,1024),(323,1060),(300,1059)
"1"bounds: (326,1031),(340,1032),(339,1058),(325,1057)
"A"bounds: (950,1078),(1038,1079),(1036,1224),(948,1223)
"AB38"bounds: (496,1108),(582,1109),(582,1142),(496,1141)
"%23"bounds: (244,1143),(300,1143),(300,1212),(244,1212)
"HT12.4"bounds: (204,1229),(305,1229),(305,1259),(204,1259)
"KN1a.2"bounds: (332,1227),(448,1227),(448,1254),(332,1254)
"PK"bounds: (484,1227),(534,1227),(534,1261),(484,1261)
"Za11a"bounds: (536,1226),(621,1226),(621,1261),(536,1261)
"ZA4a.1"bounds: (650,1228),(771,1227),(771,1253),(650,1254)
"KE"bounds: (792,1227),(830,1227),(830,1252),(792,1252)
"264"bounds: (842,1229),(896,1229),(896,1252),(842,1252)
"PK"bounds: (920,1227),(954,1227),(954,1253),(920,1253)
"Za"bounds: (968,1225),(1006,1225),(1006,1259),(968,1259)
"8a"bounds: (1009,1224),(1047,1224),(1047,1259),(1009,1259)
"PHWC4S"bounds: (1056,1224),(1149,1224),(1149,1258),(1056,1258)
"ABI39"bounds: (486,1302),(586,1305),(585,1339),(485,1336)
"APZ"bounds: (196,1397),(259,1397),(259,1424),(196,1424)
"24"bounds: (276,1397),(322,1397),(322,1424),(276,1424)
"ARKHAA1"bounds: (339,1398),(486,1399),(486,1426),(339,1425)
"KH10.3A"bounds: (498,1398),(607,1398),(607,1426),(498,1426)
"VRY"bounds: (725,1396),(782,1396),(782,1427),(725,1427)
"Zo"bounds: (785,1396),(814,1396),(814,1427),(785,1427)
"1aZAZb3.2"bounds: (822,1395),(980,1394),(980,1426),(822,1427)
"MA106.4"bounds: (993,1394),(1113,1393),(1113,1425),(993,1426)