Texts:

"HT 65
HM - -[3,90] x [2.70] x 0,9o cm.; Conpér
cm bas.
HT 66
HM- -[3.00]x[4,50]x 4,00 cm.
НT 67
it
HM- -[2,90]x C4.30] x 0,60 cm.
120
"bounds: (55,49),(1032,49),(1032,1508),(55,1508)
"HT"bounds: (66,49),(101,49),(101,66),(66,66)
"65"bounds: (114,50),(138,50),(138,66),(114,66)
"HM"bounds: (721,307),(750,308),(749,322),(720,321)
"-"bounds: (759,315),(767,315),(767,317),(759,317)
"-[3,90]"bounds: (781,308),(838,311),(837,328),(780,325)
"x"bounds: (846,319),(851,319),(851,325),(846,325)
"[2.70]"bounds: (860,311),(902,313),(901,330),(859,328)
"x"bounds: (907,321),(912,321),(912,327),(907,327)
"0,9o"bounds: (923,313),(956,315),(955,334),(922,332)
"cm.;"bounds: (958,315),(991,317),(990,336),(957,334)
"Conpér"bounds: (991,319),(1032,321),(1031,337),(990,335)
"cm"bounds: (721,345),(739,345),(739,352),(721,352)
"bas."bounds: (751,339),(777,339),(777,354),(751,354)
"HT"bounds: (63,521),(98,521),(98,537),(63,537)
"66"bounds: (113,521),(137,521),(137,537),(113,537)
"HM-"bounds: (774,924),(822,925),(822,940),(774,939)
"-[3.00]x[4,50]x"bounds: (838,922),(968,925),(968,943),(838,940)
"4,00"bounds: (977,925),(1008,926),(1008,945),(977,944)
"cm."bounds: (1010,925),(1032,925),(1032,945),(1010,945)
"НT"bounds: (60,1201),(112,1201),(112,1222),(60,1222)
"67"bounds: (114,1200),(126,1200),(126,1221),(114,1221)
"it"bounds: (852,1339),(887,1339),(887,1380),(852,1380)
"HM-"bounds: (775,1456),(819,1457),(819,1472),(775,1471)
"-[2,90]x"bounds: (833,1456),(900,1458),(899,1475),(833,1473)
"C4.30]"bounds: (908,1458),(952,1459),(951,1476),(908,1475)
"x"bounds: (960,1468),(964,1468),(964,1474),(960,1474)
"0,60"bounds: (976,1459),(1003,1460),(1002,1481),(975,1480)
"cm."bounds: (1005,1460),(1029,1461),(1028,1482),(1004,1481)
"120"bounds: (55,1491),(89,1491),(89,1508),(55,1508)