Texts:

"INTRODUCTION
XXXI
.8 Pyrgos.
Une tablette trouvée par G. Cadogan en 1970, dans ce qui semble
l'entrée principale d'une maison minoenne (Morpurgo-Cadogan 1971).
.9 Tylissos.
Deux tablettes trouvées par J. Hazzidakis en 1909, dans la Maison A,
salle 5 (ancien « magasin n » du « Palais »).
Pugliese
Brice
Raison-Pope
No inventaire
GORILA
Raccord
1945
1961
1971
HM
TY 2
IV 8
TY 2
1374
Ty 2
Ту 3
+fr. LG
TY 3
IV 9
TY 3
1373+1375
.10 Zakros.
Une tablette trouvée par D. G. Hogarth en 1901, à Kato Zakros
(House A).
Pugliese
Brice
Raison-Pope
No inventaire
GORILA
1945
1961
1971
HM
ZA 1
Z 1
IV 5
ZA 1
85
VI. PRÉSENTATION DU RECUEIL
Ainsi que nous l'avons indiqué dans la préface, notre but a été de
donner pour chaque face de chaque document (et, quand cela était possible,
pour l'ensemble des faces d'un document) toute l'édition sur deux pages
opposées.
En règle générale, notre édition comprend quatre présentations diffé-
rentes de chaque texte, à savoir :
A. Une photographie.
B. Un dessin fac-similé (suivi d'un lemme).
C. Une copie normalisée (suivie, le cas échéant, d'un apparat critique).
D. Une copie tabulaire (suivie, le cas échéant, d'un apparat critique).
"bounds: (164,187),(961,187),(961,1344),(164,1344)
"INTRODUCTION"bounds: (497,187),(624,188),(624,198),(497,197)
"XXXI"bounds: (916,188),(958,188),(958,197),(916,197)
".8"bounds: (167,237),(186,238),(186,254),(167,253)
"Pyrgos."bounds: (200,236),(276,238),(275,260),(199,258)
"Une"bounds: (215,279),(254,279),(254,296),(215,296)
"tablette"bounds: (269,280),(349,280),(349,296),(269,296)
"trouvée"bounds: (364,281),(441,281),(441,296),(364,296)
"par"bounds: (457,286),(489,286),(489,300),(457,300)
"G."bounds: (504,280),(524,280),(524,296),(504,296)
"Cadogan"bounds: (541,280),(628,280),(628,300),(541,300)
"en"bounds: (644,286),(666,286),(666,296),(644,296)
"1970,"bounds: (681,279),(732,279),(732,300),(681,300)
"dans"bounds: (749,280),(794,280),(794,296),(749,296)
"ce"bounds: (810,286),(828,286),(828,296),(810,296)
"qui"bounds: (844,279),(873,279),(873,300),(844,300)
"semble"bounds: (889,280),(958,280),(958,296),(889,296)
"l'entrée"bounds: (164,310),(240,310),(240,327),(164,327)
"principale"bounds: (254,310),(356,310),(356,333),(254,333)
"d'une"bounds: (371,311),(426,311),(426,327),(371,327)
"maison"bounds: (440,310),(512,310),(512,327),(440,327)
"minoenne"bounds: (526,310),(625,310),(625,327),(526,327)
"(Morpurgo-Cadogan"bounds: (640,310),(848,310),(848,333),(640,333)
"1971)."bounds: (863,310),(922,310),(922,332),(863,332)
".9"bounds: (168,378),(187,378),(187,395),(168,395)
"Tylissos."bounds: (202,377),(289,379),(288,403),(201,401)
"Deux"bounds: (214,421),(268,421),(268,438),(214,438)
"tablettes"bounds: (278,421),(368,421),(368,438),(278,438)
"trouvées"bounds: (379,422),(465,422),(465,438),(379,438)
"par"bounds: (477,427),(510,427),(510,441),(477,441)
"J."bounds: (520,421),(537,421),(537,437),(520,437)
"Hazzidakis"bounds: (550,420),(662,420),(662,437),(550,437)
"en"bounds: (674,427),(695,427),(695,437),(674,437)
"1909,"bounds: (707,420),(758,420),(758,441),(707,441)
"dans"bounds: (770,421),(816,421),(816,437),(770,437)
"la"bounds: (828,421),(843,421),(843,437),(828,437)
"Maison"bounds: (855,420),(926,420),(926,436),(855,436)
"A,"bounds: (937,420),(958,420),(958,440),(937,440)
"salle"bounds: (164,452),(208,452),(208,468),(164,468)
"5"bounds: (220,452),(230,452),(230,469),(220,469)
"(ancien"bounds: (243,452),(315,452),(315,474),(243,474)
"«"bounds: (328,458),(334,458),(334,469),(328,469)
"magasin"bounds: (343,452),(427,452),(427,474),(343,474)
"n"bounds: (439,459),(448,459),(448,473),(439,473)
"»"bounds: (457,457),(463,457),(463,468),(457,468)
"du"bounds: (476,452),(500,452),(500,468),(476,468)
"«"bounds: (512,457),(518,457),(518,468),(512,468)
"Palais"bounds: (528,452),(588,452),(588,468),(528,468)
"»)."bounds: (598,452),(617,452),(617,473),(598,473)
"Pugliese"bounds: (360,505),(420,505),(420,519),(360,519)
"Brice"bounds: (623,505),(660,505),(660,515),(623,515)
"Raison-Pope"bounds: (723,504),(816,504),(816,518),(723,518)
"No"bounds: (844,504),(862,504),(862,514),(844,514)
"inventaire"bounds: (870,504),(945,503),(945,514),(870,515)
"GORILA"bounds: (219,517),(274,517),(274,527),(219,527)
"Raccord"bounds: (487,515),(547,516),(547,528),(487,527)
"1945"bounds: (374,526),(406,525),(406,536),(374,537)
"1961"bounds: (627,525),(656,525),(656,535),(627,535)
"1971"bounds: (753,524),(782,523),(782,534),(753,535)
"HM"bounds: (886,524),(911,524),(911,534),(886,534)
"TY"bounds: (226,570),(251,570),(251,584),(226,584)
"2"bounds: (259,570),(268,570),(268,585),(259,585)
"IV"bounds: (624,569),(644,569),(644,582),(624,582)
"8"bounds: (654,570),(662,570),(662,582),(654,582)
"TY"bounds: (746,568),(773,568),(773,581),(746,581)
"2"bounds: (782,568),(791,568),(791,582),(782,582)
"1374"bounds: (877,568),(914,568),(914,581),(877,581)
"Ty"bounds: (370,570),(393,570),(393,588),(370,588)
"2"bounds: (402,570),(411,570),(411,584),(402,584)
"Ту"bounds: (370,592),(403,591),(403,613),(370,614)
"3"bounds: (401,594),(410,594),(410,608),(401,608)
"+fr."bounds: (481,570),(517,568),(518,587),(482,589)
"LG"bounds: (527,569),(553,568),(554,584),(528,585)
"TY"bounds: (226,595),(251,595),(251,609),(226,609)
"3"bounds: (260,594),(268,594),(268,609),(260,609)
"IV"bounds: (624,593),(644,593),(644,607),(624,607)
"9"bounds: (654,593),(662,593),(662,606),(654,606)
"TY"bounds: (746,593),(772,593),(772,606),(746,606)
"3"bounds: (782,593),(790,593),(790,606),(782,606)
"1373+1375"bounds: (845,592),(946,592),(946,609),(845,609)
".10"bounds: (169,678),(199,678),(199,695),(169,695)
"Zakros."bounds: (214,678),(288,678),(288,695),(214,695)
"Une"bounds: (215,720),(254,720),(254,737),(215,737)
"tablette"bounds: (271,719),(351,718),(351,736),(271,737)
"trouvée"bounds: (367,720),(445,719),(445,735),(367,736)
"par"bounds: (461,725),(494,725),(494,739),(461,739)
"D."bounds: (511,718),(532,718),(532,735),(511,735)
"G."bounds: (549,718),(569,718),(569,734),(549,734)
"Hogarth"bounds: (588,717),(673,716),(673,737),(588,738)
"en"bounds: (690,724),(711,724),(711,733),(690,733)
"1901,"bounds: (729,716),(780,716),(780,736),(729,736)
"à"bounds: (797,717),(805,717),(805,732),(797,732)
"Kato"bounds: (824,716),(874,716),(874,732),(824,732)
"Zakros"bounds: (891,715),(959,714),(959,731),(891,732)
"(House"bounds: (166,752),(237,752),(237,774),(166,774)
"A)."bounds: (248,752),(276,752),(276,773),(248,773)
"Pugliese"bounds: (394,805),(454,804),(454,819),(394,820)
"Brice"bounds: (558,804),(595,803),(595,815),(558,816)
"Raison-Pope"bounds: (682,803),(776,803),(776,817),(682,817)
"No"bounds: (831,802),(849,802),(849,813),(831,813)
"inventaire"bounds: (857,802),(932,801),(932,812),(857,813)
"GORILA"bounds: (230,816),(285,818),(285,828),(230,826)
"1945"bounds: (409,826),(440,826),(440,836),(409,836)
"1961"bounds: (562,825),(591,825),(591,835),(562,835)
"1971"bounds: (714,823),(743,823),(743,834),(714,834)
"HM"bounds: (863,822),(888,822),(888,832),(863,832)
"ZA"bounds: (237,870),(269,870),(269,889),(237,889)
"1"bounds: (271,873),(279,873),(279,888),(271,888)
"Z"bounds: (409,873),(432,872),(433,886),(410,887)
"1"bounds: (436,869),(438,869),(439,887),(437,887)
"IV"bounds: (558,871),(578,871),(578,884),(558,884)
"5"bounds: (587,870),(596,870),(596,884),(587,884)
"ZA"bounds: (708,870),(733,870),(733,883),(708,883)
"1"bounds: (744,870),(748,870),(748,883),(744,883)
"85"bounds: (872,868),(891,868),(891,882),(872,882)
"VI."bounds: (393,979),(432,979),(432,998),(393,998)
"PRÉSENTATION"bounds: (439,981),(593,981),(593,997),(439,997)
"DU"bounds: (609,986),(635,986),(635,996),(609,996)
"RECUEIL"bounds: (651,985),(736,985),(736,995),(651,995)
"Ainsi"bounds: (215,1034),(266,1033),(266,1050),(215,1051)
"que"bounds: (281,1040),(316,1040),(316,1055),(281,1055)
"nous"bounds: (331,1040),(377,1039),(377,1048),(331,1049)
"l'avons"bounds: (392,1033),(464,1032),(464,1049),(392,1050)
"indiqué"bounds: (480,1031),(555,1030),(555,1053),(480,1054)
"dans"bounds: (570,1030),(616,1029),(616,1046),(570,1047)
"la"bounds: (631,1030),(646,1030),(646,1047),(631,1047)
"préface,"bounds: (662,1029),(741,1028),(741,1051),(662,1052)
"notre"bounds: (756,1032),(809,1031),(809,1044),(756,1045)
"but"bounds: (823,1028),(858,1028),(858,1044),(823,1044)
"a"bounds: (872,1035),(880,1035),(880,1044),(872,1044)
"été"bounds: (896,1028),(924,1028),(924,1043),(896,1043)
"de"bounds: (939,1027),(960,1027),(960,1043),(939,1043)
"donner"bounds: (165,1066),(236,1065),(236,1081),(165,1082)
"pour"bounds: (245,1071),(292,1070),(292,1086),(245,1087)
"chaque"bounds: (301,1064),(373,1063),(373,1085),(301,1086)
"face"bounds: (383,1063),(422,1063),(422,1080),(383,1080)
"de"bounds: (431,1063),(452,1063),(452,1080),(431,1080)
"chaque"bounds: (462,1063),(534,1062),(534,1083),(462,1084)
"document"bounds: (544,1062),(646,1061),(646,1078),(544,1079)
"(et,"bounds: (656,1061),(687,1061),(687,1082),(656,1082)
"quand"bounds: (697,1061),(761,1060),(761,1081),(697,1082)
"cela"bounds: (770,1060),(808,1060),(808,1076),(770,1076)
"était"bounds: (818,1059),(864,1058),(864,1074),(818,1075)
"possible,"bounds: (873,1059),(959,1058),(959,1079),(873,1080)
"pour"bounds: (166,1103),(213,1103),(213,1117),(166,1117)
"l'ensemble"bounds: (226,1096),(334,1095),(334,1112),(226,1113)
"des"bounds: (349,1095),(379,1095),(379,1111),(349,1111)
"faces"bounds: (395,1095),(443,1095),(443,1111),(395,1111)
"d'un"bounds: (458,1093),(503,1093),(503,1110),(458,1110)
"document)"bounds: (518,1092),(627,1091),(627,1113),(518,1114)
"toute"bounds: (643,1094),(688,1094),(688,1108),(643,1108)
"l'édition"bounds: (702,1091),(783,1090),(783,1107),(702,1108)
"sur"bounds: (797,1096),(827,1096),(827,1106),(797,1106)
"deux"bounds: (842,1090),(890,1090),(890,1106),(842,1106)
"pages"bounds: (905,1095),(960,1095),(960,1110),(905,1110)
"opposées."bounds: (166,1128),(261,1128),(261,1150),(166,1150)
"En"bounds: (216,1158),(243,1158),(243,1175),(216,1175)
"règle"bounds: (255,1158),(303,1157),(303,1179),(255,1180)
"générale,"bounds: (315,1157),(405,1156),(405,1178),(315,1179)
"notre"bounds: (418,1159),(470,1158),(470,1172),(418,1173)
"édition"bounds: (483,1155),(553,1154),(553,1171),(483,1172)
"comprend"bounds: (566,1154),(667,1153),(667,1176),(566,1177)
"quatre"bounds: (680,1157),(746,1156),(746,1174),(680,1175)
"présentations"bounds: (758,1152),(897,1150),(897,1172),(758,1174)
"diffé-"bounds: (909,1150),(960,1149),(960,1167),(909,1168)
"rentes"bounds: (167,1194),(227,1193),(227,1206),(167,1207)
"de"bounds: (237,1189),(258,1189),(258,1206),(237,1206)
"chaque"bounds: (268,1189),(340,1188),(340,1211),(268,1212)
"texte,"bounds: (349,1191),(407,1190),(407,1208),(349,1209)
"à"bounds: (418,1188),(427,1188),(427,1203),(418,1203)
"savoir"bounds: (437,1187),(499,1186),(499,1203),(437,1204)
":"bounds: (508,1193),(510,1193),(510,1202),(508,1202)
"A."bounds: (216,1231),(236,1231),(236,1248),(216,1248)
"Une"bounds: (252,1231),(291,1231),(291,1247),(252,1247)
"photographie."bounds: (302,1229),(437,1229),(437,1252),(302,1252)
"B."bounds: (214,1262),(234,1262),(234,1279),(214,1279)
"Un"bounds: (253,1259),(288,1259),(288,1287),(253,1287)
"dessin"bounds: (293,1261),(354,1260),(354,1278),(293,1279)
"fac-similé"bounds: (367,1260),(465,1259),(465,1283),(367,1284)
"(suivi"bounds: (479,1259),(534,1258),(534,1280),(479,1281)
"d'un"bounds: (549,1258),(593,1258),(593,1275),(549,1275)
"lemme)."bounds: (607,1257),(688,1256),(688,1278),(607,1279)
"C."bounds: (211,1289),(251,1289),(251,1313),(211,1313)
"Une"bounds: (251,1293),(290,1293),(290,1310),(251,1310)
"copie"bounds: (300,1292),(350,1292),(350,1312),(300,1312)
"normalisée"bounds: (360,1291),(466,1290),(466,1307),(360,1308)
"(suivie,"bounds: (477,1290),(549,1290),(549,1311),(477,1311)
"le"bounds: (561,1290),(575,1290),(575,1306),(561,1306)
"cas"bounds: (586,1296),(615,1296),(615,1306),(586,1306)
"échéant,"bounds: (626,1289),(710,1288),(710,1309),(626,1310)
"d'un"bounds: (722,1288),(767,1288),(767,1305),(722,1305)
"apparat"bounds: (777,1290),(857,1289),(857,1308),(777,1309)
"critique)."bounds: (868,1285),(961,1284),(961,1307),(868,1308)
"D."bounds: (216,1325),(236,1325),(236,1341),(216,1341)
"Une"bounds: (252,1323),(290,1323),(290,1341),(252,1341)
"copie"bounds: (302,1323),(352,1323),(352,1344),(302,1344)
"tabulaire"bounds: (363,1322),(453,1321),(453,1339),(363,1340)
"(suivie,"bounds: (465,1321),(537,1320),(537,1342),(465,1343)
"le"bounds: (550,1321),(565,1321),(565,1337),(550,1337)
"cas"bounds: (577,1327),(607,1327),(607,1337),(577,1337)
"échéant,"bounds: (619,1320),(704,1319),(704,1340),(619,1341)
"d'un"bounds: (718,1319),(762,1319),(762,1335),(718,1335)
"apparat"bounds: (775,1322),(855,1321),(855,1340),(775,1341)
"critique)."bounds: (867,1317),(960,1316),(960,1338),(867,1339)