Texts:

"INSCRIPTIONS EN LINÉAIRE A
Wa 1755
Wa 1756
Wa 1757
HM 449.11
HM 449.12
HM 449.13
Wa 1758
Wa 1759
Wa 1760
HM 454.18
Pigonini
HM 464.1
Wa 1761
Wa 1762
Wa 1763
HM 464.2
HM 464.3
HM 464.4
Wa 1764
Wa 1765
Wa 1766
HM 464.5
HM 464.6
HM 464.7
Wa 1767
Wa 1768
Wa 1769
HM 464.8
HM 464.9
HM 니64.40
60
"bounds: (72,68),(1149,68),(1149,1524),(72,1524)
"INSCRIPTIONS"bounds: (508,72),(633,71),(633,84),(508,85)
"EN"bounds: (644,73),(666,73),(666,84),(644,84)
"LINÉAIRE"bounds: (677,69),(762,68),(762,84),(677,85)
"A"bounds: (772,74),(782,74),(782,84),(772,84)
"Wa"bounds: (216,153),(247,152),(247,166),(216,167)
"1755"bounds: (261,152),(302,151),(302,166),(261,167)
"Wa"bounds: (584,153),(615,152),(615,166),(584,167)
"1756"bounds: (629,153),(671,152),(671,166),(629,167)
"Wa"bounds: (950,151),(981,151),(981,165),(950,165)
"1757"bounds: (995,151),(1036,151),(1036,165),(995,165)
"HM"bounds: (329,354),(353,354),(353,368),(329,368)
"449.11"bounds: (365,352),(435,353),(435,369),(365,368)
"HM"bounds: (673,355),(700,356),(700,369),(673,368)
"449.12"bounds: (710,355),(779,357),(779,372),(710,370)
"HM"bounds: (1049,353),(1074,353),(1074,369),(1049,369)
"449.13"bounds: (1082,353),(1148,354),(1148,369),(1082,368)
"Wa"bounds: (219,421),(250,421),(250,435),(219,435)
"1758"bounds: (264,421),(305,421),(305,435),(264,435)
"Wa"bounds: (590,421),(621,421),(621,435),(590,435)
"1759"bounds: (635,420),(676,420),(676,435),(635,435)
"Wa"bounds: (950,420),(981,420),(981,434),(950,434)
"1760"bounds: (995,419),(1036,418),(1036,433),(995,434)
"HM"bounds: (352,626),(373,626),(373,640),(352,640)
"454.18"bounds: (380,625),(435,626),(435,641),(380,640)
"Pigonini"bounds: (697,622),(762,621),(763,649),(698,650)
"HM"bounds: (1037,628),(1064,628),(1064,643),(1037,643)
"464.1"bounds: (1072,628),(1125,629),(1125,644),(1072,643)
"Wa"bounds: (219,689),(250,689),(250,703),(219,703)
"1761"bounds: (264,687),(303,686),(303,701),(264,702)
"Wa"bounds: (592,689),(623,689),(623,703),(592,703)
"1762"bounds: (638,687),(678,687),(678,703),(638,703)
"Wa"bounds: (948,690),(979,690),(979,704),(948,704)
"1763"bounds: (994,690),(1034,690),(1034,704),(994,704)
"HM"bounds: (345,899),(369,899),(369,913),(345,913)
"464.2"bounds: (379,898),(432,898),(432,911),(379,911)
"HM"bounds: (707,896),(734,897),(734,911),(707,910)
"464.3"bounds: (741,897),(793,898),(793,911),(741,910)
"HM"bounds: (1065,897),(1090,898),(1090,913),(1065,912)
"464.4"bounds: (1099,897),(1149,898),(1149,913),(1099,912)
"Wa"bounds: (219,960),(250,961),(250,975),(219,974)
"1764"bounds: (265,958),(305,959),(305,975),(265,974)
"Wa"bounds: (589,961),(619,961),(619,975),(589,975)
"1765"bounds: (634,960),(674,960),(674,974),(634,974)
"Wa"bounds: (951,960),(982,960),(982,974),(951,974)
"1766"bounds: (996,960),(1037,961),(1037,975),(996,974)
"HM"bounds: (353,1169),(377,1170),(377,1184),(353,1183)
"464.5"bounds: (386,1169),(440,1171),(440,1185),(386,1183)
"HM"bounds: (704,1167),(728,1167),(728,1181),(704,1181)
"464.6"bounds: (736,1166),(791,1166),(791,1181),(736,1181)
"HM"bounds: (1056,1170),(1080,1170),(1080,1184),(1056,1184)
"464.7"bounds: (1090,1169),(1138,1170),(1138,1187),(1090,1186)
"Wa"bounds: (221,1234),(252,1234),(252,1248),(221,1248)
"1767"bounds: (267,1232),(307,1232),(307,1247),(267,1247)
"Wa"bounds: (592,1232),(623,1232),(623,1246),(592,1246)
"1768"bounds: (637,1232),(678,1232),(678,1246),(637,1246)
"Wa"bounds: (955,1233),(986,1232),(986,1246),(955,1247)
"1769"bounds: (1001,1232),(1042,1231),(1042,1246),(1001,1247)
"HM"bounds: (346,1432),(371,1431),(371,1445),(346,1446)
"464.8"bounds: (381,1431),(433,1430),(433,1445),(381,1446)
"HM"bounds: (705,1429),(731,1430),(731,1444),(705,1443)
"464.9"bounds: (739,1429),(787,1430),(787,1445),(739,1444)
"HM"bounds: (1044,1432),(1068,1432),(1068,1447),(1044,1447)
"니"bounds: (1083,1430),(1093,1430),(1093,1448),(1083,1448)
"64.40"bounds: (1095,1429),(1147,1429),(1147,1447),(1095,1447)
"60"bounds: (72,1507),(96,1507),(96,1524),(72,1524)