Texts:

"77
77 -31
KE 1.1'
77 -31-26
HT 10b.31
77 -37
HT 63.11
77 -37-60-51
*HT 58.1
1eX-C
777 -46-L
7?? -46-70
KN 22a.2'
*KN 22a.21
田%王
77 -51-80-24
нТ 29.61
77 -53-310-28
HT 98a.41
77 -55-37
HT 97a.31
7?7 -59-27/
KH 41.2
77 -65
HT- 88.4
27 -67
HT 37.1.5
777 -76/
нT 139.31
HT 62/+ 73.21
PT 16.1 Wc 3015a? 3016a?
?7 -81
77 -81-03
の王半
77 -81-24-04
ZA 10b.63
77 -305
HT 9h.2'
77 -314-41-320
PH WC 37a-b?
E
7- 72 -24
ARKH 3a.13
TOI
07- 27 -67/
HT 52a.21
07- 77 -69L
*HT 52a.21
08- 77 -26
HT 2.1 86a.1,b[.11
08- 77 -55-17-37
KN Zc 7.14
12 OF
708- 27 -59/
KN (?) 32a.2'
753- 22 -24
XARKH 3a.13
нT 146,41
HT 8a.1-2
53- 77 -59
56- 77 -60-37
61- 77 -73-17-41-28-06
PK 1.3-41
心田4
80- 77 -28-09
ZA 8.43
80- 77 -28-59
PK 1.81
ZA 5h.2-33
Y田2中
80- 77 -53-04
нт 87.1-21 117а. 11
10-06- 27 F06-41
IO Za 95
10-06- 77 -06-41
KO Za 1c
4
PK Za 8b
.4
SY Za 2b
,4
TL Za 1b*
10 Za 2c-d.15
FT田T4
平T田平
Aや田中
10-06- 77 -06-741
07-07- 77 -09
ZA Zb 3.14
50-30- 77 -363
ZA 14.23
08-37- 77 -08-51-70-[?3]
ZA Wc 2.1-22
258
"bounds: (63,92),(1156,92),(1156,1533),(63,1533)
"77"bounds: (1139,92),(1156,92),(1156,105),(1139,105)
"77"bounds: (579,156),(597,156),(597,173),(579,173)
"-31"bounds: (606,152),(646,153),(646,177),(606,176)
"KE"bounds: (807,153),(822,152),(823,163),(808,165)
"1.1'"bounds: (833,149),(862,146),(864,164),(835,167)
"77"bounds: (579,190),(595,189),(596,203),(580,204)
"-31-26"bounds: (605,191),(654,189),(654,199),(605,201)
"HT"bounds: (807,188),(823,187),(824,198),(808,199)
"10b.31"bounds: (834,184),(880,180),(881,199),(836,203)
"77"bounds: (578,225),(596,224),(597,238),(579,239)
"-37"bounds: (605,223),(629,222),(630,233),(606,234)
"HT"bounds: (807,222),(823,221),(824,232),(808,233)
"63.11"bounds: (833,216),(871,213),(872,232),(834,235)
"77"bounds: (582,257),(595,257),(595,267),(582,267)
"-37-60-51"bounds: (606,256),(679,255),(679,267),(606,268)
"*HT"bounds: (808,250),(832,249),(833,266),(809,267)
"58.1"bounds: (839,248),(874,247),(875,267),(840,268)
"1eX-C"bounds: (245,280),(318,279),(319,314),(246,315)
"777"bounds: (563,287),(596,286),(597,308),(564,309)
"-46-L"bounds: (606,287),(655,286),(656,305),(607,306)
"7??"bounds: (565,321),(596,321),(596,343),(565,343)
"-46-70"bounds: (607,319),(672,320),(672,344),(607,343)
"KN"bounds: (808,289),(824,288),(824,299),(809,300)
"22a.2'"bounds: (834,283),(880,281),(881,299),(835,301)
"*KN"bounds: (809,318),(833,318),(833,334),(809,334)
"22a.21"bounds: (844,314),(889,314),(889,334),(844,334)
"田"bounds: (238,350),(278,350),(278,379),(238,379)
"%"bounds: (280,350),(298,350),(298,379),(280,379)
"王"bounds: (300,351),(342,351),(342,374),(300,374)
"77"bounds: (579,359),(598,358),(598,372),(579,373)
"-51-80-24"bounds: (606,358),(681,356),(681,369),(606,371)
"нТ"bounds: (802,351),(840,349),(841,368),(803,370)
"29.61"bounds: (842,348),(873,346),(874,366),(843,368)
"77"bounds: (580,392),(599,392),(599,406),(580,406)
"-53-310-28"bounds: (607,391),(690,390),(690,402),(607,403)
"HT"bounds: (808,390),(825,389),(826,401),(809,402)
"98a.41"bounds: (835,385),(882,382),(883,400),(836,403)
"77"bounds: (580,426),(598,425),(599,440),(581,441)
"-55-37"bounds: (607,426),(656,423),(657,435),(608,438)
"HT"bounds: (809,424),(826,423),(827,433),(810,434)
"97a.31"bounds: (835,418),(882,415),(883,433),(836,436)
"7?7"bounds: (565,455),(597,455),(597,476),(565,476)
"-59-27/"bounds: (608,455),(674,454),(674,472),(608,473)
"KH"bounds: (810,457),(825,456),(826,467),(811,468)
"41.2"bounds: (835,451),(875,449),(876,468),(836,470)
"77"bounds: (581,493),(600,493),(600,507),(581,507)
"-65"bounds: (608,492),(631,492),(631,502),(608,502)
"HT-"bounds: (810,491),(830,490),(830,500),(810,501)
"88.4"bounds: (836,485),(874,484),(874,500),(836,501)
"27"bounds: (582,526),(599,525),(600,541),(583,542)
"-67"bounds: (608,526),(632,525),(632,535),(608,536)
"HT"bounds: (810,524),(827,524),(827,535),(810,535)
"37.1.5"bounds: (834,518),(885,518),(885,541),(834,541)
"777"bounds: (566,556),(600,556),(600,575),(566,575)
"-76/"bounds: (609,555),(649,555),(649,575),(609,575)
"нT"bounds: (803,554),(841,552),(842,571),(804,573)
"139.31"bounds: (843,551),(884,549),(885,569),(844,571)
"HT"bounds: (811,591),(827,591),(827,603),(811,603)
"62/+"bounds: (836,584),(881,583),(882,608),(837,609)
"73.21"bounds: (883,582),(937,580),(938,606),(884,608)
"PT"bounds: (811,625),(827,625),(827,636),(811,636)
"16.1"bounds: (838,618),(870,617),(870,640),(838,641)
"Wc"bounds: (887,624),(903,624),(903,635),(887,635)
"3015a?"bounds: (913,618),(962,617),(962,635),(913,636)
"3016a?"bounds: (972,616),(1021,615),(1021,635),(972,636)
"?7"bounds: (582,594),(600,594),(600,607),(582,607)
"-81"bounds: (609,593),(631,593),(631,603),(609,603)
"77"bounds: (582,627),(599,626),(599,640),(582,641)
"-81-03"bounds: (609,627),(658,625),(658,636),(609,638)
"の"bounds: (242,647),(285,647),(285,678),(242,678)
"王"bounds: (303,651),(318,651),(318,674),(303,674)
"半"bounds: (328,649),(346,649),(346,674),(328,674)
"77"bounds: (583,661),(599,661),(599,674),(583,674)
"-81-24-04"bounds: (609,661),(683,659),(683,670),(609,672)
"ZA"bounds: (812,658),(826,657),(827,669),(813,670)
"10b.63"bounds: (839,653),(885,649),(886,668),(840,672)
"77"bounds: (585,694),(599,694),(599,704),(585,704)
"-305"bounds: (610,694),(641,693),(641,704),(610,705)
"HT"bounds: (812,691),(828,690),(828,702),(812,703)
"9h.2'"bounds: (838,686),(876,685),(877,702),(839,704)
"77"bounds: (586,727),(599,727),(599,736),(586,736)
"-314-41-320"bounds: (610,726),(701,726),(701,736),(610,736)
"PH"bounds: (812,725),(828,724),(829,734),(813,735)
"WC"bounds: (835,718),(860,716),(861,735),(836,737)
"37a-b?"bounds: (862,717),(911,714),(912,732),(863,735)
"E"bounds: (450,760),(457,760),(457,771),(450,771)
"7-"bounds: (553,756),(584,756),(584,775),(553,775)
"72"bounds: (584,760),(602,760),(602,775),(584,775)
"-24"bounds: (611,760),(634,760),(634,770),(611,770)
"ARKH"bounds: (811,758),(845,756),(846,769),(812,771)
"3a.13"bounds: (855,754),(895,752),(896,769),(856,771)
"TOI"bounds: (235,782),(304,783),(304,811),(235,810)
"07-"bounds: (552,795),(575,795),(575,805),(552,805)
"27"bounds: (584,795),(603,795),(603,810),(584,810)
"-67/"bounds: (611,793),(643,794),(643,811),(611,810)
"HT"bounds: (812,793),(828,792),(829,803),(813,804)
"52a.21"bounds: (839,788),(885,785),(886,802),(840,805)
"07-"bounds: (552,829),(575,829),(575,838),(552,838)
"77"bounds: (584,828),(603,828),(603,843),(584,843)
"-69L"bounds: (611,824),(652,824),(652,843),(611,843)
"*HT"bounds: (813,821),(837,821),(837,837),(813,837)
"52a.21"bounds: (848,819),(894,818),(894,837),(848,838)
"08-"bounds: (552,862),(576,862),(576,872),(552,872)
"77"bounds: (585,862),(602,862),(602,876),(585,876)
"-26"bounds: (612,862),(635,862),(635,871),(612,871)
"HT"bounds: (813,860),(829,860),(829,871),(813,871)
"2.1"bounds: (838,852),(865,852),(865,876),(838,876)
"86a.1,b[.11"bounds: (882,851),(978,850),(978,873),(882,874)
"08-"bounds: (552,896),(576,896),(576,905),(552,905)
"77"bounds: (585,896),(603,896),(603,909),(585,909)
"-55-17-37"bounds: (612,896),(685,897),(685,907),(612,906)
"KN"bounds: (813,894),(829,893),(830,905),(814,906)
"Zc"bounds: (837,888),(864,886),(865,907),(838,909)
"7.14"bounds: (865,887),(897,885),(898,904),(866,906)
"12"bounds: (218,943),(263,944),(262,978),(217,977)
"OF"bounds: (256,949),(293,950),(292,973),(255,972)
"708-"bounds: (536,926),(576,926),(576,944),(536,944)
"27"bounds: (586,929),(604,929),(604,944),(586,944)
"-59/"bounds: (612,926),(652,926),(652,943),(612,943)
"KN"bounds: (804,924),(828,922),(829,944),(805,946)
"(?)"bounds: (831,922),(854,920),(855,942),(832,944)
"32a.2'"bounds: (864,923),(911,920),(912,937),(865,940)
"753-"bounds: (537,959),(577,959),(577,979),(537,979)
"22"bounds: (585,963),(603,963),(603,978),(585,978)
"-24"bounds: (612,963),(635,963),(635,972),(612,972)
"XARKH"bounds: (814,955),(855,954),(855,971),(815,972)
"3a.13"bounds: (865,953),(905,952),(906,971),(866,972)
"нT"bounds: (806,990),(844,988),(845,1007),(807,1009)
"146,41"bounds: (846,988),(887,986),(888,1005),(847,1007)
"HT"bounds: (814,1020),(830,1019),(830,1030),(814,1031)
"8a.1-2"bounds: (840,1013),(892,1011),(893,1031),(841,1033)
"53-"bounds: (554,996),(577,996),(577,1006),(554,1006)
"77"bounds: (588,996),(602,996),(602,1009),(588,1009)
"-59"bounds: (612,996),(636,996),(636,1006),(612,1006)
"56-"bounds: (554,1022),(577,1022),(577,1031),(554,1031)
"77"bounds: (588,1022),(602,1022),(602,1032),(588,1032)
"-60-37"bounds: (612,1020),(661,1020),(661,1032),(612,1032)
"61-"bounds: (554,1055),(578,1055),(578,1065),(554,1065)
"77"bounds: (589,1055),(603,1055),(603,1065),(589,1065)
"-73-17-41-28-06"bounds: (613,1054),(737,1053),(737,1065),(613,1066)
"PK"bounds: (815,1053),(830,1052),(831,1064),(816,1065)
"1.3-41"bounds: (842,1048),(888,1044),(889,1063),(844,1067)
"心田"bounds: (226,1079),(283,1079),(283,1110),(226,1110)
"4"bounds: (302,1083),(313,1083),(313,1105),(302,1105)
"80-"bounds: (554,1089),(577,1088),(577,1099),(554,1100)
"77"bounds: (589,1089),(603,1089),(603,1098),(589,1098)
"-28-09"bounds: (613,1089),(661,1088),(661,1099),(613,1100)
"ZA"bounds: (815,1088),(830,1087),(831,1098),(816,1099)
"8.43"bounds: (840,1080),(873,1078),(874,1097),(841,1099)
"80-"bounds: (555,1123),(577,1123),(577,1133),(555,1133)
"77"bounds: (589,1122),(603,1122),(603,1133),(589,1133)
"-28-59"bounds: (613,1122),(662,1121),(662,1132),(613,1133)
"PK"bounds: (816,1121),(830,1121),(830,1132),(816,1132)
"1.81"bounds: (842,1113),(870,1112),(870,1130),(842,1131)
"ZA"bounds: (816,1154),(830,1153),(831,1166),(817,1167)
"5h.2-33"bounds: (841,1149),(898,1145),(899,1164),(842,1168)
"Y"bounds: (232,1179),(251,1179),(251,1202),(232,1202)
"田"bounds: (256,1182),(276,1182),(276,1202),(256,1202)
"2"bounds: (284,1181),(293,1181),(293,1205),(284,1205)
"中"bounds: (302,1178),(319,1178),(319,1204),(302,1204)
"80-"bounds: (555,1191),(578,1191),(578,1201),(555,1201)
"77"bounds: (588,1190),(604,1190),(604,1203),(588,1203)
"-53-04"bounds: (614,1190),(662,1189),(662,1200),(614,1201)
"нт"bounds: (808,1182),(845,1181),(846,1204),(809,1205)
"87.1-21"bounds: (847,1180),(901,1178),(902,1202),(848,1204)
"117а."bounds: (910,1188),(947,1187),(947,1199),(910,1200)
"11"bounds: (953,1180),(964,1180),(965,1199),(954,1199)
"10-06-"bounds: (531,1224),(578,1223),(578,1234),(531,1235)
"27"bounds: (587,1225),(606,1225),(606,1240),(587,1240)
"F06-41"bounds: (614,1221),(670,1220),(670,1238),(614,1239)
"IO"bounds: (812,1222),(847,1219),(848,1236),(814,1239)
"Za"bounds: (849,1219),(862,1218),(863,1235),(851,1236)
"95"bounds: (867,1217),(883,1216),(884,1231),(868,1233)
"10-06-"bounds: (531,1259),(579,1259),(579,1269),(531,1269)
"77"bounds: (590,1259),(604,1259),(604,1269),(590,1269)
"-06-41"bounds: (614,1258),(662,1258),(662,1269),(614,1269)
"KO"bounds: (817,1256),(832,1256),(832,1268),(817,1268)
"Za"bounds: (843,1257),(857,1257),(857,1267),(843,1267)
"1c"bounds: (866,1254),(882,1254),(882,1270),(866,1270)
"4"bounds: (884,1248),(890,1248),(890,1258),(884,1258)
"PK"bounds: (817,1291),(832,1291),(832,1302),(817,1302)
"Za"bounds: (843,1287),(861,1287),(861,1303),(843,1303)
"8b"bounds: (865,1287),(884,1287),(884,1303),(865,1303)
".4"bounds: (876,1282),(890,1282),(890,1294),(876,1294)
"SY"bounds: (905,1302),(934,1301),(935,1318),(906,1319)
"Za"bounds: (936,1300),(961,1299),(962,1316),(937,1317)
"2b"bounds: (966,1299),(985,1298),(986,1315),(967,1316)
",4"bounds: (875,1316),(890,1316),(890,1328),(875,1328)
"TL"bounds: (816,1325),(832,1325),(832,1336),(816,1336)
"Za"bounds: (842,1321),(861,1321),(861,1338),(842,1338)
"1b*"bounds: (869,1320),(890,1320),(890,1336),(869,1336)
"10"bounds: (817,1350),(832,1349),(833,1361),(818,1362)
"Za"bounds: (842,1350),(858,1349),(859,1361),(843,1362)
"2c-d.15"bounds: (866,1341),(924,1338),(925,1360),(867,1363)
"FT"bounds: (209,1345),(247,1345),(247,1367),(209,1367)
"田"bounds: (249,1342),(282,1342),(282,1373),(249,1373)
"T4"bounds: (284,1343),(325,1343),(325,1374),(284,1374)
"平"bounds: (208,1377),(228,1377),(228,1401),(208,1401)
"T"bounds: (235,1378),(249,1378),(249,1403),(235,1403)
"田"bounds: (255,1382),(274,1382),(274,1402),(255,1402)
"平"bounds: (282,1380),(297,1380),(297,1404),(282,1404)
"A"bounds: (204,1412),(226,1412),(226,1437),(204,1437)
"や"bounds: (229,1412),(250,1412),(250,1436),(229,1436)
"田中"bounds: (254,1411),(299,1411),(299,1437),(254,1437)
"10-06-"bounds: (532,1352),(579,1352),(579,1362),(532,1362)
"77"bounds: (589,1353),(604,1353),(604,1366),(589,1366)
"-06-741"bounds: (615,1348),(670,1348),(670,1366),(615,1366)
"07-07-"bounds: (530,1386),(579,1386),(579,1396),(530,1396)
"77"bounds: (591,1386),(605,1386),(605,1396),(591,1396)
"-09"bounds: (615,1385),(638,1385),(638,1396),(615,1396)
"ZA"bounds: (817,1385),(832,1384),(833,1395),(818,1396)
"Zb"bounds: (842,1384),(857,1383),(858,1394),(843,1395)
"3.14"bounds: (867,1376),(899,1374),(900,1393),(868,1395)
"50-30-"bounds: (531,1421),(579,1421),(579,1431),(531,1431)
"77"bounds: (588,1417),(604,1417),(604,1434),(588,1434)
"-363"bounds: (615,1420),(646,1420),(646,1430),(615,1430)
"ZA"bounds: (817,1417),(831,1416),(832,1429),(818,1430)
"14.23"bounds: (843,1412),(883,1409),(884,1428),(844,1431)
"08-37-"bounds: (531,1456),(580,1457),(580,1469),(531,1468)
"77"bounds: (589,1456),(607,1456),(607,1473),(589,1473)
"-08-51-70-[?3]"bounds: (615,1450),(730,1452),(730,1478),(615,1476)
"ZA"bounds: (817,1455),(832,1454),(833,1467),(818,1468)
"Wc"bounds: (842,1455),(857,1454),(858,1466),(843,1467)
"2.1-22"bounds: (868,1448),(916,1445),(917,1465),(869,1468)
"258"bounds: (63,1514),(100,1514),(100,1533),(63,1533)