Texts:

"目
57
A 550
HT 23a.2,b.2' 32.2' 35.2' 81.1'
73+ 57 +26
KH 12.13 36.13 60.33
A 551
73+ 57 +28
HT 34.5' 37.11
KH 81,23
A 552
73+ 57 +77
HT 33.3' 34.1'
232
"bounds: (59,73),(1155,73),(1155,1525),(59,1525)
"目"bounds: (154,73),(167,73),(167,98),(154,98)
"57"bounds: (1138,87),(1155,87),(1155,101),(1138,101)
"A"bounds: (217,158),(227,158),(227,174),(217,174)
"550"bounds: (228,162),(251,162),(251,172),(228,172)
"HT"bounds: (811,163),(827,163),(827,173),(811,173)
"23a.2,b.2'"bounds: (838,156),(917,155),(917,176),(838,177)
"32.2'"bounds: (929,156),(967,156),(967,175),(929,175)
"35.2'"bounds: (980,157),(1017,157),(1017,175),(980,175)
"81.1'"bounds: (1030,157),(1068,157),(1068,176),(1030,176)
"73+"bounds: (594,162),(617,162),(617,171),(594,171)
"57"bounds: (627,162),(642,162),(642,172),(627,172)
"+26"bounds: (652,162),(675,162),(675,172),(652,172)
"KH"bounds: (811,196),(827,196),(827,206),(811,206)
"12.13"bounds: (838,188),(876,188),(876,207),(838,207)
"36.13"bounds: (887,188),(927,188),(927,207),(887,207)
"60.33"bounds: (938,190),(978,190),(978,208),(938,208)
"A"bounds: (217,226),(225,226),(225,241),(217,241)
"551"bounds: (228,229),(248,229),(248,240),(228,240)
"73+"bounds: (594,229),(616,229),(616,238),(594,238)
"57"bounds: (627,228),(641,228),(641,238),(627,238)
"+28"bounds: (651,229),(674,229),(674,239),(651,239)
"HT"bounds: (810,230),(826,230),(826,240),(810,240)
"34.5'"bounds: (836,222),(874,222),(874,241),(836,241)
"37.11"bounds: (887,222),(924,222),(924,241),(887,241)
"KH"bounds: (810,262),(826,261),(827,273),(811,274)
"81,23"bounds: (835,258),(876,256),(877,273),(836,275)
"A"bounds: (220,293),(228,293),(228,308),(220,308)
"552"bounds: (227,296),(250,296),(250,307),(227,307)
"73+"bounds: (593,295),(616,295),(616,305),(593,305)
"57"bounds: (627,296),(641,296),(641,306),(627,306)
"+77"bounds: (651,295),(674,295),(674,305),(651,305)
"HT"bounds: (811,296),(826,296),(826,307),(811,307)
"33.3'"bounds: (837,290),(874,290),(874,308),(837,308)
"34.1'"bounds: (887,288),(925,288),(925,308),(887,308)
"232"bounds: (59,1506),(96,1506),(96,1525),(59,1525)