Texts:

"140
INSCRIPTIONS EN LINÉAIRE A
La mise en page ne requiert pas de commentaire particulier; si les
entrées relatives aux signes contenus dans les trois documents de Symi
(SY Za 1 -2 -3) tranchent un peu avec la régularité du reste, tant par la
typographie que par la disposition de certaines références, cela est dû au
fait que nous n'avons été en mesure d'intégrer ce matériel qu'une fois
les planches composées.
"bounds: (261,176),(1057,176),(1057,407),(261,407)
"140"bounds: (263,176),(291,176),(291,190),(263,190)
"INSCRIPTIONS"bounds: (528,180),(644,179),(644,189),(528,190)
"EN"bounds: (657,180),(679,180),(679,189),(657,189)
"LINÉAIRE"bounds: (692,176),(773,176),(773,189),(692,189)
"A"bounds: (786,181),(795,181),(795,189),(786,189)
"La"bounds: (312,230),(337,230),(337,247),(312,247)
"mise"bounds: (352,230),(397,230),(397,246),(352,246)
"en"bounds: (411,236),(433,236),(433,246),(411,246)
"page"bounds: (446,236),(493,236),(493,252),(446,252)
"ne"bounds: (507,236),(528,236),(528,246),(507,246)
"requiert"bounds: (542,229),(624,229),(624,252),(542,252)
"pas"bounds: (638,236),(670,236),(670,251),(638,251)
"de"bounds: (684,230),(706,230),(706,246),(684,246)
"commentaire"bounds: (720,229),(854,229),(854,246),(720,246)
"particulier;"bounds: (868,229),(988,229),(988,251),(868,251)
"si"bounds: (1003,229),(1016,229),(1016,246),(1003,246)
"les"bounds: (1030,229),(1055,229),(1055,246),(1030,246)
"entrées"bounds: (263,262),(335,262),(335,278),(263,278)
"relatives"bounds: (350,260),(437,260),(437,277),(350,277)
"aux"bounds: (452,268),(489,268),(489,277),(452,277)
"signes"bounds: (503,260),(562,260),(562,282),(503,282)
"contenus"bounds: (578,264),(668,264),(668,277),(578,277)
"dans"bounds: (683,261),(729,261),(729,277),(683,277)
"les"bounds: (743,260),(767,260),(767,276),(743,276)
"trois"bounds: (782,260),(827,260),(827,276),(782,276)
"documents"bounds: (842,260),(953,260),(953,276),(842,276)
"de"bounds: (968,260),(990,260),(990,276),(968,276)
"Symi"bounds: (1005,259),(1057,259),(1057,281),(1005,281)
"(SY"bounds: (263,292),(300,292),(300,314),(263,314)
"Za"bounds: (312,292),(341,292),(341,309),(312,309)
"1"bounds: (352,291),(362,291),(362,309),(352,309)
"-2"bounds: (373,291),(393,291),(393,309),(373,309)
"-3)"bounds: (404,291),(430,291),(430,314),(404,314)
"tranchent"bounds: (443,292),(544,292),(544,308),(443,308)
"un"bounds: (556,298),(581,298),(581,308),(556,308)
"peu"bounds: (593,298),(628,298),(628,314),(593,314)
"avec"bounds: (640,298),(685,298),(685,308),(640,308)
"la"bounds: (696,291),(713,291),(713,308),(696,308)
"régularité"bounds: (725,291),(824,291),(824,313),(725,313)
"du"bounds: (839,291),(863,291),(863,307),(839,307)
"reste,"bounds: (875,294),(929,294),(929,311),(875,311)
"tant"bounds: (941,294),(984,294),(984,307),(941,307)
"par"bounds: (995,297),(1029,297),(1029,313),(995,313)
"la"bounds: (1040,291),(1057,291),(1057,307),(1040,307)
"typographie"bounds: (261,324),(388,323),(388,345),(261,346)
"que"bounds: (401,330),(436,330),(436,345),(401,345)
"par"bounds: (449,329),(482,329),(482,344),(449,344)
"la"bounds: (493,323),(510,323),(510,339),(493,339)
"disposition"bounds: (523,322),(635,321),(635,344),(523,345)
"de"bounds: (647,322),(669,322),(669,338),(647,338)
"certaines"bounds: (682,321),(772,320),(772,338),(682,339)
"références,"bounds: (785,321),(893,320),(893,342),(785,343)
"cela"bounds: (906,322),(943,322),(943,338),(906,338)
"est"bounds: (957,324),(984,324),(984,338),(957,338)
"dû"bounds: (996,321),(1021,321),(1021,337),(996,337)
"au"bounds: (1033,328),(1056,328),(1056,337),(1033,337)
"fait"bounds: (262,355),(295,355),(295,371),(262,371)
"que"bounds: (310,360),(345,360),(345,377),(310,377)
"nous"bounds: (359,361),(405,361),(405,370),(359,370)
"n'avons"bounds: (420,353),(499,352),(499,370),(420,371)
"été"bounds: (514,355),(542,355),(542,369),(514,369)
"en"bounds: (558,360),(578,360),(578,370),(558,370)
"mesure"bounds: (595,360),(667,359),(667,368),(595,369)
"d'intégrer"bounds: (684,352),(785,351),(785,373),(684,374)
"ce"bounds: (801,359),(820,359),(820,369),(801,369)
"matériel"bounds: (837,352),(921,351),(921,368),(837,369)
"qu'une"bounds: (937,352),(1006,351),(1006,371),(937,372)
"fois"bounds: (1023,351),(1057,351),(1057,368),(1023,368)
"les"bounds: (262,385),(287,385),(287,401),(262,401)
"planches"bounds: (297,385),(386,385),(386,407),(297,407)
"composées."bounds: (397,385),(509,385),(509,406),(397,406)