Texts:

"57
半中日
出中C
JH Y B
28-26- 57
HT 7a.21
29-27- 57
PK Za 164
729-27- 57
ZA Zb 344
28- 57
CR (?) Zf 14
平
已位豆非平目
严干半目
*キY目
28- 57 /
KN Za 10b4
58-67-53-04-28- 57
4
HT Zb 158b
09-05-28- 57
PR Za 164
28-03-31- 57
КН 10.33
740- 57
PH 18a.
44日
目
12 8
38-41- 57
KE Zb 44
51- 57
HT 7a.31
753- 57
HT 55b.21
08-53- 57 /
PH 28a.3
+ Y Z 8
HT 24a.41
03-31-53- 57
7-55-53- 57 I
PK Zc 134
81-56-53- 57
HT 24a.1
78-53- 57
*HT 3.21
08-59-28-301-54- 57
IO Za 2a.15 35 75
4
KO Za la"
4.
PK Za 12a
SY Za
4
15 2a5
TL Za 1a
08-59–28-7301-54-[32
708-06-37-301-54- 57
IO Za 4°
IO Za 85
37-55- 57
HT 115b.21
08-58- 57
HT 11a.3-41
59- 57
HT Zd 1564
..
28-59- 57
HT 28a.61
本区目
39-59- 57
Т ба.21
47-55-60- 57
НT 115а.11
タ互s目
目
PE
OZ BC
67-67-60- 57
HT 85b.1
306-69- 57
HT 115b.31
70- 57
нT 119.21
78-76- 57 /
HT 3.21
08-80- 57
кн 14.13
置木目
100/102-352- 57
KH Wc 21003
A 538
HT 6a.3'
H
57 +26
A 539
57 +77
HT 24b, 21
A 548 1A
773+ 57
PH 3b.1
A 549
73+ 57 +.]
HT 60.11
231
"bounds: (144,93),(1168,93),(1168,1530),(144,1530)
"57"bounds: (1058,93),(1074,93),(1074,106),(1058,106)
"半"bounds: (213,154),(227,154),(227,182),(213,182)
"中"bounds: (235,156),(251,156),(251,183),(235,183)
"日"bounds: (259,158),(271,158),(271,181),(259,181)
"出"bounds: (209,193),(226,193),(226,221),(209,221)
"中"bounds: (236,193),(250,193),(250,218),(236,218)
"C"bounds: (262,192),(286,192),(286,220),(262,220)
"JH"bounds: (197,221),(227,220),(228,250),(198,251)
"Y"bounds: (235,226),(250,226),(251,249),(236,249)
"B"bounds: (260,220),(273,220),(274,253),(261,253)
"28-26-"bounds: (567,164),(615,165),(615,176),(567,175)
"57"bounds: (625,165),(639,165),(639,175),(625,175)
"HT"bounds: (724,165),(741,164),(742,176),(725,177)
"7a.21"bounds: (752,158),(789,156),(790,175),(753,177)
"29-27-"bounds: (566,199),(615,199),(615,209),(566,209)
"57"bounds: (625,199),(639,199),(639,209),(625,209)
"PK"bounds: (724,199),(741,198),(742,210),(725,211)
"Za"bounds: (750,194),(770,193),(771,211),(751,212)
"164"bounds: (777,192),(800,190),(801,208),(778,210)
"729-27-"bounds: (549,229),(615,229),(615,248),(549,248)
"57"bounds: (625,232),(640,232),(640,242),(625,242)
"ZA"bounds: (725,233),(740,232),(741,243),(726,244)
"Zb"bounds: (751,232),(765,231),(766,242),(752,243)
"344"bounds: (776,226),(799,225),(800,243),(777,244)
"28-"bounds: (584,265),(625,265),(625,278),(584,278)
"57"bounds: (625,267),(640,267),(640,277),(625,277)
"CR"bounds: (722,265),(741,264),(742,282),(723,283)
"(?)"bounds: (744,263),(763,262),(764,281),(745,282)
"Zf"bounds: (776,266),(792,265),(792,276),(777,277)
"14"bounds: (802,261),(816,260),(817,276),(803,277)
"平"bounds: (237,289),(250,289),(249,321),(236,321)
"已"bounds: (144,326),(158,326),(158,351),(144,351)
"位"bounds: (165,323),(182,323),(182,351),(165,351)
"豆"bounds: (191,326),(203,326),(203,349),(191,349)
"非"bounds: (212,324),(230,324),(230,349),(212,349)
"平"bounds: (238,322),(250,322),(250,348),(238,348)
"目"bounds: (261,326),(273,326),(273,350),(261,350)
"严"bounds: (190,359),(204,359),(204,385),(190,385)
"干"bounds: (214,362),(227,362),(227,390),(214,390)
"半"bounds: (236,359),(247,359),(247,384),(236,384)
"目"bounds: (263,360),(274,360),(274,391),(263,391)
"*"bounds: (187,394),(199,394),(199,418),(187,418)
"キ"bounds: (212,389),(227,389),(227,417),(212,417)
"Y"bounds: (234,395),(248,395),(248,418),(234,418)
"目"bounds: (260,390),(272,390),(273,423),(261,423)
"28-"bounds: (592,301),(614,301),(614,310),(592,310)
"57"bounds: (625,301),(639,301),(639,311),(625,311)
"/"bounds: (649,298),(664,298),(664,314),(649,314)
"KN"bounds: (726,299),(741,298),(741,311),(726,312)
"Za"bounds: (751,296),(770,295),(771,312),(752,313)
"10b4"bounds: (777,294),(808,293),(809,311),(778,312)
"58-67-53-04-28-"bounds: (490,333),(614,334),(614,345),(490,344)
"57"bounds: (624,335),(641,335),(641,348),(624,348)
"4"bounds: (810,325),(816,325),(816,335),(810,335)
"HT"bounds: (725,334),(741,334),(741,345),(725,345)
"Zb"bounds: (751,333),(766,333),(766,345),(751,345)
"158b"bounds: (778,334),(808,334),(808,345),(778,345)
"09-05-28-"bounds: (540,368),(614,368),(614,379),(540,379)
"57"bounds: (625,368),(640,368),(640,378),(625,378)
"PR"bounds: (725,368),(742,367),(742,378),(725,379)
"Za"bounds: (751,367),(766,366),(766,379),(751,380)
"164"bounds: (777,363),(797,362),(798,379),(778,380)
"28-03-31-"bounds: (541,402),(615,401),(615,412),(541,413)
"57"bounds: (625,403),(640,403),(640,412),(625,412)
"КН"bounds: (717,399),(757,397),(758,415),(718,417)
"10.33"bounds: (759,396),(792,394),(793,413),(760,415)
"740-"bounds: (575,433),(615,433),(615,451),(575,451)
"57"bounds: (620,431),(642,431),(642,454),(620,454)
"PH"bounds: (726,436),(742,436),(742,446),(726,446)
"18a."bounds: (752,436),(781,436),(781,447),(752,447)
"44"bounds: (200,460),(263,459),(263,492),(200,493)
"日"bounds: (265,459),(274,459),(274,492),(265,492)
"目"bounds: (235,495),(275,495),(275,517),(235,517)
"12"bounds: (221,523),(265,524),(264,555),(220,554)
"8"bounds: (263,528),(274,528),(273,550),(262,550)
"38-41-"bounds: (567,470),(615,470),(615,480),(567,480)
"57"bounds: (624,471),(641,471),(641,484),(624,484)
"KE"bounds: (726,470),(741,470),(741,480),(726,480)
"Zb"bounds: (752,469),(767,469),(767,480),(752,480)
"44"bounds: (777,465),(791,465),(791,480),(777,480)
"51-"bounds: (593,503),(616,504),(615,515),(592,514)
"57"bounds: (626,503),(643,504),(642,519),(625,518)
"HT"bounds: (725,504),(741,503),(742,515),(726,516)
"7a.31"bounds: (752,498),(791,495),(792,513),(753,516)
"753-"bounds: (575,533),(615,534),(615,553),(575,552)
"57"bounds: (624,537),(643,537),(643,553),(624,553)
"HT"bounds: (725,535),(742,534),(743,546),(726,547)
"55b.21"bounds: (752,532),(798,529),(799,547),(753,550)
"08-53-"bounds: (567,570),(616,571),(616,582),(567,581)
"57"bounds: (625,570),(643,570),(643,585),(625,585)
"/"bounds: (650,568),(666,568),(666,585),(650,585)
"PH"bounds: (726,570),(742,570),(742,581),(726,581)
"28a.3"bounds: (753,570),(792,570),(792,582),(753,582)
"+"bounds: (194,591),(221,592),(220,618),(193,617)
"Y"bounds: (238,594),(250,594),(249,618),(237,618)
"Z"bounds: (252,590),(268,590),(267,624),(251,624)
"8"bounds: (264,595),(274,595),(273,618),(263,618)
"HT"bounds: (725,604),(742,603),(743,614),(726,615)
"24a.41"bounds: (752,599),(798,596),(799,614),(753,617)
"03-31-53-"bounds: (541,604),(616,605),(616,615),(541,614)
"57"bounds: (625,604),(642,604),(642,618),(625,618)
"7-55-53-"bounds: (541,634),(615,633),(615,656),(541,657)
"57"bounds: (624,638),(642,638),(642,653),(624,653)
"I"bounds: (650,634),(666,634),(666,652),(650,652)
"PK"bounds: (726,638),(742,637),(743,648),(727,649)
"Zc"bounds: (752,633),(777,632),(778,649),(753,650)
"134"bounds: (778,632),(800,631),(801,647),(779,648)
"81-56-53-"bounds: (542,670),(616,671),(616,682),(542,681)
"57"bounds: (625,671),(643,671),(643,685),(625,685)
"HT"bounds: (726,670),(742,669),(743,681),(727,682)
"24a.1"bounds: (754,665),(794,663),(795,681),(755,683)
"78-53-"bounds: (568,704),(616,704),(616,714),(568,714)
"57"bounds: (624,704),(643,704),(643,718),(624,718)
"*HT"bounds: (727,699),(751,699),(751,715),(727,715)
"3.21"bounds: (761,696),(790,696),(790,715),(761,715)
"08-59-28-301-54-"bounds: (483,735),(616,736),(616,747),(483,746)
"57"bounds: (627,736),(642,736),(642,750),(627,750)
"IO"bounds: (724,730),(752,729),(753,750),(725,751)
"Za"bounds: (752,736),(767,735),(767,746),(752,747)
"2a.15"bounds: (778,727),(818,725),(819,745),(779,747)
"35"bounds: (828,727),(843,726),(844,745),(829,746)
"75"bounds: (854,727),(868,726),(869,744),(855,745)
"4"bounds: (795,761),(801,761),(801,772),(795,772)
"KO"bounds: (728,771),(743,771),(743,782),(728,782)
"Za"bounds: (752,768),(773,768),(773,784),(752,784)
"la""bounds: (779,768),(801,768),(801,782),(779,782)
"4."bounds: (803,793),(813,793),(813,804),(803,804)
"PK"bounds: (728,804),(743,804),(743,815),(728,815)
"Za"bounds: (753,804),(768,804),(768,815),(753,815)
"12a"bounds: (781,801),(800,801),(800,816),(781,816)
"SY"bounds: (821,815),(844,815),(844,828),(821,828)
"Za"bounds: (848,817),(866,817),(866,827),(848,827)
"4"bounds: (795,828),(801,828),(800,839),(794,839)
"15"bounds: (877,811),(895,809),(898,833),(880,835)
"2a5"bounds: (907,811),(935,808),(937,826),(909,829)
"TL"bounds: (727,838),(743,838),(743,848),(727,848)
"Za"bounds: (753,838),(768,838),(768,848),(753,848)
"1a"bounds: (779,836),(795,836),(795,848),(779,848)
"08-59–28-7301-54-[32"bounds: (475,859),(643,860),(643,883),(475,882)
"708-06-37-301-54-"bounds: (466,893),(617,894),(617,913),(466,912)
"57"bounds: (625,891),(642,891),(642,913),(625,913)
"IO"bounds: (726,863),(757,862),(758,875),(727,876)
"Za"bounds: (759,861),(771,860),(772,874),(760,875)
"4°"bounds: (777,860),(792,859),(793,873),(778,874)
"IO"bounds: (729,897),(743,897),(743,907),(729,907)
"Za"bounds: (756,891),(775,891),(775,908),(756,908)
"85"bounds: (778,891),(793,891),(793,907),(778,907)
"37-55-"bounds: (569,929),(617,931),(617,943),(569,941)
"57"bounds: (626,930),(645,931),(644,946),(625,945)
"HT"bounds: (726,931),(743,930),(744,941),(727,942)
"115b.21"bounds: (754,925),(808,922),(809,941),(755,944)
"08-58-"bounds: (568,962),(617,964),(617,977),(568,975)
"57"bounds: (626,964),(644,965),(644,979),(626,978)
"HT"bounds: (727,964),(743,963),(743,974),(728,975)
"11a.3-41"bounds: (754,958),(816,955),(817,973),(755,976)
"59-"bounds: (594,997),(617,997),(617,1007),(594,1007)
"57"bounds: (628,997),(642,997),(642,1008),(628,1008)
"HT"bounds: (726,998),(743,997),(744,1008),(727,1009)
"Zd"bounds: (752,992),(775,991),(776,1009),(753,1010)
"1564"bounds: (779,991),(811,989),(812,1007),(780,1009)
".."bounds: (595,1014),(605,1014),(605,1016),(595,1016)
"28-59-"bounds: (569,1030),(617,1031),(617,1043),(569,1042)
"57"bounds: (626,1031),(644,1031),(644,1045),(626,1045)
"HT"bounds: (727,1030),(743,1029),(744,1042),(728,1043)
"28a.61"bounds: (754,1026),(800,1023),(801,1041),(755,1044)
"本"bounds: (214,1054),(230,1054),(230,1081),(214,1081)
"区"bounds: (239,1056),(252,1056),(252,1079),(239,1079)
"目"bounds: (260,1059),(271,1059),(271,1081),(260,1081)
"39-59-"bounds: (569,1062),(617,1064),(616,1077),(569,1075)
"57"bounds: (626,1063),(645,1064),(644,1080),(625,1079)
"Т"bounds: (747,1058),(758,1057),(759,1076),(748,1077)
"ба.21"bounds: (760,1057),(791,1055),(792,1074),(761,1076)
"47-55-60-"bounds: (544,1095),(618,1097),(618,1110),(544,1108)
"57"bounds: (626,1097),(645,1098),(644,1113),(626,1112)
"НT"bounds: (716,1093),(759,1091),(760,1109),(717,1111)
"115а.11"bounds: (761,1091),(810,1089),(811,1108),(762,1110)
"タ"bounds: (188,1125),(204,1125),(204,1147),(188,1147)
"互"bounds: (213,1126),(228,1126),(228,1147),(213,1147)
"s"bounds: (237,1125),(250,1125),(250,1147),(237,1147)
"目"bounds: (260,1126),(271,1126),(271,1147),(260,1147)
"目"bounds: (206,1155),(272,1156),(272,1181),(206,1180)
"PE"bounds: (235,1190),(271,1191),(271,1216),(235,1215)
"OZ"bounds: (215,1221),(267,1221),(267,1252),(215,1253)
"BC"bounds: (269,1221),(289,1221),(289,1252),(269,1252)
"67-67-60-"bounds: (544,1130),(617,1131),(617,1143),(544,1142)
"57"bounds: (626,1131),(642,1131),(642,1144),(626,1144)
"HT"bounds: (728,1131),(743,1131),(743,1142),(728,1142)
"85b.1"bounds: (754,1130),(791,1129),(791,1141),(754,1142)
"306-69-"bounds: (561,1163),(617,1164),(617,1176),(561,1175)
"57"bounds: (628,1164),(642,1164),(642,1174),(628,1174)
"HT"bounds: (727,1164),(743,1163),(743,1174),(727,1175)
"115b.31"bounds: (754,1158),(808,1156),(809,1174),(755,1176)
"70-"bounds: (595,1197),(618,1198),(617,1209),(594,1208)
"57"bounds: (627,1197),(645,1198),(644,1212),(626,1211)
"нT"bounds: (727,1197),(743,1196),(744,1208),(728,1209)
"119.21"bounds: (754,1192),(801,1189),(802,1207),(755,1210)
"78-76-"bounds: (570,1232),(617,1231),(617,1241),(570,1242)
"57"bounds: (626,1231),(644,1231),(644,1246),(626,1246)
"/"bounds: (648,1228),(656,1228),(656,1244),(648,1244)
"HT"bounds: (728,1231),(744,1231),(744,1242),(728,1242)
"3.21"bounds: (754,1223),(783,1223),(783,1242),(754,1242)
"08-80-"bounds: (569,1263),(618,1265),(617,1277),(568,1275)
"57"bounds: (627,1264),(645,1265),(644,1280),(626,1279)
"кн"bounds: (727,1265),(744,1264),(745,1275),(728,1276)
"14.13"bounds: (754,1258),(793,1255),(794,1274),(755,1277)
"置"bounds: (211,1288),(231,1289),(230,1315),(210,1314)
"木"bounds: (238,1287),(249,1287),(248,1313),(237,1313)
"目"bounds: (261,1292),(273,1292),(272,1314),(260,1314)
"100/102-352-"bounds: (519,1298),(617,1298),(617,1311),(519,1311)
"57"bounds: (626,1298),(644,1298),(644,1313),(626,1313)
"KH"bounds: (727,1298),(743,1297),(744,1309),(728,1310)
"Wc"bounds: (752,1298),(767,1297),(768,1309),(753,1310)
"21003"bounds: (779,1292),(818,1289),(819,1308),(780,1311)
"A"bounds: (189,1360),(198,1360),(198,1376),(189,1376)
"538"bounds: (199,1363),(220,1363),(220,1374),(199,1374)
"HT"bounds: (727,1365),(744,1364),(745,1376),(728,1377)
"6a.3'"bounds: (753,1358),(792,1356),(793,1376),(754,1378)
"H"bounds: (408,1366),(416,1366),(416,1376),(408,1376)
"57"bounds: (625,1366),(643,1365),(644,1377),(626,1379)
"+26"bounds: (652,1365),(676,1363),(677,1375),(653,1377)
"A"bounds: (180,1397),(188,1397),(188,1407),(180,1407)
"539"bounds: (199,1397),(221,1397),(221,1407),(199,1407)
"57"bounds: (628,1399),(642,1398),(642,1408),(628,1409)
"+77"bounds: (652,1399),(676,1398),(676,1408),(652,1409)
"HT"bounds: (727,1400),(744,1399),(745,1410),(728,1411)
"24b,"bounds: (754,1399),(793,1397),(794,1409),(755,1411)
"21"bounds: (797,1391),(800,1391),(801,1401),(798,1401)
"A"bounds: (180,1430),(189,1430),(189,1440),(180,1440)
"548"bounds: (199,1429),(221,1429),(221,1440),(199,1440)
"1A"bounds: (248,1426),(275,1426),(275,1443),(248,1443)
"773+"bounds: (577,1429),(618,1427),(619,1448),(578,1450)
"57"bounds: (626,1432),(643,1431),(644,1447),(627,1448)
"PH"bounds: (728,1433),(744,1432),(745,1443),(729,1444)
"3b.1"bounds: (753,1426),(792,1424),(793,1443),(754,1445)
"A"bounds: (188,1460),(196,1460),(196,1475),(188,1475)
"549"bounds: (199,1463),(221,1463),(221,1474),(199,1474)
"73+"bounds: (595,1466),(618,1466),(618,1482),(595,1482)
"57"bounds: (628,1466),(643,1466),(643,1482),(628,1482)
"+.]"bounds: (653,1462),(702,1462),(702,1480),(653,1480)
"HT"bounds: (727,1465),(743,1464),(744,1476),(728,1477)
"60.11"bounds: (754,1460),(792,1457),(794,1476),(756,1479)
"231"bounds: (1133,1512),(1168,1511),(1168,1529),(1133,1530)