Texts:

"IT 19)
Sup. mut.
.2
vestigia
4
vestigia
inf. mut.
Emlièrement palimpsesle; kaces de I I
parfout.
HT49&
Sup. mut.
.1
.4
Jueer I
inf. mut.
95
"bounds: (214,155),(1164,155),(1164,1536),(214,1536)
"IT"bounds: (214,156),(253,155),(253,176),(214,177)
"19)"bounds: (265,156),(319,155),(319,175),(265,176)
"Sup."bounds: (535,211),(589,207),(591,231),(537,235)
"mut."bounds: (602,212),(652,209),(653,224),(603,227)
".2"bounds: (337,359),(355,358),(356,376),(338,377)
"vestigia"bounds: (425,433),(507,433),(507,468),(425,468)
"4"bounds: (340,515),(356,515),(356,540),(340,540)
"vestigia"bounds: (427,600),(509,599),(509,634),(427,635)
"inf."bounds: (520,665),(570,661),(572,689),(522,693)
"mut."bounds: (578,661),(633,656),(635,683),(580,688)
"Emlièrement"bounds: (415,732),(541,731),(541,752),(415,753)
"palimpsesle;"bounds: (566,732),(692,731),(692,758),(566,759)
"kaces"bounds: (706,730),(760,730),(760,750),(706,750)
"de"bounds: (768,737),(793,737),(793,749),(768,749)
"I"bounds: (803,734),(817,734),(817,750),(803,750)
"I"bounds: (837,732),(847,732),(847,749),(837,749)
"parfout."bounds: (416,775),(500,774),(500,805),(416,806)
"HT49&"bounds: (370,933),(451,932),(451,956),(370,957)
"Sup."bounds: (579,966),(626,965),(626,988),(579,989)
"mut."bounds: (628,965),(664,964),(664,987),(628,988)
".1"bounds: (427,1015),(442,1015),(442,1029),(427,1029)
".4"bounds: (425,1247),(441,1246),(442,1266),(426,1267)
"Jueer"bounds: (655,1283),(714,1283),(714,1325),(655,1325)
"I"bounds: (716,1283),(729,1283),(729,1325),(716,1325)
"inf."bounds: (581,1348),(625,1346),(626,1373),(583,1376)
"mut."bounds: (628,1346),(674,1343),(675,1370),(630,1373)
"95"bounds: (1141,1519),(1164,1519),(1164,1536),(1141,1536)