Texts:

"KN Zb 35
80
éch. 1 : 2
1
Pithos:
Palais de Knossos. Magasin des pithoi
a médaillous.
"bounds: (54,71),(1062,71),(1062,1531),(54,1531)
"KN"bounds: (59,73),(97,73),(97,90),(59,90)
"Zb"bounds: (112,71),(140,71),(140,90),(112,90)
"35"bounds: (155,73),(179,73),(179,90),(155,90)
"80"bounds: (54,1514),(78,1514),(78,1531),(54,1531)
"éch."bounds: (539,849),(539,811),(555,811),(555,849)
"1"bounds: (541,799),(541,795),(555,795),(555,799)
":"bounds: (537,780),(537,771),(559,771),(559,780)
"2"bounds: (540,765),(540,756),(555,756),(555,765)
"1"bounds: (795,673),(795,684),(769,685),(769,674)
"Pithos:"bounds: (1016,469),(1019,381),(1048,382),(1045,470)
"Palais"bounds: (1002,1267),(1005,1182),(1042,1183),(1039,1268)
"de"bounds: (1017,1174),(1018,1135),(1039,1136),(1038,1175)
"Knossos."bounds: (1010,1117),(1014,1007),(1044,1008),(1040,1118)
"Magasin"bounds: (1012,993),(1016,865),(1057,866),(1053,994)
"des"bounds: (1024,857),(1026,812),(1045,813),(1043,858)
"pithoi"bounds: (1017,792),(1019,727),(1062,729),(1060,793)
"a"bounds: (1027,710),(1027,692),(1043,692),(1043,710)
"médaillous."bounds: (1019,672),(1017,501),(1044,501),(1046,672)