Texts:

"II. Zb INSCRIPTIONS INCISÉES SUR VASES D'ARGILE
1. HAGHIA TRIADA
"bounds: (238,371),(943,371),(943,747),(238,747)
"II."bounds: (238,371),(279,371),(279,395),(238,395)
"Zb"bounds: (282,373),(311,373),(311,392),(282,392)
"INSCRIPTIONS"bounds: (324,374),(511,374),(511,392),(324,392)
"INCISÉES"bounds: (526,371),(649,371),(649,392),(526,392)
"SUR"bounds: (664,375),(713,375),(713,392),(664,392)
"VASES"bounds: (726,375),(808,375),(808,392),(726,392)
"D'ARGILE"bounds: (822,373),(943,373),(943,392),(822,392)
"1."bounds: (405,717),(426,717),(426,745),(405,745)
"HAGHIA"bounds: (450,716),(614,717),(614,747),(450,746)
"TRIADA"bounds: (641,717),(798,718),(798,747),(641,746)