Texts:

"CORRIGENDA
71
HT 9a.1
HT 9b.1
R目本-C-]
!
HT96. 2
HTM a.2
HTM a.3
HT1 b.1
appanat : 1
HT12.4-2
HT12.3
HT12.4
* 45
HT14.3
HT15.2-3
HT15.4
HT16.1
HT46.2-3
HT16.4
HT 17,2
HT18.3
HT 19.2-3
HT 19.3
apparat: * swr I 1
HT20.2-3
h FO
.3
.4.5
.5
HT22.2
HT 23a.2
HT 23a.1
HT 23 b.1
HT23 e.3
HT24.1
HT24a.4
HT24 a.5
HT 25 a.5
HT 25 a.3
HT25 a.4
HT25 b.1
HT 26a.1
HT266.4
HT 27 b.4
HT284.1
HT28A.1-2
HT28..1-2
HT286.4
目角
HT286.6
=-字日出
"bounds: (58,79),(1021,79),(1021,1513),(58,1513)
"CORRIGENDA"bounds: (526,82),(636,83),(636,93),(526,92)
"71"bounds: (962,79),(979,79),(979,94),(962,94)
"HT"bounds: (68,136),(92,137),(91,152),(67,151)
"9a.1"bounds: (100,137),(147,139),(146,153),(100,151)
"HT"bounds: (64,167),(93,168),(92,190),(63,189)
"9b.1"bounds: (100,168),(147,169),(146,191),(99,190)
"R"bounds: (793,158),(807,158),(807,187),(793,187)
"目"bounds: (816,159),(827,159),(827,187),(816,187)
"本"bounds: (837,151),(854,151),(854,185),(837,185)
"-C-"bounds: (856,151),(894,151),(894,186),(856,186)
"]"bounds: (892,159),(903,159),(903,180),(892,180)
"!"bounds: (893,193),(895,193),(895,209),(893,209)
"HT96."bounds: (67,201),(126,202),(126,222),(67,221)
"2"bounds: (135,208),(144,208),(144,220),(135,220)
"HTM"bounds: (69,237),(110,237),(110,255),(69,255)
"a.2"bounds: (116,240),(146,240),(146,253),(116,253)
"HTM"bounds: (69,273),(109,273),(109,287),(69,287)
"a.3"bounds: (117,273),(147,273),(147,287),(117,287)
"HT1"bounds: (70,306),(109,306),(109,323),(70,323)
"b.1"bounds: (117,307),(146,307),(146,322),(117,322)
"appanat"bounds: (454,305),(523,299),(525,327),(456,333)
":"bounds: (525,300),(537,299),(539,326),(527,327)
"1"bounds: (541,299),(556,298),(558,323),(543,324)
"HT12.4-2"bounds: (68,341),(144,342),(144,357),(68,356)
"HT12.3"bounds: (69,373),(132,375),(131,393),(68,391)
"HT12.4"bounds: (65,403),(135,404),(135,423),(65,422)
"*"bounds: (967,416),(979,416),(979,441),(967,441)
"45"bounds: (978,417),(1001,417),(1001,435),(978,435)
"HT14.3"bounds: (58,438),(135,438),(135,457),(58,457)
"HT15.2-3"bounds: (66,472),(145,472),(145,488),(66,488)
"HT15.4"bounds: (67,507),(131,508),(131,522),(67,521)
"HT16.1"bounds: (68,538),(137,540),(136,556),(67,554)
"HT46.2-3"bounds: (67,574),(147,575),(147,591),(67,590)
"HT16.4"bounds: (67,607),(129,607),(129,622),(67,622)
"HT"bounds: (61,639),(94,639),(94,660),(61,660)
"17,2"bounds: (100,638),(135,638),(135,660),(100,660)
"HT18.3"bounds: (71,673),(139,673),(139,690),(71,690)
"HT"bounds: (62,703),(97,703),(97,725),(62,725)
"19.2-3"bounds: (103,703),(147,703),(147,725),(103,725)
"HT"bounds: (68,735),(101,735),(101,757),(68,757)
"19.3"bounds: (107,735),(139,735),(139,757),(107,757)
"apparat:"bounds: (457,738),(538,734),(539,758),(458,762)
"*"bounds: (551,734),(582,733),(583,757),(552,758)
"swr"bounds: (584,732),(619,730),(620,754),(585,756)
"I"bounds: (632,734),(643,733),(644,747),(633,748)
"1"bounds: (657,732),(670,731),(671,749),(658,750)
"HT20.2-3"bounds: (75,770),(151,771),(151,790),(75,789)
"h"bounds: (866,779),(852,779),(852,762),(866,762)
"FO"bounds: (842,779),(807,779),(807,762),(842,762)
".3"bounds: (121,804),(133,804),(133,818),(121,818)
".4.5"bounds: (114,833),(150,833),(150,854),(114,854)
".5"bounds: (121,871),(138,871),(138,884),(121,884)
"HT22.2"bounds: (72,902),(145,903),(145,919),(72,918)
"HT"bounds: (72,937),(99,937),(99,952),(72,952)
"23a.2"bounds: (105,936),(148,936),(148,952),(105,952)
"HT"bounds: (71,970),(96,970),(96,985),(71,985)
"23a.1"bounds: (104,967),(152,968),(152,988),(104,987)
"HT"bounds: (72,1004),(96,1004),(96,1018),(72,1018)
"23"bounds: (102,1002),(120,1002),(120,1017),(102,1017)
"b.1"bounds: (124,997),(150,996),(150,1020),(124,1021)
"HT23"bounds: (74,1033),(124,1035),(123,1051),(73,1049)
"e.3"bounds: (133,1033),(155,1034),(154,1054),(132,1053)
"HT24.1"bounds: (75,1068),(149,1070),(149,1086),(75,1084)
"HT24a.4"bounds: (73,1099),(152,1100),(152,1121),(73,1120)
"HT24"bounds: (76,1135),(122,1135),(122,1152),(76,1152)
"a.5"bounds: (131,1134),(155,1134),(155,1156),(131,1156)
"HT"bounds: (77,1167),(101,1168),(100,1183),(76,1182)
"25"bounds: (106,1167),(124,1168),(123,1184),(105,1183)
"a.5"bounds: (131,1166),(156,1167),(155,1186),(130,1185)
"HT"bounds: (77,1201),(100,1202),(100,1216),(77,1215)
"25"bounds: (108,1200),(125,1200),(125,1218),(108,1218)
"a.3"bounds: (130,1200),(153,1201),(153,1220),(130,1219)
"HT25"bounds: (80,1233),(124,1233),(124,1252),(80,1252)
"a.4"bounds: (129,1233),(159,1233),(159,1252),(129,1252)
"HT25"bounds: (78,1267),(121,1267),(121,1282),(78,1282)
"b.1"bounds: (128,1264),(155,1264),(155,1282),(128,1282)
"HT"bounds: (76,1298),(103,1298),(103,1317),(76,1317)
"26a.1"bounds: (108,1298),(157,1298),(157,1317),(108,1317)
"HT266.4"bounds: (84,1315),(158,1315),(158,1333),(84,1333)
"HT"bounds: (78,1332),(102,1333),(102,1349),(78,1348)
"27"bounds: (106,1334),(124,1334),(124,1349),(106,1349)
"b.4"bounds: (132,1332),(156,1333),(156,1350),(132,1349)
"HT284.1"bounds: (76,1368),(145,1368),(145,1382),(76,1382)
"HT28A.1-2"bounds: (79,1398),(162,1398),(162,1416),(79,1416)
"HT28..1-2"bounds: (82,1431),(159,1433),(159,1455),(82,1453)
"HT286.4"bounds: (80,1464),(156,1465),(156,1482),(80,1481)
"目"bounds: (821,1455),(833,1455),(832,1475),(820,1475)
"角"bounds: (852,1455),(868,1456),(867,1478),(851,1477)
"HT286.6"bounds: (80,1496),(155,1496),(155,1513),(80,1513)
"="bounds: (1021,738),(1022,771),(995,772),(994,739)
"-"bounds: (1022,773),(1022,786),(995,787),(995,774)
"字"bounds: (1018,787),(1018,810),(995,810),(995,787)
"日出"bounds: (1020,816),(1021,880),(999,880),(998,816)