Texts:

"VAS
416
416as
416VAS
HT 31.3'
417as
1zVAS
417
KH WC 20063 20073
A 663
PHAISTOS
2,
$17VAS
in PH 8a.1'
vas
A 664
PHAISTOS
418VAS 172,
in PH 8a.31
315
"bounds: (68,97),(1163,97),(1163,1531),(68,1531)
"VAS"bounds: (68,97),(97,97),(97,110),(68,110)
"416"bounds: (1037,99),(1063,99),(1063,112),(1037,112)
"416as"bounds: (584,285),(685,278),(687,311),(586,318)
"416VAS"bounds: (536,396),(585,385),(589,401),(540,413)
"HT"bounds: (721,395),(738,394),(739,406),(722,407)
"31.3'"bounds: (747,390),(786,387),(787,405),(749,408)
"417as"bounds: (584,553),(687,549),(688,581),(585,585)
"1zVAS"bounds: (545,660),(589,658),(590,670),(546,673)
"417"bounds: (539,668),(562,667),(563,677),(540,678)
"KH"bounds: (724,665),(740,664),(741,675),(725,676)
"WC"bounds: (749,664),(764,663),(765,674),(750,675)
"20063"bounds: (776,658),(816,656),(817,675),(777,677)
"20073"bounds: (826,657),(866,655),(867,674),(827,676)
"A"bounds: (123,702),(131,702),(131,713),(123,713)
"663"bounds: (142,702),(164,702),(164,713),(142,713)
"PHAISTOS"bounds: (380,700),(445,700),(445,710),(380,710)
"2,"bounds: (618,691),(631,691),(631,703),(618,703)
"$17VAS"bounds: (535,700),(589,689),(592,704),(538,716)
"in"bounds: (701,698),(715,697),(716,713),(702,714)
"PH"bounds: (725,698),(740,697),(741,708),(726,709)
"8a.1'"bounds: (750,693),(789,691),(790,708),(751,710)
"vas"bounds: (645,848),(685,847),(685,863),(645,864)
"A"bounds: (135,958),(143,958),(143,972),(135,972)
"664"bounds: (142,962),(165,962),(165,972),(142,972)
"PHAISTOS"bounds: (381,961),(447,961),(447,971),(381,971)
"418VAS"bounds: (538,954),(591,952),(592,973),(539,975)
"172,"bounds: (604,953),(633,952),(634,970),(605,971)
"in"bounds: (701,958),(717,957),(718,975),(702,976)
"PH"bounds: (727,959),(742,958),(743,969),(728,970)
"8a.31"bounds: (752,954),(791,951),(792,969),(753,972)
"315"bounds: (1126,1513),(1163,1513),(1163,1531),(1126,1531)