Texts:

"ΡΗ 28 a
PH 28 b
HM 1519 -C3.80]x6,00]x 4,80 cm.
314
"bounds: (61,68),(1185,68),(1185,1532),(61,1532)
"ΡΗ"bounds: (62,68),(96,69),(96,86),(62,85)
"28"bounds: (107,69),(131,69),(131,86),(107,86)
"a"bounds: (140,75),(151,75),(151,86),(140,86)
"PH"bounds: (1094,69),(1128,69),(1128,86),(1094,86)
"28"bounds: (1140,69),(1164,69),(1164,86),(1140,86)
"b"bounds: (1173,68),(1185,68),(1185,86),(1173,86)
"HM"bounds: (260,1115),(286,1115),(286,1130),(260,1130)
"1519"bounds: (294,1117),(332,1117),(332,1129),(294,1129)
"-C3.80]x6,00]x"bounds: (341,1116),(447,1116),(447,1131),(341,1131)
"4,80"bounds: (451,1115),(481,1115),(481,1131),(451,1131)
"cm."bounds: (483,1115),(506,1115),(506,1131),(483,1131)
"314"bounds: (61,1515),(98,1515),(98,1532),(61,1532)