Texts:

"KII 20
Sup. mut
.1
vest.
vacat
[
3
vacat
vacat
.4
5-7 vacant
4 JP Y? pas eutièrement impotsible.
KH20
Sup. mut.
.1
Jvesr.C
.2
racat
vacat
.4
17
4
.5-7
vacant
53
"bounds: (166,97),(1170,97),(1170,1532),(166,1532)
"KII"bounds: (166,97),(211,98),(211,122),(166,121)
"20"bounds: (224,100),(259,101),(259,121),(224,120)
"Sup."bounds: (538,172),(592,166),(594,192),(541,198)
"mut"bounds: (599,166),(651,161),(653,187),(602,192)
".1"bounds: (261,215),(280,215),(280,230),(261,230)
"vest."bounds: (348,207),(429,208),(429,234),(348,233)
"vacat"bounds: (869,213),(925,210),(926,226),(870,229)
"["bounds: (553,393),(565,393),(565,435),(553,435)
"3"bounds: (264,416),(281,416),(281,437),(264,437)
"vacat"bounds: (348,417),(422,416),(422,436),(348,437)
"vacat"bounds: (733,414),(807,415),(807,433),(733,432)
".4"bounds: (265,514),(285,514),(285,539),(265,539)
"5-7"bounds: (276,619),(324,620),(324,642),(276,641)
"vacant"bounds: (352,622),(451,624),(451,644),(352,642)
"4"bounds: (417,700),(440,700),(440,729),(417,729)
"JP"bounds: (445,700),(472,700),(472,726),(445,726)
"Y?"bounds: (483,702),(522,702),(522,724),(483,724)
"pas"bounds: (552,708),(579,708),(579,730),(552,730)
"eutièrement"bounds: (595,705),(711,706),(711,726),(595,725)
"impotsible."bounds: (729,704),(833,705),(833,730),(729,729)
"KH20"bounds: (243,908),(302,908),(302,928),(243,928)
"Sup."bounds: (481,932),(523,929),(525,955),(483,958)
"mut."bounds: (535,934),(591,930),(592,949),(536,953)
".1"bounds: (305,978),(328,978),(328,992),(305,992)
"Jvesr.C"bounds: (623,970),(686,970),(686,996),(623,996)
".2"bounds: (308,1124),(325,1124),(325,1139),(308,1139)
"racat"bounds: (399,1194),(461,1193),(461,1212),(399,1213)
"vacat"bounds: (666,1192),(726,1192),(726,1212),(666,1212)
".4"bounds: (309,1264),(325,1264),(325,1286),(309,1286)
"17"bounds: (742,1266),(761,1266),(761,1283),(742,1283)
"4"bounds: (310,1341),(326,1341),(326,1360),(310,1360)
".5-7"bounds: (312,1418),(350,1418),(350,1434),(312,1434)
"vacant"bounds: (404,1415),(474,1416),(474,1436),(404,1435)
"53"bounds: (1147,1515),(1170,1515),(1170,1532),(1147,1532)