Texts:

"INSCRIPTIONS EN LINÉAIRE A
B. Avec signes en ligature.
Wa 1022
HM447.1
C. Avec fraction.
Wa 1023
Wa 1024
HM 569.1
HM 640.1
8
"bounds: (72,64),(1169,64),(1169,1514),(72,1514)
"INSCRIPTIONS"bounds: (512,65),(637,66),(637,79),(512,78)
"EN"bounds: (649,67),(670,67),(670,78),(649,78)
"LINÉAIRE"bounds: (682,64),(766,64),(766,79),(682,79)
"A"bounds: (777,69),(786,69),(786,79),(777,79)
"B."bounds: (121,145),(144,145),(144,163),(121,163)
"Avec"bounds: (157,147),(209,148),(209,164),(157,163)
"signes"bounds: (223,147),(292,148),(292,170),(223,169)
"en"bounds: (306,153),(331,154),(331,166),(306,165)
"ligature."bounds: (345,147),(440,149),(439,173),(345,171)
"Wa"bounds: (215,336),(246,336),(246,350),(215,350)
"1022"bounds: (260,336),(301,336),(301,350),(260,350)
"HM447.1"bounds: (413,506),(501,507),(501,521),(413,520)
"C."bounds: (124,676),(157,676),(157,699),(124,699)
"Avec"bounds: (155,680),(206,680),(206,696),(155,696)
"fraction."bounds: (222,678),(319,678),(319,696),(222,696)
"Wa"bounds: (223,876),(254,877),(254,892),(223,891)
"1023"bounds: (268,876),(309,877),(309,892),(268,891)
"Wa"bounds: (945,885),(976,885),(976,899),(945,899)
"1024"bounds: (990,885),(1031,886),(1031,901),(990,900)
"HM"bounds: (391,1090),(416,1090),(416,1103),(391,1103)
"569.1"bounds: (423,1089),(476,1089),(476,1104),(423,1104)
"HM"bounds: (1091,1107),(1115,1108),(1114,1122),(1090,1121)
"640.1"bounds: (1121,1108),(1169,1110),(1168,1125),(1120,1123)
"8"bounds: (72,1498),(81,1498),(81,1514),(72,1514)