Texts:

"PH 7 a
PH 7 b
HM 150&+1521t 1522 -(5,30]x [7,2a]x1,10um.
294
1651
"bounds: (65,57),(1199,57),(1199,1517),(65,1517)
"PH"bounds: (73,59),(107,60),(107,76),(73,75)
"7"bounds: (125,57),(137,57),(137,78),(125,78)
"a"bounds: (138,64),(150,64),(150,75),(138,75)
"PH"bounds: (1120,63),(1154,63),(1154,79),(1120,79)
"7"bounds: (1167,63),(1177,63),(1177,79),(1167,79)
"b"bounds: (1187,61),(1199,61),(1199,79),(1187,79)
"HM"bounds: (191,1278),(218,1278),(218,1294),(191,1294)
"150&+1521t"bounds: (228,1280),(336,1281),(336,1296),(228,1295)
"1522"bounds: (343,1280),(380,1280),(380,1296),(343,1296)
"-(5,30]x"bounds: (383,1278),(447,1279),(447,1301),(383,1300)
"[7,2a]x1,10um."bounds: (449,1279),(549,1280),(549,1302),(449,1301)
"294"bounds: (66,1499),(102,1500),(101,1517),(66,1516)
"1651"bounds: (1068,587),(1056,640),(1033,635),(1045,582)