Texts:

"XXII
INSCRIPTIONS EN LINÉAIRE A
A. Sites crétois :
Za
Zb Ze
Zd Ze
Zf Zg
1. ΑΡODOULOU .
[AP]
[AR]
[CR]
[HT]
[KA]
[KN]
[KOJ
[LA]
[MA]
[PK]
[PH]
[PL]
[PR]
[PS]
[SI]
[SK]
[TRA]
[TL]
[TY]
[VRY]
[ZA]
3
3
2. ARKALOKHORI.
2
2 bis. CRÈTE (?)..
3. НАGHIA ТRIADA
4. KARDAMOUTSA.
1
3
7
1.
1
5. KNossos!
4
11
1
21
6. КОРНINAS.
1.
1.
2
7. LARANI.
1
8. MALLIA.
1.
9. PALAIKASTRO2.
11
12
10. PHAISTOS.
3
3
11. PLATANO..
12. PRASSA.
1
1
13. PsYкнRо.
1
14. SITIA..
15. SKHINIA.
16. TRAOSTALOS.
1
17. TROULLOS..
1
18. TYLISSOS.
1
2
19. VRYSINAS.
1
1
20. ZAKROS.
23
25
3
8
3.
67
B. Sites hors de Crète:
Za Zb Zc Zd Ze Zf Zg
1. КЁл.
[KE]
[KY]
[MI]
[THE]
3
2. KΥΤΗERA .
3. MILOS.
1
4. ТHЁRA.
4
4
9.
(1) Et environs.
(2) Cette dénomination recouvre à la fois le site de Palaikastro et la colline de Petsophas sur
laquelle se trouvait un sanctuaire de sommet : du premier viennent PK Za 4 et PK Zc 13, de la seconde,
tous les autres documents de la catégorie Za.
"bounds: (254,192),(1061,192),(1061,1342),(254,1342)
"XXII"bounds: (260,194),(297,194),(297,203),(260,203)
"INSCRIPTIONS"bounds: (526,195),(642,195),(642,204),(526,204)
"EN"bounds: (657,195),(678,195),(678,204),(657,204)
"LINÉAIRE"bounds: (692,192),(772,192),(772,204),(692,204)
"A"bounds: (785,196),(794,196),(794,205),(785,205)
"A."bounds: (261,243),(282,243),(282,259),(261,259)
"Sites"bounds: (298,242),(344,242),(344,259),(298,259)
"crétois"bounds: (355,243),(417,243),(417,260),(355,260)
":"bounds: (424,241),(433,241),(433,263),(424,263)
"Za"bounds: (655,275),(683,275),(683,291),(655,291)
"Zb"bounds: (717,273),(747,273),(747,292),(717,292)
"Ze"bounds: (766,275),(793,275),(793,292),(766,292)
"Zd"bounds: (824,273),(859,274),(859,296),(824,295)
"Ze"bounds: (877,276),(904,276),(904,293),(877,293)
"Zf"bounds: (930,273),(969,275),(968,298),(929,296)
"Zg"bounds: (982,277),(1010,278),(1009,296),(981,295)
"1."bounds: (273,311),(288,311),(288,327),(273,327)
"ΑΡODOULOU"bounds: (304,311),(428,312),(428,329),(304,328)
"."bounds: (436,325),(438,325),(438,327),(436,327)
"[AP]"bounds: (571,312),(617,312),(617,334),(571,334)
"[AR]"bounds: (571,343),(619,343),(619,366),(571,366)
"[CR]"bounds: (571,373),(617,374),(616,397),(570,396)
"[HT]"bounds: (571,404),(620,405),(619,428),(570,427)
"[KA]"bounds: (571,436),(620,436),(620,458),(571,458)
"[KN]"bounds: (571,466),(623,467),(623,490),(571,489)
"[KOJ"bounds: (571,498),(621,498),(621,520),(571,520)
"[LA]"bounds: (572,528),(618,529),(617,552),(571,551)
"[MA]"bounds: (572,560),(621,560),(621,582),(572,582)
"[PK]"bounds: (569,591),(617,591),(617,612),(569,612)
"[PH]"bounds: (572,621),(620,621),(620,644),(572,644)
"[PL]"bounds: (572,652),(616,652),(616,674),(572,674)
"[PR]"bounds: (572,683),(618,683),(618,705),(572,705)
"[PS]"bounds: (572,714),(613,714),(613,736),(572,736)
"[SI]"bounds: (572,742),(610,745),(608,769),(570,766)
"[SK]"bounds: (572,776),(617,776),(617,798),(572,798)
"[TRA]"bounds: (572,806),(637,807),(637,829),(572,828)
"[TL]"bounds: (572,838),(616,838),(616,860),(572,860)
"[TY]"bounds: (573,868),(620,868),(620,891),(573,891)
"[VRY]"bounds: (573,900),(640,899),(640,922),(573,923)
"[ZA]"bounds: (573,931),(617,931),(617,953),(573,953)
"3"bounds: (673,312),(682,312),(682,329),(673,329)
"3"bounds: (1050,315),(1059,315),(1059,332),(1050,332)
"2."bounds: (273,342),(288,342),(288,359),(273,359)
"ARKALOKHORI."bounds: (305,343),(460,345),(460,361),(305,359)
"2"bounds: (1050,346),(1059,346),(1059,363),(1050,363)
"2"bounds: (273,373),(282,373),(282,389),(273,389)
"bis."bounds: (305,373),(338,374),(338,391),(305,390)
"CRÈTE"bounds: (353,373),(418,374),(418,391),(353,390)
"(?).."bounds: (434,373),(477,374),(477,397),(434,396)
"3."bounds: (269,402),(297,402),(297,423),(269,423)
"НАGHIA"bounds: (306,404),(386,405),(386,422),(306,421)
"ТRIADA"bounds: (401,405),(478,406),(478,422),(401,421)
"4."bounds: (262,431),(305,432),(305,454),(262,453)
"KARDAMOUTSA."bounds: (306,435),(467,438),(467,454),(306,451)
"1"bounds: (1051,377),(1058,377),(1058,394),(1051,394)
"3"bounds: (837,407),(847,407),(847,423),(837,423)
"7"bounds: (1050,409),(1059,409),(1059,425),(1050,425)
"1."bounds: (946,438),(954,438),(954,454),(946,454)
"1"bounds: (1051,439),(1059,439),(1059,455),(1051,455)
"5."bounds: (273,466),(288,466),(288,483),(273,483)
"KNossos!"bounds: (307,466),(405,465),(405,483),(307,484)
"4"bounds: (672,468),(682,468),(682,484),(672,484)
"11"bounds: (716,468),(736,468),(736,484),(716,484)
"1"bounds: (999,470),(1007,470),(1007,486),(999,486)
"21"bounds: (1038,470),(1059,470),(1059,487),(1038,487)
"6."bounds: (272,497),(288,497),(288,514),(272,514)
"КОРНINAS."bounds: (305,497),(418,496),(418,514),(305,515)
"1."bounds: (673,498),(681,498),(681,514),(673,514)
"1."bounds: (946,500),(954,500),(954,516),(946,516)
"2"bounds: (1050,501),(1059,501),(1059,517),(1050,517)
"7."bounds: (267,525),(304,525),(304,548),(267,548)
"LARANI."bounds: (305,528),(390,528),(390,544),(305,544)
"1"bounds: (1051,532),(1059,532),(1059,548),(1051,548)
"8."bounds: (273,559),(289,559),(289,575),(273,575)
"MALLIA."bounds: (304,559),(389,559),(389,575),(304,575)
"1."bounds: (729,560),(737,560),(737,576),(729,576)
"9."bounds: (267,586),(299,586),(299,610),(267,610)
"PALAIKASTRO2."bounds: (304,589),(461,589),(461,606),(304,606)
"11"bounds: (659,591),(679,591),(679,607),(659,607)
"12"bounds: (1038,594),(1059,594),(1059,610),(1038,610)
"10."bounds: (262,620),(289,620),(289,637),(262,637)
"PHAISTOS."bounds: (304,620),(410,620),(410,637),(304,637)
"3"bounds: (728,622),(738,622),(738,638),(728,638)
"3"bounds: (1050,625),(1060,625),(1060,641),(1050,641)
"11."bounds: (262,651),(289,651),(289,667),(262,667)
"PLATANO.."bounds: (308,649),(423,650),(423,672),(308,671)
"12."bounds: (262,682),(289,682),(289,698),(262,698)
"PRASSA."bounds: (306,679),(399,679),(399,702),(306,702)
"1"bounds: (1051,655),(1059,655),(1059,671),(1051,671)
"1"bounds: (1051,686),(1059,686),(1059,702),(1051,702)
"13."bounds: (262,713),(289,713),(289,729),(262,729)
"PsYкнRо."bounds: (305,713),(408,713),(408,729),(305,729)
"1"bounds: (1051,717),(1059,717),(1059,733),(1051,733)
"14."bounds: (262,743),(289,743),(289,760),(262,760)
"SITIA.."bounds: (305,744),(377,744),(377,761),(305,761)
"15."bounds: (262,774),(289,774),(289,791),(262,791)
"SKHINIA."bounds: (305,775),(397,776),(397,793),(305,792)
"16."bounds: (262,805),(289,805),(289,822),(262,822)
"TRAOSTALOS."bounds: (304,805),(440,807),(440,824),(304,822)
"1"bounds: (1052,810),(1059,810),(1059,826),(1052,826)
"17."bounds: (254,833),(307,834),(307,856),(254,855)
"TROULLOS.."bounds: (304,837),(426,839),(426,855),(304,853)
"1"bounds: (1052,841),(1059,841),(1059,857),(1052,857)
"18."bounds: (262,867),(289,867),(289,884),(262,884)
"TYLISSOS."bounds: (304,868),(407,869),(407,886),(304,885)
"1"bounds: (731,869),(738,869),(738,886),(731,886)
"2"bounds: (1051,872),(1060,872),(1060,888),(1051,888)
"19."bounds: (262,898),(289,898),(289,915),(262,915)
"VRYSINAS."bounds: (305,898),(413,898),(413,916),(305,916)
"1"bounds: (675,900),(683,900),(683,916),(675,916)
"1"bounds: (1052,903),(1060,903),(1060,919),(1052,919)
"20."bounds: (261,930),(289,930),(289,946),(261,946)
"ZAKROS."bounds: (305,930),(390,930),(390,946),(305,946)
"23"bounds: (658,971),(679,971),(679,987),(658,987)
"25"bounds: (714,971),(735,971),(735,988),(714,988)
"3"bounds: (780,972),(790,972),(790,988),(780,988)
"8"bounds: (944,973),(954,973),(954,989),(944,989)
"3."bounds: (997,973),(1007,973),(1007,990),(997,990)
"67"bounds: (1039,973),(1060,973),(1060,990),(1039,990)
"B."bounds: (261,1007),(281,1007),(281,1024),(261,1024)
"Sites"bounds: (297,1007),(343,1007),(343,1024),(297,1024)
"hors"bounds: (353,1007),(393,1007),(393,1025),(353,1025)
"de"bounds: (403,1008),(423,1008),(423,1025),(403,1025)
"Crète:"bounds: (433,1008),(494,1008),(494,1025),(433,1025)
"Za"bounds: (660,1034),(689,1034),(689,1056),(660,1056)
"Zb"bounds: (714,1035),(746,1035),(746,1057),(714,1057)
"Zc"bounds: (764,1035),(819,1035),(819,1057),(764,1057)
"Zd"bounds: (821,1038),(850,1038),(850,1056),(821,1056)
"Ze"bounds: (877,1038),(904,1038),(904,1056),(877,1056)
"Zf"bounds: (925,1036),(969,1036),(969,1059),(925,1059)
"Zg"bounds: (982,1039),(1010,1039),(1010,1059),(982,1059)
"1."bounds: (274,1073),(289,1073),(289,1089),(274,1089)
"КЁл."bounds: (307,1073),(357,1073),(357,1090),(307,1090)
"[KE]"bounds: (572,1075),(622,1074),(623,1097),(573,1098)
"[KY]"bounds: (569,1105),(620,1104),(621,1128),(570,1129)
"[MI]"bounds: (572,1136),(615,1136),(615,1158),(572,1158)
"[THE]"bounds: (573,1167),(639,1167),(639,1190),(573,1190)
"3"bounds: (1051,1077),(1061,1077),(1061,1093),(1051,1093)
"2."bounds: (273,1104),(289,1104),(289,1120),(273,1120)
"KΥΤΗERA"bounds: (297,1101),(409,1102),(409,1125),(297,1124)
"."bounds: (412,1120),(413,1120),(413,1121),(412,1121)
"3."bounds: (273,1135),(289,1135),(289,1151),(273,1151)
"MILOS."bounds: (306,1135),(376,1135),(376,1151),(306,1151)
"1"bounds: (730,1137),(738,1137),(738,1153),(730,1153)
"4."bounds: (273,1166),(289,1166),(289,1182),(273,1182)
"ТHЁRA."bounds: (307,1166),(383,1166),(383,1183),(307,1183)
"4"bounds: (731,1168),(740,1168),(740,1184),(731,1184)
"4"bounds: (1051,1170),(1061,1170),(1061,1185),(1051,1185)
"9."bounds: (1050,1209),(1060,1209),(1060,1226),(1050,1226)
"(1)"bounds: (311,1266),(327,1266),(327,1279),(311,1279)
"Et"bounds: (340,1266),(357,1266),(357,1277),(340,1277)
"environs."bounds: (368,1267),(435,1267),(435,1277),(368,1277)
"(2)"bounds: (311,1286),(328,1286),(328,1299),(311,1299)
"Cette"bounds: (340,1286),(378,1286),(378,1297),(340,1297)
"dénomination"bounds: (389,1286),(491,1287),(491,1299),(389,1298)
"recouvre"bounds: (502,1290),(565,1290),(565,1299),(502,1299)
"à"bounds: (576,1288),(581,1288),(581,1298),(576,1298)
"la"bounds: (592,1288),(603,1288),(603,1298),(592,1298)
"fois"bounds: (614,1288),(638,1288),(638,1299),(614,1299)
"le"bounds: (648,1288),(658,1288),(658,1299),(648,1299)
"site"bounds: (669,1288),(693,1288),(693,1298),(669,1298)
"de"bounds: (703,1288),(718,1288),(718,1299),(703,1299)
"Palaikastro"bounds: (730,1289),(813,1290),(813,1300),(730,1299)
"et"bounds: (823,1289),(836,1289),(836,1299),(823,1299)
"la"bounds: (849,1289),(859,1289),(859,1299),(849,1299)
"colline"bounds: (870,1290),(916,1290),(916,1300),(870,1300)
"de"bounds: (927,1290),(942,1290),(942,1300),(927,1300)
"Petsophas"bounds: (953,1290),(1028,1290),(1028,1303),(953,1303)
"sur"bounds: (1038,1294),(1060,1294),(1060,1301),(1038,1301)
"laquelle"bounds: (261,1306),(318,1306),(318,1320),(261,1320)
"se"bounds: (325,1309),(338,1309),(338,1317),(325,1317)
"trouvait"bounds: (346,1306),(406,1306),(406,1318),(346,1318)
"un"bounds: (414,1310),(431,1310),(431,1317),(414,1317)
"sanctuaire"bounds: (438,1307),(515,1307),(515,1318),(438,1318)
"de"bounds: (522,1307),(538,1307),(538,1318),(522,1318)
"sommet"bounds: (545,1308),(603,1308),(603,1319),(545,1319)
":"bounds: (609,1305),(616,1305),(616,1322),(609,1322)
"du"bounds: (620,1308),(637,1308),(637,1319),(620,1319)
"premier"bounds: (646,1308),(702,1308),(702,1322),(646,1322)
"viennent"bounds: (709,1308),(774,1308),(774,1320),(709,1320)
"PK"bounds: (783,1309),(807,1309),(807,1321),(783,1321)
"Za"bounds: (813,1308),(832,1308),(832,1321),(813,1321)
"4"bounds: (839,1308),(847,1308),(847,1320),(839,1320)
"et"bounds: (854,1309),(866,1309),(866,1320),(854,1320)
"PK"bounds: (873,1309),(896,1309),(896,1321),(873,1321)
"Zc"bounds: (903,1309),(921,1309),(921,1322),(903,1322)
"13,"bounds: (928,1309),(948,1309),(948,1324),(928,1324)
"de"bounds: (956,1310),(971,1310),(971,1321),(956,1321)
"la"bounds: (979,1310),(990,1310),(990,1321),(979,1321)
"seconde,"bounds: (998,1310),(1059,1310),(1059,1324),(998,1324)
"tous"bounds: (261,1326),(292,1326),(292,1337),(261,1337)
"les"bounds: (301,1325),(319,1325),(319,1337),(301,1337)
"autres"bounds: (329,1327),(374,1327),(374,1338),(329,1338)
"documents"bounds: (384,1326),(464,1327),(464,1339),(384,1338)
"de"bounds: (474,1327),(490,1327),(490,1338),(474,1338)
"la"bounds: (500,1327),(511,1327),(511,1338),(500,1338)
"catégorie"bounds: (521,1327),(587,1328),(587,1342),(521,1341)
"Za."bounds: (597,1327),(620,1327),(620,1339),(597,1339)