Texts:

"307
A [3.]
IT 27a.1' 32.1' 89.1' 127b.41
307
B
7307
HT 5.
A 569
KH 9.13 14.33
100/102+ 307
A 635
7'306''100/102+ 307'
KH 19.1
A 637
7307 +301
KH 423
A 638
HT 36.1 85a.1' 97a.1
HT 36.1 85a.1' 97a.1
307 +307
A 638
307+ 307
308
A [47
ARKH 7.33
308
HT 23a.1 32.1' 35.2' 123a.2.3.5.6.8,
b. 11
KH 12.13 85.13
G
28- 308
HT 26h.4!
...
290
KE
"bounds: (60,341),(1130,341),(1130,1519),(60,1519)
"307"bounds: (682,342),(743,342),(743,372),(682,372)
"A"bounds: (407,518),(422,518),(421,545),(406,545)
"[3.]"bounds: (423,521),(462,522),(461,542),(422,541)
"IT"bounds: (819,525),(835,525),(835,536),(819,536)
"27a.1'"bounds: (846,518),(891,517),(891,535),(846,536)
"32.1'"bounds: (904,516),(942,515),(942,535),(904,536)
"89.1'"bounds: (954,517),(992,516),(992,534),(954,535)
"127b.41"bounds: (1006,518),(1060,517),(1060,535),(1006,536)
"307"bounds: (643,527),(665,527),(665,536),(643,536)
"B"bounds: (406,559),(413,559),(413,570),(406,570)
"7307"bounds: (625,555),(668,556),(667,577),(624,576)
"HT"bounds: (819,559),(834,559),(834,570),(819,570)
"5."bounds: (846,559),(857,559),(857,570),(846,570)
"A"bounds: (207,625),(216,625),(216,640),(207,640)
"569"bounds: (221,627),(243,627),(243,638),(221,638)
"KH"bounds: (819,626),(835,626),(835,637),(819,637)
"9.13"bounds: (845,619),(876,618),(876,635),(845,636)
"14.33"bounds: (888,617),(927,616),(927,637),(889,638)
"100/102+"bounds: (567,628),(632,627),(632,638),(567,639)
"307"bounds: (643,627),(666,627),(666,637),(643,637)
"A"bounds: (207,658),(216,658),(216,673),(207,673)
"635"bounds: (221,661),(243,661),(243,672),(221,672)
"7'306''100/102+"bounds: (507,656),(632,655),(632,672),(507,673)
"307'"bounds: (644,660),(674,660),(674,670),(644,670)
"KH"bounds: (820,660),(835,660),(835,671),(820,671)
"19.1"bounds: (846,654),(877,653),(877,671),(846,672)
"A"bounds: (203,695),(210,695),(210,705),(203,705)
"637"bounds: (221,694),(243,694),(243,706),(221,706)
"7307"bounds: (626,690),(668,690),(668,709),(626,709)
"+301"bounds: (675,688),(711,688),(711,710),(675,710)
"KH"bounds: (819,693),(835,691),(836,703),(820,705)
"423"bounds: (844,687),(868,684),(870,701),(846,704)
"A"bounds: (214,725),(222,725),(222,738),(214,738)
"638"bounds: (220,728),(242,728),(242,738),(220,738)
"HT"bounds: (820,726),(835,726),(835,737),(820,737)
"36.1"bounds: (841,718),(880,717),(881,742),(842,743)
"85a.1'"bounds: (896,719),(943,718),(944,736),(897,737)
"97a.1"bounds: (949,714),(997,713),(998,738),(950,739)
"HT"bounds: (819,757),(835,757),(835,769),(819,769)
"36.1"bounds: (843,750),(877,749),(878,773),(844,774)
"85a.1'"bounds: (896,750),(943,749),(944,768),(897,769)
"97a.1"bounds: (951,747),(997,746),(998,770),(952,771)
"307"bounds: (643,727),(666,726),(666,736),(643,737)
"+307"bounds: (677,726),(708,725),(708,736),(677,737)
"A"bounds: (209,756),(219,756),(219,772),(209,772)
"638"bounds: (220,760),(242,760),(242,770),(220,770)
"307+"bounds: (602,758),(633,759),(633,770),(602,769)
"307"bounds: (644,759),(666,759),(666,769),(644,769)
"308"bounds: (680,872),(743,873),(743,903),(680,902)
"A"bounds: (406,988),(414,988),(414,997),(406,997)
"[47"bounds: (425,984),(464,984),(464,1002),(425,1002)
"ARKH"bounds: (819,987),(853,985),(854,998),(820,1000)
"7.33"bounds: (863,981),(894,979),(895,996),(864,998)
"308"bounds: (644,988),(667,988),(667,998),(644,998)
"HT"bounds: (821,1021),(836,1021),(836,1031),(821,1031)
"23a.1"bounds: (844,1013),(889,1013),(889,1033),(844,1033)
"32.1'"bounds: (906,1014),(943,1014),(943,1031),(906,1031)
"35.2'"bounds: (957,1014),(994,1014),(994,1031),(957,1031)
"123a.2.3.5.6.8,"bounds: (1009,1019),(1130,1020),(1130,1033),(1009,1032)
"b."bounds: (845,1054),(865,1049),(869,1063),(849,1069)
"11"bounds: (867,1045),(877,1043),(881,1061),(872,1063)
"KH"bounds: (821,1088),(836,1088),(836,1099),(821,1099)
"12.13"bounds: (848,1081),(886,1080),(887,1098),(849,1099)
"85.13"bounds: (897,1080),(937,1079),(938,1099),(898,1100)
"G"bounds: (408,1156),(415,1156),(415,1167),(408,1167)
"28-"bounds: (611,1157),(634,1157),(634,1167),(611,1167)
"308"bounds: (645,1156),(667,1156),(667,1166),(645,1166)
"HT"bounds: (820,1156),(837,1155),(838,1166),(821,1167)
"26h.4!"bounds: (847,1150),(893,1147),(894,1165),(848,1168)
"..."bounds: (647,1171),(669,1171),(669,1178),(647,1178)
"290"bounds: (60,1501),(99,1501),(99,1519),(60,1519)
"KE"bounds: (590,341),(590,373),(577,373),(577,341)