Texts:

"KH Wc 2113
- C2.50]x 2,&o x 0,80 cm
KH Wc 2114
-C2,70]x C3,00]x [o,50]n
146
"bounds: (74,71),(1008,71),(1008,1533),(74,1533)
"KH"bounds: (78,71),(116,71),(116,87),(78,87)
"Wc"bounds: (131,72),(166,72),(166,88),(131,88)
"2113"bounds: (181,71),(232,72),(232,90),(181,89)
"-"bounds: (809,506),(821,506),(821,521),(809,521)
"C2.50]x"bounds: (823,505),(882,505),(882,521),(823,521)
"2,&o"bounds: (883,508),(925,508),(925,518),(883,518)
"x"bounds: (927,505),(938,505),(938,520),(927,520)
"0,80"bounds: (940,505),(973,505),(973,520),(940,520)
"cm"bounds: (972,511),(988,511),(988,517),(972,517)
"KH"bounds: (74,864),(112,864),(112,881),(74,881)
"Wc"bounds: (127,865),(162,865),(162,881),(127,881)
"2114"bounds: (177,864),(228,864),(228,882),(177,882)
"-C2,70]x"bounds: (798,1328),(866,1330),(866,1343),(798,1341)
"C3,00]x"bounds: (873,1331),(938,1333),(938,1345),(873,1343)
"[o,50]n"bounds: (945,1333),(1008,1335),(1008,1347),(945,1345)
"146"bounds: (76,1515),(111,1514),(112,1532),(77,1533)