Texts:

"82
A [67
KH Wa 1003 1004
82
38- 82
ZA 4a.73
85
A [4.7
HT 38.2' 118.1'
85
PH(?) 31a.3,b.41
D
85-2
10 Za 35
85 -27-04
KH 6.75
- 85 -59-45-
KO (?) Z£ 24
86
A L"2/4_7
HT 11b.2' 27a.2' 94a.1,h.5'
86
D
KH Wa 1013° 10143 10153 10163
86 -02
86 -41
*HT 140.1
86 -41-30
HT 140.1
64h田
HT 140.21
86 -41-118-77
786
HT 45a.2
F
G
188- 86
HT 26h.41
A 565
HT 86.5'
H
86 '188'
A 566
KH Wc 20583 2059 20603 20613
86 +188
20623 21093 2117b5
271
"bounds: (128,319),(1167,319),(1167,1537),(128,1537)
"82"bounds: (587,319),(625,319),(625,350),(587,350)
"A"bounds: (369,441),(377,441),(377,452),(369,452)
"[67"bounds: (387,436),(426,438),(425,459),(386,457)
"KH"bounds: (724,436),(740,436),(740,446),(724,446)
"Wa"bounds: (749,435),(765,435),(765,446),(749,446)
"1003"bounds: (774,430),(805,429),(805,447),(774,448)
"1004"bounds: (825,429),(856,428),(856,446),(825,447)
"82"bounds: (545,439),(559,439),(559,448),(545,448)
"38-"bounds: (512,473),(534,473),(534,483),(512,483)
"82"bounds: (544,473),(561,473),(561,487),(544,487)
"ZA"bounds: (725,469),(741,468),(741,480),(725,481)
"4a.73"bounds: (750,464),(790,463),(791,479),(751,480)
"85"bounds: (589,620),(627,620),(627,649),(589,649)
"A"bounds: (372,729),(381,729),(381,740),(372,740)
"[4.7"bounds: (391,725),(430,725),(430,745),(391,745)
"HT"bounds: (727,725),(743,725),(743,737),(727,737)
"38.2'"bounds: (753,719),(791,718),(791,736),(754,737)
"118.1'"bounds: (805,717),(850,716),(851,736),(806,737)
"85"bounds: (549,730),(563,730),(563,739),(549,739)
"PH(?)"bounds: (728,761),(766,760),(767,775),(729,776)
"31a.3,b.41"bounds: (778,756),(859,753),(860,773),(779,776)
"D"bounds: (374,798),(382,798),(382,808),(374,808)
"85-2"bounds: (547,798),(597,795),(598,812),(548,815)
"10"bounds: (724,789),(759,788),(759,806),(724,807)
"Za"bounds: (761,788),(775,788),(775,806),(761,806)
"35"bounds: (779,788),(793,788),(793,806),(779,806)
"85"bounds: (550,833),(564,833),(564,843),(550,843)
"-27-04"bounds: (575,832),(623,831),(623,843),(575,844)
"KH"bounds: (728,830),(744,829),(745,840),(729,841)
"6.75"bounds: (754,826),(785,824),(786,838),(755,841)
"-"bounds: (546,864),(554,864),(555,880),(547,880)
"85"bounds: (556,864),(566,864),(567,880),(557,880)
"-59-45-"bounds: (575,866),(632,864),(632,875),(575,877)
"KO"bounds: (729,863),(752,862),(753,877),(730,878)
"(?)"bounds: (755,863),(767,862),(768,875),(756,876)
"Z£"bounds: (779,862),(795,861),(796,873),(780,874)
"24"bounds: (805,855),(819,854),(820,872),(806,873)
"86"bounds: (590,1017),(628,1017),(628,1047),(590,1047)
"A"bounds: (374,1127),(385,1127),(385,1149),(374,1149)
"L"2/4_7"bounds: (386,1130),(443,1129),(443,1147),(386,1148)
"HT"bounds: (731,1131),(747,1131),(747,1141),(731,1141)
"11b.2'"bounds: (758,1123),(803,1122),(803,1148),(758,1149)
"27a.2'"bounds: (817,1122),(863,1121),(863,1141),(817,1142)
"94a.1,h.5'"bounds: (875,1123),(955,1122),(955,1143),(875,1144)
"86"bounds: (554,1133),(568,1133),(568,1143),(554,1143)
"D"bounds: (369,1165),(377,1165),(377,1176),(369,1176)
"KH"bounds: (732,1164),(748,1164),(748,1175),(732,1175)
"Wa"bounds: (757,1164),(772,1164),(772,1174),(757,1174)
"1013°"bounds: (784,1157),(822,1156),(822,1174),(784,1175)
"10143"bounds: (835,1156),(873,1155),(873,1173),(835,1174)
"10153"bounds: (885,1156),(923,1155),(923,1174),(885,1175)
"10163"bounds: (935,1156),(974,1155),(974,1173),(935,1174)
"86"bounds: (554,1167),(568,1167),(568,1176),(554,1176)
"-02"bounds: (579,1167),(602,1167),(602,1177),(579,1177)
"86"bounds: (553,1200),(570,1200),(570,1214),(553,1214)
"-41"bounds: (579,1200),(602,1200),(602,1210),(579,1210)
"*HT"bounds: (732,1192),(756,1192),(756,1208),(732,1208)
"140.1"bounds: (766,1189),(806,1189),(806,1212),(766,1212)
"86"bounds: (553,1233),(570,1232),(570,1247),(553,1248)
"-41-30"bounds: (579,1234),(628,1232),(628,1243),(579,1245)
"HT"bounds: (731,1231),(748,1230),(749,1240),(732,1241)
"140.1"bounds: (757,1225),(799,1223),(800,1242),(758,1244)
"64h"bounds: (209,1257),(288,1256),(288,1284),(209,1285)
"田"bounds: (292,1261),(312,1261),(312,1279),(292,1279)
"HT"bounds: (732,1265),(748,1264),(749,1275),(733,1276)
"140.21"bounds: (759,1259),(804,1256),(805,1274),(760,1277)
"86"bounds: (555,1267),(570,1267),(570,1277),(555,1277)
"-41-118-77"bounds: (580,1267),(662,1267),(662,1277),(580,1277)
"786"bounds: (537,1298),(570,1298),(570,1315),(537,1315)
"HT"bounds: (732,1299),(749,1298),(749,1309),(733,1310)
"45a.2"bounds: (756,1294),(800,1292),(801,1309),(757,1311)
"F"bounds: (371,1300),(378,1300),(378,1311),(371,1311)
"G"bounds: (371,1334),(378,1334),(378,1345),(371,1345)
"188-"bounds: (515,1335),(545,1335),(545,1345),(515,1345)
"86"bounds: (556,1335),(571,1335),(571,1346),(556,1346)
"HT"bounds: (733,1333),(749,1332),(749,1343),(733,1344)
"26h.41"bounds: (760,1325),(805,1323),(806,1343),(761,1345)
"A"bounds: (128,1400),(137,1400),(137,1416),(128,1416)
"565"bounds: (140,1402),(162,1402),(162,1414),(140,1414)
"HT"bounds: (733,1401),(749,1400),(750,1411),(734,1412)
"86.5'"bounds: (758,1394),(797,1391),(798,1410),(760,1413)
"H"bounds: (372,1402),(379,1402),(379,1412),(372,1412)
"86"bounds: (557,1403),(572,1403),(572,1414),(557,1414)
"'188'"bounds: (585,1403),(621,1402),(621,1412),(585,1413)
"A"bounds: (133,1433),(141,1433),(141,1448),(133,1448)
"566"bounds: (140,1436),(163,1436),(163,1447),(140,1447)
"KH"bounds: (734,1434),(751,1434),(751,1445),(734,1445)
"Wc"bounds: (760,1434),(775,1434),(775,1445),(760,1445)
"20583"bounds: (786,1426),(825,1425),(825,1443),(786,1444)
"2059"bounds: (835,1425),(869,1425),(869,1447),(835,1447)
"20603"bounds: (887,1424),(926,1423),(926,1442),(887,1443)
"20613"bounds: (938,1424),(977,1423),(977,1441),(938,1442)
"86"bounds: (557,1437),(572,1437),(572,1447),(557,1447)
"+188"bounds: (582,1436),(614,1436),(614,1447),(582,1447)
"20623"bounds: (786,1458),(825,1458),(825,1477),(786,1477)
"21093"bounds: (837,1459),(876,1459),(876,1477),(837,1477)
"2117b5"bounds: (888,1458),(935,1458),(935,1476),(888,1476)
"271"bounds: (1132,1520),(1167,1520),(1167,1537),(1132,1537)