Texts:

"6. CONCORDANCE MUSÉOGRAPHIQUE
Les lieux de conservation sont rangés selon l'ordre alphabétique de
leur abréviation'.
Pour chacun d'eux, on trouvera successivement:
Colonne 1:
Le site de provenance (en abrégé : pour la résolution des
abréviation, voyez la « Concordance géographique »).
Le type de document (tablette, Wa-Wc, Za-Zg).
Le n° d'édition (avec, en exposant, après le dernier
élément de chaque série, le nº du volume de GORILA Où se
trouvent le ou les documents de cette série).
Colonne 2 : Nombre de documents par type, pour chaque site, pour un
endroit de conservation donné.
Colonne 3 : Nombre de documents, par site, pour un endroit de conser-
vation donné.
Colonne 4 : Nombre total de documents pour un endroit de conservation
donné.
a) Ashmolean Museum, Oæford
[AM]
KN Za 194.
1
1
PK Zc 134.
1
1
3
PS Za 2 (b et c)*....
1
b) Musée archéologique d'Haghios Nikolaos, Crète
[A. Nik. M.]
CR (?) Zf 14
MA 105..
1
1
1
8
PK Za 14-18.
PYR 11..
5
1
(1) Le système d'abréviation des noms des musées est, pour une bonne part, repris de P. WARREN,
Minoan Stone Vases (Cambridge 1969), p. XIv.
"bounds: (256,391),(1055,391),(1055,1339),(256,1339)
"6."bounds: (413,395),(428,395),(428,412),(413,412)
"CONCORDANCE"bounds: (449,395),(637,396),(637,414),(449,413)
"MUSÉOGRAPHIQUE"bounds: (657,391),(898,392),(898,418),(657,417)
"Les"bounds: (310,490),(343,490),(343,507),(310,507)
"lieux"bounds: (356,490),(406,490),(406,507),(356,507)
"de"bounds: (421,491),(442,491),(442,507),(421,507)
"conservation"bounds: (456,490),(588,491),(588,508),(456,507)
"sont"bounds: (602,495),(644,495),(644,508),(602,508)
"rangés"bounds: (658,492),(723,492),(723,512),(658,512)
"selon"bounds: (738,493),(788,493),(788,509),(738,509)
"l'ordre"bounds: (802,492),(869,492),(869,509),(802,509)
"alphabétique"bounds: (884,492),(1018,493),(1018,515),(884,514)
"de"bounds: (1032,493),(1054,493),(1054,510),(1032,510)
"leur"bounds: (258,521),(298,521),(298,537),(258,537)
"abréviation'."bounds: (308,520),(434,521),(434,539),(308,538)
"Pour"bounds: (308,557),(362,557),(362,578),(308,578)
"chacun"bounds: (368,557),(439,557),(439,579),(368,579)
"d'eux,"bounds: (451,559),(513,559),(513,579),(451,579)
"on"bounds: (525,566),(547,566),(547,576),(525,576)
"trouvera"bounds: (558,563),(647,564),(647,578),(558,577)
"successivement:"bounds: (658,560),(829,561),(829,579),(658,578)
"Colonne"bounds: (267,593),(338,594),(338,617),(267,616)
"1:"bounds: (352,595),(384,596),(384,618),(352,617)
"Le"bounds: (436,598),(460,598),(460,613),(436,613)
"site"bounds: (472,598),(506,598),(506,613),(472,613)
"de"bounds: (519,598),(540,598),(540,613),(519,613)
"provenance"bounds: (552,604),(670,604),(670,619),(552,619)
"(en"bounds: (684,598),(713,598),(713,620),(684,620)
"abrégé"bounds: (725,598),(792,598),(792,620),(725,620)
":"bounds: (803,598),(813,598),(813,622),(803,622)
"pour"bounds: (821,605),(868,605),(868,621),(821,621)
"la"bounds: (879,599),(896,599),(896,615),(879,615)
"résolution"bounds: (909,599),(1011,599),(1011,615),(909,615)
"des"bounds: (1023,600),(1054,600),(1054,615),(1023,615)
"abréviation,"bounds: (400,627),(525,628),(525,649),(400,648)
"voyez"bounds: (536,634),(595,634),(595,650),(536,650)
"la"bounds: (605,629),(622,629),(622,645),(605,645)
"«"bounds: (633,634),(639,634),(639,645),(633,645)
"Concordance"bounds: (648,627),(780,628),(780,646),(648,645)
"géographique"bounds: (791,628),(929,629),(929,652),(791,651)
"»)."bounds: (938,630),(958,630),(958,651),(938,651)
"Le"bounds: (435,661),(459,661),(459,677),(435,677)
"type"bounds: (469,665),(515,665),(515,683),(469,683)
"de"bounds: (525,661),(547,661),(547,677),(525,677)
"document"bounds: (557,662),(659,662),(659,678),(557,678)
"(tablette,"bounds: (671,662),(764,662),(764,684),(671,684)
"Wa-Wc,"bounds: (774,662),(864,662),(864,682),(774,682)
"Za-Zg)."bounds: (875,662),(957,662),(957,684),(875,684)
"Le"bounds: (436,694),(460,694),(460,711),(436,711)
"n°"bounds: (480,696),(500,696),(500,711),(480,711)
"d'édition"bounds: (520,694),(611,695),(611,712),(520,711)
"(avec,"bounds: (632,695),(690,695),(690,716),(632,716)
"en"bounds: (711,702),(732,702),(732,712),(711,712)
"exposant,"bounds: (753,699),(851,700),(851,718),(753,717)
"après"bounds: (868,695),(930,695),(930,718),(868,718)
"le"bounds: (946,696),(962,696),(962,712),(946,712)
"dernier"bounds: (982,695),(1055,695),(1055,714),(982,714)
"élément"bounds: (399,725),(479,725),(479,741),(399,741)
"de"bounds: (493,725),(514,725),(514,741),(493,741)
"chaque"bounds: (529,725),(600,725),(600,747),(529,747)
"série,"bounds: (614,725),(665,725),(665,746),(614,746)
"le"bounds: (679,726),(695,726),(695,742),(679,742)
"nº"bounds: (709,728),(730,728),(730,742),(709,742)
"du"bounds: (743,726),(768,726),(768,742),(743,742)
"volume"bounds: (781,727),(857,727),(857,743),(781,743)
"de"bounds: (873,727),(895,727),(895,743),(873,743)
"GORILA"bounds: (909,727),(985,727),(985,743),(909,743)
"Où"bounds: (999,729),(1022,729),(1022,743),(999,743)
"se"bounds: (1036,734),(1054,734),(1054,744),(1036,744)
"trouvent"bounds: (398,760),(488,761),(488,774),(398,773)
"le"bounds: (499,757),(514,757),(514,773),(499,773)
"ou"bounds: (525,763),(548,763),(548,773),(525,773)
"les"bounds: (558,757),(583,757),(583,773),(558,773)
"documents"bounds: (594,757),(705,758),(705,775),(594,774)
"de"bounds: (716,757),(738,757),(738,773),(716,773)
"cette"bounds: (749,761),(797,761),(797,774),(749,774)
"série)."bounds: (808,758),(867,758),(867,778),(808,778)
"Colonne"bounds: (258,790),(340,791),(340,808),(258,807)
"2"bounds: (355,790),(364,790),(364,807),(355,807)
":"bounds: (378,788),(388,788),(388,811),(378,811)
"Nombre"bounds: (399,790),(481,791),(481,809),(399,808)
"de"bounds: (495,792),(517,792),(517,808),(495,808)
"documents"bounds: (530,791),(641,792),(641,810),(530,809)
"par"bounds: (655,798),(689,798),(689,814),(655,814)
"type,"bounds: (701,796),(753,797),(753,815),(701,814)
"pour"bounds: (768,799),(815,800),(815,816),(768,815)
"chaque"bounds: (828,793),(900,794),(900,816),(828,815)
"site,"bounds: (914,794),(955,794),(955,815),(914,815)
"pour"bounds: (969,800),(1016,801),(1016,817),(969,816)
"un"bounds: (1029,800),(1053,800),(1053,810),(1029,810)
"endroit"bounds: (398,822),(472,822),(472,839),(398,839)
"de"bounds: (483,822),(504,822),(504,838),(483,838)
"conservation"bounds: (515,823),(647,824),(647,840),(515,839)
"donné."bounds: (658,823),(725,823),(725,839),(658,839)
"Colonne"bounds: (258,857),(339,858),(339,874),(258,873)
"3"bounds: (354,857),(364,857),(364,873),(354,873)
":"bounds: (380,865),(382,865),(382,874),(380,874)
"Nombre"bounds: (399,857),(480,858),(480,875),(399,874)
"de"bounds: (494,858),(515,858),(515,875),(494,875)
"documents,"bounds: (529,858),(647,859),(647,878),(529,877)
"par"bounds: (661,866),(694,866),(694,879),(661,879)
"site,"bounds: (707,859),(747,859),(747,879),(707,879)
"pour"bounds: (762,865),(809,865),(809,879),(762,879)
"un"bounds: (822,866),(846,866),(846,876),(822,876)
"endroit"bounds: (860,859),(933,859),(933,876),(860,876)
"de"bounds: (947,860),(968,860),(968,876),(947,876)
"conser-"bounds: (982,867),(1053,867),(1053,877),(982,877)
"vation"bounds: (398,888),(464,888),(464,905),(398,905)
"donné."bounds: (479,888),(546,888),(546,906),(479,906)
"Colonne"bounds: (257,923),(341,923),(341,940),(257,940)
"4"bounds: (356,924),(365,924),(365,940),(356,940)
":"bounds: (381,931),(383,931),(383,941),(381,941)
"Nombre"bounds: (400,924),(482,924),(482,940),(400,940)
"total"bounds: (493,924),(541,924),(541,941),(493,941)
"de"bounds: (553,924),(574,924),(574,941),(553,941)
"documents"bounds: (586,925),(697,926),(697,942),(586,941)
"pour"bounds: (709,931),(756,931),(756,944),(709,944)
"un"bounds: (768,932),(791,932),(791,942),(768,942)
"endroit"bounds: (803,925),(877,925),(877,942),(803,942)
"de"bounds: (888,926),(910,926),(910,942),(888,942)
"conservation"bounds: (922,925),(1054,926),(1054,944),(922,943)
"donné."bounds: (397,955),(463,955),(463,972),(397,972)
"a)"bounds: (257,1034),(269,1034),(269,1048),(257,1048)
"Ashmolean"bounds: (286,1033),(366,1034),(366,1046),(286,1045)
"Museum,"bounds: (377,1035),(444,1036),(444,1048),(377,1047)
"Oæford"bounds: (457,1035),(505,1035),(505,1049),(457,1049)
"[AM]"bounds: (966,1036),(1004,1036),(1004,1051),(966,1051)
"KN"bounds: (304,1058),(328,1058),(328,1070),(304,1070)
"Za"bounds: (339,1058),(359,1058),(359,1070),(339,1070)
"194."bounds: (370,1059),(395,1059),(395,1069),(370,1069)
"1"bounds: (907,1061),(910,1061),(910,1071),(907,1071)
"1"bounds: (974,1061),(977,1061),(977,1071),(974,1071)
"PK"bounds: (304,1078),(327,1078),(327,1090),(304,1090)
"Zc"bounds: (339,1078),(357,1078),(357,1090),(339,1090)
"134."bounds: (369,1078),(392,1078),(392,1089),(369,1089)
"1"bounds: (907,1080),(910,1080),(910,1090),(907,1090)
"1"bounds: (974,1081),(977,1081),(977,1091),(974,1091)
"3"bounds: (1041,1081),(1048,1081),(1048,1091),(1041,1091)
"PS"bounds: (304,1097),(324,1097),(324,1110),(304,1110)
"Za"bounds: (335,1098),(354,1098),(354,1110),(335,1110)
"2"bounds: (364,1098),(371,1098),(371,1109),(364,1109)
"(b"bounds: (383,1098),(395,1098),(395,1112),(383,1112)
"et"bounds: (407,1099),(420,1099),(420,1109),(407,1109)
"c)*...."bounds: (430,1098),(475,1099),(475,1113),(430,1112)
"1"bounds: (907,1100),(909,1100),(909,1111),(907,1111)
"b)"bounds: (256,1132),(269,1132),(269,1145),(256,1145)
"Musée"bounds: (288,1131),(334,1131),(334,1143),(288,1143)
"archéologique"bounds: (344,1131),(441,1132),(441,1147),(344,1146)
"d'Haghios"bounds: (451,1131),(525,1132),(525,1147),(451,1146)
"Nikolaos,"bounds: (536,1132),(604,1133),(604,1146),(536,1145)
"Crète"bounds: (616,1133),(651,1133),(651,1143),(616,1143)
"[A."bounds: (965,1131),(991,1131),(991,1147),(965,1147)
"Nik."bounds: (993,1133),(1023,1133),(1023,1144),(993,1144)
"M.]"bounds: (1031,1133),(1054,1133),(1054,1148),(1031,1148)
"CR"bounds: (306,1154),(335,1154),(335,1171),(306,1171)
"(?)"bounds: (338,1156),(357,1156),(357,1170),(338,1170)
"Zf"bounds: (369,1156),(386,1156),(386,1168),(369,1168)
"14"bounds: (398,1156),(408,1156),(408,1167),(398,1167)
"MA"bounds: (304,1176),(330,1176),(330,1188),(304,1188)
"105.."bounds: (341,1176),(374,1176),(374,1187),(341,1187)
"1"bounds: (907,1159),(910,1159),(910,1168),(907,1168)
"1"bounds: (907,1178),(910,1178),(910,1188),(907,1188)
"1"bounds: (974,1178),(978,1178),(978,1189),(974,1189)
"8"bounds: (1041,1189),(1048,1189),(1048,1199),(1041,1199)
"PK"bounds: (303,1196),(327,1196),(327,1208),(303,1208)
"Za"bounds: (338,1196),(357,1196),(357,1208),(338,1208)
"14-18."bounds: (369,1196),(417,1195),(417,1206),(369,1207)
"PYR"bounds: (303,1216),(339,1215),(339,1227),(303,1228)
"11.."bounds: (350,1217),(373,1216),(373,1226),(350,1227)
"5"bounds: (905,1198),(912,1198),(912,1209),(905,1209)
"1"bounds: (907,1218),(911,1218),(911,1228),(907,1228)
"(1)"bounds: (306,1304),(323,1304),(323,1316),(306,1316)
"Le"bounds: (336,1303),(353,1303),(353,1315),(336,1315)
"système"bounds: (359,1303),(419,1303),(419,1316),(359,1316)
"d'abréviation"bounds: (425,1304),(526,1305),(526,1316),(425,1315)
"des"bounds: (533,1304),(556,1304),(556,1315),(533,1315)
"noms"bounds: (562,1307),(600,1307),(600,1316),(562,1316)
"des"bounds: (607,1305),(630,1305),(630,1316),(607,1316)
"musées"bounds: (637,1305),(688,1305),(688,1316),(637,1316)
"est,"bounds: (695,1305),(719,1305),(719,1318),(695,1318)
"pour"bounds: (727,1308),(760,1308),(760,1318),(727,1318)
"une"bounds: (767,1308),(792,1308),(792,1316),(767,1316)
"bonne"bounds: (799,1306),(843,1306),(843,1317),(799,1317)
"part,"bounds: (850,1306),(885,1306),(885,1319),(850,1319)
"repris"bounds: (892,1306),(933,1306),(933,1319),(892,1319)
"de"bounds: (940,1306),(955,1306),(955,1317),(940,1317)
"P."bounds: (962,1306),(976,1306),(976,1317),(962,1317)
"WARREN,"bounds: (983,1307),(1054,1307),(1054,1320),(983,1320)
"Minoan"bounds: (257,1323),(314,1324),(314,1336),(257,1335)
"Stone"bounds: (324,1324),(362,1324),(362,1335),(324,1335)
"Vases"bounds: (372,1323),(412,1323),(412,1335),(372,1335)
"(Cambridge"bounds: (420,1323),(506,1324),(506,1338),(420,1337)
"1969),"bounds: (516,1324),(558,1324),(558,1338),(516,1338)
"p."bounds: (567,1328),(579,1328),(579,1339),(567,1339)
"XIv."bounds: (587,1328),(616,1328),(616,1336),(587,1336)