Texts:

"TABLE DES MATIÈRES
AVANT-PROoPOs...
IX-XII
INTRODUCTION
XIII-LXI
NODULES, SCELLÉS ET RONDELLES
ÉDITÉS AVANT 1970
1. GOURNIA
1-2
2. HAGHIA TRIADA
I. NODULES
П. SCELLES
III. RONDELLES
3-67
69-70
71-78
3. КЁА...
79-80
4. KNossos
I. SCELLÉ
II. RONDELLES
81-82
83-85
5. MALLIA
87-88
6. РНАISTOS
I. NODULE
II. SCELLÉS ..
III. RONDELLES
89-90
91-92
93-96
7. ZAKROS .
97-98
"bounds: (171,396),(971,396),(971,1213),(171,1213)
"TABLE"bounds: (418,399),(499,398),(499,416),(418,417)
"DES"bounds: (520,400),(566,400),(566,417),(520,417)
"MATIÈRES"bounds: (586,397),(716,396),(716,417),(586,418)
"AVANT-PROoPOs..."bounds: (171,509),(354,512),(354,529),(171,526)
"IX-XII"bounds: (902,516),(962,514),(962,524),(902,526)
"INTRODUCTION"bounds: (172,546),(323,549),(323,566),(172,563)
"XIII-LXI"bounds: (888,553),(967,553),(967,563),(888,563)
"NODULES,"bounds: (346,631),(448,631),(448,650),(346,650)
"SCELLÉS"bounds: (462,632),(543,632),(543,647),(462,647)
"ET"bounds: (557,637),(579,637),(579,647),(557,647)
"RONDELLES"bounds: (592,636),(708,637),(708,649),(592,648)
"ÉDITÉS"bounds: (426,662),(495,662),(495,679),(426,679)
"AVANT"bounds: (508,668),(573,668),(573,678),(508,678)
"1970"bounds: (586,662),(632,662),(632,678),(586,678)
"1."bounds: (207,721),(255,721),(255,744),(207,744)
"GOURNIA"bounds: (251,724),(344,724),(344,740),(251,740)
"1-2"bounds: (926,724),(955,723),(956,741),(927,742)
"2."bounds: (219,762),(235,762),(235,778),(219,778)
"HAGHIA"bounds: (252,762),(332,762),(332,778),(252,778)
"TRIADA"bounds: (344,762),(422,762),(422,778),(344,778)
"I."bounds: (321,790),(348,790),(348,813),(321,813)
"NODULES"bounds: (352,793),(447,793),(447,809),(352,809)
"П."bounds: (313,820),(348,820),(348,843),(313,843)
"SCELLES"bounds: (352,824),(436,824),(436,840),(352,840)
"III."bounds: (300,852),(342,852),(342,873),(300,873)
"RONDELLES"bounds: (353,855),(474,856),(474,872),(353,871)
"3-67"bounds: (926,793),(968,792),(968,809),(926,810)
"69-70"bounds: (914,822),(969,823),(969,841),(914,840)
"71-78"bounds: (915,854),(969,853),(969,871),(915,872)
"3."bounds: (220,890),(236,890),(236,907),(220,907)
"КЁА..."bounds: (252,890),(333,892),(333,909),(252,907)
"79-80"bounds: (915,890),(969,890),(969,907),(915,907)
"4."bounds: (220,928),(235,928),(235,944),(220,944)
"KNossos"bounds: (253,928),(343,929),(343,945),(253,944)
"I."bounds: (322,956),(349,956),(349,979),(322,979)
"SCELLÉ"bounds: (353,959),(426,959),(426,975),(353,975)
"II."bounds: (309,987),(345,987),(345,1008),(309,1008)
"RONDELLES"bounds: (354,989),(475,990),(475,1007),(354,1006)
"81-82"bounds: (915,958),(969,958),(969,975),(915,975)
"83-85"bounds: (915,989),(970,989),(970,1006),(915,1006)
"5."bounds: (221,1027),(236,1027),(236,1043),(221,1043)
"MALLIA"bounds: (252,1027),(329,1027),(329,1043),(252,1043)
"87-88"bounds: (915,1027),(970,1027),(970,1044),(915,1044)
"6."bounds: (221,1064),(236,1064),(236,1080),(221,1080)
"РНАISTOS"bounds: (252,1065),(349,1065),(349,1081),(252,1081)
"I."bounds: (321,1092),(350,1092),(350,1114),(321,1114)
"NODULE"bounds: (353,1095),(438,1096),(438,1113),(353,1112)
"II."bounds: (309,1123),(345,1124),(345,1145),(309,1144)
"SCELLÉS"bounds: (353,1126),(438,1127),(438,1144),(353,1143)
".."bounds: (448,1140),(461,1140),(461,1143),(448,1143)
"III."bounds: (300,1154),(347,1155),(347,1176),(300,1175)
"RONDELLES"bounds: (354,1157),(475,1159),(475,1175),(354,1173)
"89-90"bounds: (915,1095),(970,1095),(970,1112),(915,1112)
"91-92"bounds: (915,1126),(970,1126),(970,1143),(915,1143)
"93-96"bounds: (915,1157),(970,1157),(970,1174),(915,1174)
"7."bounds: (212,1192),(257,1192),(257,1213),(212,1213)
"ZAKROS"bounds: (253,1195),(331,1195),(331,1212),(253,1212)
"."bounds: (341,1209),(352,1209),(352,1211),(341,1211)
"97-98"bounds: (916,1195),(971,1195),(971,1212),(916,1212)