Texts:

"ZA 7 a
ZA Za
II|||
** TY
2
3
4 -6
desumt
8.
vacat
a. 1. Cup de stylet Cà forisent dans la catsure] afrès n: incerlaim
si 'accidelel au
non.
ZA 7 a
5
.1
4
1-2 TLs
.2-3
.4-6
deaumt
Jvesr. [
.7
.8
vacat
161
"bounds: (24,63),(1157,63),(1157,1529),(24,1529)
"ZA"bounds: (24,64),(55,64),(55,81),(24,81)
"7"bounds: (70,63),(81,63),(81,81),(70,81)
"a"bounds: (90,70),(101,70),(101,82),(90,82)
"ZA"bounds: (217,119),(253,120),(252,141),(216,140)
"Za"bounds: (276,121),(304,122),(304,141),(276,140)
"II|||"bounds: (573,199),(608,199),(608,209),(573,209)
"**"bounds: (466,272),(559,274),(558,313),(465,311)
"TY"bounds: (554,274),(701,277),(700,316),(553,313)
"2"bounds: (303,292),(316,292),(316,308),(303,308)
"3"bounds: (303,374),(315,374),(315,393),(303,393)
"4"bounds: (302,451),(320,451),(320,481),(302,481)
"-6"bounds: (322,451),(351,451),(351,482),(322,482)
"desumt"bounds: (453,461),(528,461),(528,477),(453,477)
"8."bounds: (300,618),(323,618),(323,641),(300,641)
"vacat"bounds: (453,626),(519,625),(519,641),(453,642)
"a."bounds: (326,687),(361,687),(361,710),(326,710)
"1."bounds: (363,687),(385,687),(385,710),(363,710)
"Cup"bounds: (391,687),(430,687),(430,708),(391,708)
"de"bounds: (441,691),(464,691),(464,704),(441,704)
"stylet"bounds: (479,689),(536,689),(536,710),(479,710)
"Cà"bounds: (544,692),(571,692),(571,703),(544,703)
"forisent"bounds: (589,691),(641,691),(641,710),(589,710)
"dans"bounds: (651,692),(690,692),(690,703),(651,703)
"la"bounds: (704,687),(730,687),(730,706),(704,706)
"catsure]"bounds: (741,694),(817,694),(817,706),(741,706)
"afrès"bounds: (827,692),(871,692),(871,709),(827,709)
"n:"bounds: (890,691),(916,691),(916,705),(890,705)
"incerlaim"bounds: (926,691),(998,691),(998,706),(926,706)
"si"bounds: (386,713),(408,713),(408,725),(386,725)
"'accidelel"bounds: (423,706),(541,706),(541,723),(423,723)
"au"bounds: (554,718),(575,718),(575,723),(554,723)
"non."bounds: (613,714),(648,715),(648,727),(613,726)
"ZA"bounds: (220,829),(253,830),(253,849),(220,849)
"7"bounds: (267,828),(282,828),(282,848),(267,848)
"a"bounds: (294,834),(312,834),(312,849),(294,849)
"5"bounds: (941,880),(963,881),(962,904),(940,903)
".1"bounds: (315,923),(350,923),(350,943),(315,943)
"4"bounds: (936,980),(959,980),(959,1011),(936,1011)
"1-2"bounds: (317,1026),(378,1020),(380,1045),(319,1051)
"TLs"bounds: (421,1001),(535,991),(539,1043),(426,1054)
".2-3"bounds: (322,1126),(373,1122),(375,1144),(324,1148)
".4-6"bounds: (324,1225),(373,1223),(374,1251),(325,1253)
"deaumt"bounds: (449,1225),(540,1225),(540,1251),(449,1251)
"Jvesr."bounds: (728,1298),(804,1297),(805,1346),(729,1347)
"["bounds: (809,1296),(825,1296),(826,1340),(810,1340)
".7"bounds: (330,1334),(348,1334),(348,1355),(330,1355)
".8"bounds: (330,1435),(349,1435),(349,1457),(330,1457)
"vacat"bounds: (581,1431),(657,1429),(658,1454),(582,1456)
"161"bounds: (1125,1512),(1157,1512),(1157,1529),(1125,1529)