Texts:

"Я
301
A L27
301
HT 10a.2'
HT 110b.s' 127b.6'
KH 11.63
HT Wa 1025y 1026y 10294.y² 10300.y? 1623
=) 1733+1845? 1734 =18442 1846 18482
KH Wa 10113 10123
D
301 -06
KH 5.33
HT 115a[. 2]
301 -10-60
E
-07- 301 -39-44-
KN Zf 134
08- 301 -67-59-08
TY Zh 44
Y A Z
31- 301 -53
ZA 11b.13
79- 301 -09-45-21-118 ARKH 2.3-4
59-06-28- 301 -10-37-55
I0 Za 65
59-06-28- 301 -37
PS Za 2.24
08-59-28- 301 -45-77
ZA Zh 3.24
08-59-28- 301 -54-38
PK Za 11a“
08-59-28-73C1 -54/-57
IO Za 45
08-59-28- 301 -54-57
IO Za 2a.15
75
35
KO Za la4
РК Zа 12а
4
SY Za 15 2a 35
TL Za la“
57-59-28- 301 -10-57
AP Za 14
708-06-37- 301 -54-57
IO Za 85
757-10-03-80-28-01- 301 -07/
*PK Za 9.24
F
7301
HT 55a.21
KH 84.23
半月
G.
04- 301
HT 8a.31 98a.3'
08- 301 /
KH 58.53
282
२३३ २
"bounds: (68,325),(1166,325),(1166,1527),(68,1527)
"Я"bounds: (569,325),(581,325),(581,352),(569,352)
"301"bounds: (675,325),(729,325),(729,355),(675,355)
"A"bounds: (450,502),(458,502),(458,513),(450,513)
"L27"bounds: (468,499),(508,499),(508,518),(468,518)
"301"bounds: (654,506),(676,506),(676,516),(654,516)
"HT"bounds: (812,505),(829,504),(830,516),(813,517)
"10a.2'"bounds: (841,501),(886,499),(887,517),(842,519)
"HT"bounds: (813,540),(829,540),(829,550),(813,550)
"110b.s'"bounds: (841,532),(894,532),(894,550),(841,550)
"127b.6'"bounds: (908,532),(961,532),(961,551),(908,551)
"KH"bounds: (813,573),(829,572),(830,584),(814,585)
"11.63"bounds: (840,568),(878,566),(879,583),(841,585)
"HT"bounds: (813,607),(829,607),(829,617),(813,617)
"Wa"bounds: (838,607),(853,607),(853,617),(838,617)
"1025y"bounds: (865,598),(912,598),(912,625),(865,625)
"1026y"bounds: (925,599),(971,599),(971,625),(925,625)
"10294.y²"bounds: (983,599),(1047,599),(1047,627),(983,627)
"10300.y?"bounds: (1060,600),(1123,600),(1123,627),(1060,627)
"1623"bounds: (1136,608),(1166,608),(1166,619),(1136,619)
"=)"bounds: (839,634),(866,634),(866,656),(839,656)
"1733+1845?"bounds: (868,634),(951,634),(951,656),(868,656)
"1734"bounds: (959,642),(989,642),(989,653),(959,653)
"=18442"bounds: (998,635),(1057,635),(1057,654),(998,654)
"1846"bounds: (1069,643),(1099,643),(1099,654),(1069,654)
"18482"bounds: (1106,634),(1165,634),(1165,653),(1106,653)
"KH"bounds: (813,673),(829,672),(829,684),(813,685)
"Wa"bounds: (837,673),(853,672),(853,684),(837,685)
"10113"bounds: (866,665),(905,663),(906,683),(867,685)
"10123"bounds: (917,665),(956,663),(957,683),(918,685)
"D"bounds: (449,703),(457,703),(457,714),(449,714)
"301"bounds: (653,707),(675,707),(675,717),(653,717)
"-06"bounds: (686,707),(710,707),(710,717),(686,717)
"KH"bounds: (812,705),(828,704),(829,717),(813,718)
"5.33"bounds: (839,702),(870,699),(871,717),(841,720)
"HT"bounds: (812,738),(828,738),(828,750),(812,750)
"115a[."bounds: (840,735),(885,736),(884,759),(839,758)
"2]"bounds: (890,731),(910,731),(909,759),(889,759)
"301"bounds: (653,738),(675,739),(675,749),(653,748)
"-10-60"bounds: (686,737),(736,739),(736,751),(686,749)
"E"bounds: (450,770),(456,770),(456,781),(450,781)
"-07-"bounds: (610,773),(642,773),(642,783),(610,783)
"301"bounds: (653,774),(675,774),(675,784),(653,784)
"-39-44-"bounds: (686,773),(743,774),(743,785),(686,784)
"KN"bounds: (812,774),(828,773),(829,785),(813,786)
"Zf"bounds: (837,769),(860,768),(861,786),(838,787)
"134"bounds: (864,768),(886,767),(887,784),(865,785)
"08-"bounds: (619,807),(642,807),(642,817),(619,817)
"301"bounds: (653,808),(675,808),(675,817),(653,817)
"-67-59-08"bounds: (686,808),(760,808),(760,818),(686,818)
"TY"bounds: (812,808),(827,807),(828,819),(813,820)
"Zh"bounds: (837,808),(852,807),(853,819),(838,820)
"44"bounds: (862,802),(877,801),(878,818),(863,819)
"Y"bounds: (288,821),(318,822),(318,849),(288,848)
"A"bounds: (327,822),(344,822),(343,853),(326,853)
"Z"bounds: (340,825),(350,825),(350,848),(340,848)
"31-"bounds: (619,841),(642,841),(642,851),(619,851)
"301"bounds: (652,841),(674,841),(674,852),(652,852)
"-53"bounds: (686,842),(709,842),(709,852),(686,852)
"ZA"bounds: (812,842),(826,841),(827,851),(813,852)
"11b.13"bounds: (839,837),(885,834),(886,851),(840,854)
"79-"bounds: (620,873),(643,873),(643,882),(620,882)
"301"bounds: (650,875),(677,875),(677,889),(650,889)
"-09-45-21-118"bounds: (685,870),(801,870),(801,886),(685,886)
"ARKH"bounds: (811,875),(845,875),(845,887),(811,887)
"2.3-4"bounds: (853,870),(894,870),(894,889),(853,889)
"59-06-28-"bounds: (568,907),(641,908),(641,918),(568,917)
"301"bounds: (649,905),(684,905),(684,920),(649,920)
"-10-37-55"bounds: (685,908),(759,909),(759,920),(685,919)
"I0"bounds: (807,905),(842,903),(843,920),(808,922)
"Za"bounds: (844,903),(857,902),(858,919),(845,920)
"65"bounds: (861,902),(876,901),(877,918),(862,919)
"59-06-28-"bounds: (567,940),(641,941),(641,952),(567,951)
"301"bounds: (652,942),(673,942),(673,952),(652,952)
"-37"bounds: (685,943),(708,943),(708,953),(685,953)
"PS"bounds: (800,940),(840,938),(841,956),(801,958)
"Za"bounds: (842,937),(856,936),(857,955),(843,956)
"2.24"bounds: (862,936),(893,934),(894,953),(863,955)
"08-59-28-"bounds: (567,975),(640,974),(640,985),(567,986)
"301"bounds: (649,976),(675,976),(675,989),(649,989)
"-45-77"bounds: (684,976),(733,976),(733,986),(684,986)
"ZA"bounds: (811,976),(826,976),(826,987),(811,987)
"Zh"bounds: (836,976),(851,976),(851,986),(836,986)
"3.24"bounds: (861,971),(893,970),(893,986),(861,987)
"08-59-28-"bounds: (566,1008),(640,1008),(640,1019),(566,1019)
"301"bounds: (649,1009),(673,1009),(673,1022),(649,1022)
"-54-38"bounds: (684,1010),(733,1010),(733,1020),(684,1020)
"PK"bounds: (811,1009),(826,1009),(826,1021),(811,1021)
"Za"bounds: (836,1009),(851,1009),(851,1020),(836,1020)
"11a“"bounds: (863,1004),(893,1003),(893,1020),(863,1021)
"08-59-28-73C1"bounds: (566,1029),(676,1031),(676,1050),(566,1048)
"-54/-57"bounds: (684,1030),(741,1031),(741,1053),(684,1052)
"IO"bounds: (807,1033),(840,1031),(841,1048),(808,1050)
"Za"bounds: (842,1032),(854,1031),(855,1047),(843,1048)
"45"bounds: (860,1031),(876,1030),(877,1045),(861,1046)
"08-59-28-"bounds: (566,1067),(640,1067),(640,1077),(566,1077)
"301"bounds: (647,1064),(682,1064),(682,1080),(647,1080)
"-54-57"bounds: (684,1068),(732,1068),(732,1078),(684,1078)
"IO"bounds: (805,1065),(836,1063),(837,1082),(806,1084)
"Za"bounds: (838,1063),(856,1062),(857,1081),(839,1082)
"2a.15"bounds: (861,1063),(901,1060),(902,1078),(862,1081)
"75"bounds: (936,1065),(950,1062),(953,1077),(939,1080)
"35"bounds: (909,1063),(925,1060),(928,1077),(912,1080)
"KO"bounds: (810,1102),(825,1101),(826,1112),(811,1113)
"Za"bounds: (835,1103),(850,1102),(850,1112),(835,1113)
"la4"bounds: (862,1097),(883,1096),(884,1112),(863,1113)
"РК"bounds: (805,1133),(838,1132),(838,1148),(805,1149)
"Zа"bounds: (840,1132),(855,1132),(855,1148),(840,1148)
"12а"bounds: (857,1131),(883,1130),(883,1147),(857,1148)
"4"bounds: (878,1128),(891,1128),(891,1141),(878,1141)
"SY"bounds: (897,1143),(931,1142),(931,1167),(897,1168)
"Za"bounds: (931,1150),(949,1150),(949,1161),(931,1161)
"15"bounds: (962,1143),(978,1143),(978,1167),(962,1167)
"2a"bounds: (988,1142),(1010,1142),(1010,1166),(988,1166)
"35"bounds: (1021,1142),(1044,1142),(1044,1166),(1021,1166)
"TL"bounds: (808,1168),(824,1167),(825,1180),(809,1181)
"Za"bounds: (835,1169),(850,1168),(851,1180),(836,1181)
"la“"bounds: (861,1167),(879,1166),(880,1180),(862,1181)
"57-59-28-"bounds: (565,1202),(639,1202),(639,1212),(565,1212)
"301"bounds: (648,1199),(675,1199),(675,1215),(648,1215)
"-10-57"bounds: (683,1204),(732,1204),(732,1213),(683,1213)
"AP"bounds: (807,1204),(824,1203),(825,1214),(808,1215)
"Za"bounds: (834,1203),(849,1202),(850,1213),(835,1214)
"14"bounds: (861,1198),(874,1197),(875,1213),(862,1214)
"708-06-37-"bounds: (548,1231),(638,1231),(638,1254),(548,1254)
"301"bounds: (647,1237),(674,1237),(674,1252),(647,1252)
"-54-57"bounds: (679,1229),(731,1229),(731,1254),(679,1254)
"IO"bounds: (806,1236),(835,1234),(836,1251),(807,1253)
"Za"bounds: (833,1237),(848,1236),(849,1248),(834,1249)
"85"bounds: (858,1232),(875,1231),(876,1248),(859,1249)
"757-10-03-80-28-01-"bounds: (472,1265),(639,1266),(639,1285),(472,1284)
"301"bounds: (649,1271),(671,1271),(671,1281),(649,1281)
"-07/"bounds: (680,1266),(712,1266),(712,1285),(680,1285)
"*PK"bounds: (808,1267),(833,1267),(833,1282),(808,1282)
"Za"bounds: (843,1272),(858,1272),(858,1282),(843,1282)
"9.24"bounds: (868,1265),(899,1265),(899,1283),(868,1283)
"F"bounds: (446,1302),(453,1302),(453,1312),(446,1312)
"7301"bounds: (631,1301),(673,1301),(673,1320),(631,1320)
"HT"bounds: (807,1305),(823,1304),(824,1316),(808,1317)
"55a.21"bounds: (833,1301),(880,1297),(881,1315),(834,1319)
"KH"bounds: (807,1339),(823,1338),(823,1350),(808,1351)
"84.23"bounds: (832,1332),(873,1330),(874,1350),(833,1352)
"半月"bounds: (281,1356),(320,1356),(320,1382),(281,1382)
"G."bounds: (442,1366),(456,1366),(456,1379),(442,1379)
"04-"bounds: (614,1372),(637,1372),(637,1382),(614,1382)
"301"bounds: (648,1372),(670,1372),(670,1383),(648,1383)
"HT"bounds: (806,1373),(823,1373),(823,1385),(806,1385)
"8a.31"bounds: (832,1366),(871,1366),(871,1385),(832,1385)
"98a.3'"bounds: (883,1367),(930,1366),(930,1385),(883,1386)
"08-"bounds: (614,1406),(637,1406),(637,1417),(614,1417)
"301"bounds: (648,1406),(669,1406),(669,1416),(648,1416)
"/"bounds: (679,1403),(690,1403),(690,1419),(679,1419)
"KH"bounds: (807,1408),(822,1407),(823,1420),(808,1421)
"58.53"bounds: (832,1402),(872,1399),(873,1418),(833,1421)
"282"bounds: (68,1509),(105,1509),(105,1527),(68,1527)
"२३३"bounds: (508,499),(512,618),(453,620),(449,501)
"२"bounds: (506,665),(507,685),(467,686),(466,666)