Texts:

"II. CORRIGENDA
Ces « Corrigenda » paraîtront d'une ampleur démesurée à d'aucuns.
Toutefois, la disposition
le fac-similé, dans la version « normalisée » ou dans la copie « tabulaire »)
permettra de repérer rapidement les fautes graves, voire impardonnables:
ce sont celles que l'on trouve dans les trois colonnes à la fois; heureu-
şement, elles ne sont pas trop nombreuses et, le plus souvent, la consul-
tation simultanée et critique des quatre présentations que nous avons
données de la plupart des documents portant plus d'un seul signe four-
nissait à l'utilisateur la possibilité de « rectifier de lui-même » bon nombre
de nos erreurs', ainsi que nous le lui suggérions d'ailleurs déjà à la fin de
en trois colonnes (selon que l'erreur figure dans
l'Introduction du volume 1.
(1) Et certainement aussi la plupart de celles qui sont dues au trop grand zèle de notre imprimeur
dans sa chasse aux « pétouilles » (c'est le nom poétique qu'il donne aux petites saletés qui parsèment
inévitablement les planches sur papier calque) : une cinquantaine de marques de ponctuation, qui se
trouvaient principalement dans les copies tabulaires du volume 1, en ont été les innocentes victimes.
"bounds: (167,426),(967,426),(967,1002),(167,1002)
"II."bounds: (433,426),(482,426),(482,455),(433,455)
"CORRIGENDA"bounds: (491,430),(689,430),(689,451),(491,451)
"Ces"bounds: (219,534),(251,534),(251,551),(219,551)
"«"bounds: (266,540),(272,540),(272,551),(266,551)
"Corrigenda"bounds: (281,533),(394,532),(394,555),(281,556)
"»"bounds: (403,539),(410,539),(410,550),(403,550)
"paraîtront"bounds: (425,534),(531,533),(531,555),(425,556)
"d'une"bounds: (547,533),(602,533),(602,550),(547,550)
"ampleur"bounds: (618,533),(702,532),(702,554),(618,555)
"démesurée"bounds: (717,533),(825,532),(825,549),(717,550)
"à"bounds: (840,534),(850,534),(850,549),(840,549)
"d'aucuns."bounds: (865,532),(963,531),(963,548),(865,549)
"Toutefois,"bounds: (170,565),(272,565),(272,586),(170,586)
"la"bounds: (286,565),(303,565),(303,582),(286,582)
"disposition"bounds: (317,565),(430,565),(430,587),(317,587)
"le"bounds: (167,591),(194,591),(194,616),(167,616)
"fac-similé,"bounds: (195,596),(300,596),(300,616),(195,616)
"dans"bounds: (314,596),(359,596),(359,612),(314,612)
"la"bounds: (371,596),(388,596),(388,612),(371,612)
"version"bounds: (400,595),(475,595),(475,612),(400,612)
"«"bounds: (491,591),(506,591),(506,616),(491,616)
"normalisée"bounds: (502,595),(613,595),(613,612),(502,612)
"»"bounds: (622,600),(629,600),(629,612),(622,612)
"ou"bounds: (643,602),(666,602),(666,612),(643,612)
"dans"bounds: (680,595),(725,595),(725,612),(680,612)
"la"bounds: (739,595),(756,595),(756,612),(739,612)
"copie"bounds: (770,594),(822,594),(822,616),(770,616)
"«"bounds: (835,600),(841,600),(841,611),(835,611)
"tabulaire"bounds: (849,594),(942,594),(942,611),(849,611)
"»)"bounds: (951,595),(964,595),(964,616),(951,616)
"permettra"bounds: (170,631),(273,631),(273,649),(170,649)
"de"bounds: (285,627),(307,627),(307,644),(285,644)
"repérer"bounds: (317,628),(390,628),(390,649),(317,649)
"rapidement"bounds: (401,627),(519,626),(519,649),(401,650)
"les"bounds: (529,627),(554,627),(554,643),(529,643)
"fautes"bounds: (564,626),(626,626),(626,643),(564,643)
"graves,"bounds: (638,633),(709,633),(709,649),(638,649)
"voire"bounds: (722,626),(773,626),(773,644),(722,644)
"impardonnables:"bounds: (785,626),(964,625),(964,648),(785,649)
"ce"bounds: (170,658),(195,658),(195,679),(170,679)
"sont"bounds: (204,662),(246,662),(246,675),(204,675)
"celles"bounds: (261,657),(313,657),(313,675),(261,675)
"que"bounds: (328,665),(364,665),(364,678),(328,678)
"l'on"bounds: (378,658),(415,658),(415,675),(378,675)
"trouve"bounds: (429,662),(497,662),(497,675),(429,675)
"dans"bounds: (511,657),(557,657),(557,674),(511,674)
"les"bounds: (572,658),(597,658),(597,674),(572,674)
"trois"bounds: (611,657),(656,657),(656,675),(611,675)
"colonnes"bounds: (671,658),(757,658),(757,675),(671,675)
"à"bounds: (771,658),(781,658),(781,674),(771,674)
"la"bounds: (795,657),(812,657),(812,674),(795,674)
"fois;"bounds: (827,657),(871,657),(871,676),(827,676)
"heureu-"bounds: (886,657),(964,657),(964,675),(886,675)
"şement,"bounds: (170,693),(248,693),(248,710),(170,710)
"elles"bounds: (265,689),(307,689),(307,706),(265,706)
"ne"bounds: (322,696),(344,696),(344,706),(322,706)
"sont"bounds: (359,693),(402,693),(402,706),(359,706)
"pas"bounds: (417,696),(449,696),(449,711),(417,711)
"trop"bounds: (464,693),(506,693),(506,711),(464,711)
"nombreuses"bounds: (516,689),(637,689),(637,706),(516,706)
"et,"bounds: (649,692),(673,692),(673,709),(649,709)
"le"bounds: (685,689),(701,689),(701,705),(685,705)
"plus"bounds: (713,689),(753,689),(753,711),(713,711)
"souvent,"bounds: (765,692),(852,692),(852,709),(765,709)
"la"bounds: (863,688),(881,688),(881,705),(863,705)
"consul-"bounds: (893,688),(965,688),(965,705),(893,705)
"tation"bounds: (170,719),(231,719),(231,737),(170,737)
"simultanée"bounds: (247,719),(358,719),(358,737),(247,737)
"et"bounds: (375,723),(393,723),(393,736),(375,736)
"critique"bounds: (408,719),(486,719),(486,741),(408,741)
"des"bounds: (503,720),(534,720),(534,737),(503,737)
"quatre"bounds: (551,723),(618,723),(618,742),(551,742)
"présentations"bounds: (635,720),(774,721),(774,743),(635,742)
"que"bounds: (792,725),(827,725),(827,741),(792,741)
"nous"bounds: (844,725),(890,725),(890,735),(844,735)
"avons"bounds: (907,725),(965,725),(965,736),(907,736)
"données"bounds: (170,751),(251,751),(251,767),(170,767)
"de"bounds: (263,751),(284,751),(284,767),(263,767)
"la"bounds: (294,751),(311,751),(311,767),(294,767)
"plupart"bounds: (324,751),(401,751),(401,772),(324,772)
"des"bounds: (414,751),(444,751),(444,767),(414,767)
"documents"bounds: (458,751),(569,751),(569,767),(458,767)
"portant"bounds: (583,754),(661,754),(661,772),(583,772)
"plus"bounds: (677,751),(717,751),(717,772),(677,772)
"d'un"bounds: (734,750),(779,750),(779,767),(734,767)
"seul"bounds: (795,750),(833,750),(833,767),(795,767)
"signe"bounds: (849,750),(900,750),(900,772),(849,772)
"four-"bounds: (915,750),(965,750),(965,767),(915,767)
"nissait"bounds: (170,782),(235,782),(235,799),(170,799)
"à"bounds: (246,783),(255,783),(255,799),(246,799)
"l'utilisateur"bounds: (265,782),(386,782),(386,799),(265,799)
"la"bounds: (395,782),(412,782),(412,799),(395,799)
"possibilité"bounds: (422,782),(526,782),(526,803),(422,803)
"de"bounds: (541,782),(562,782),(562,798),(541,798)
"«"bounds: (574,787),(581,787),(581,798),(574,798)
"rectifier"bounds: (590,781),(671,781),(671,798),(590,798)
"de"bounds: (682,782),(704,782),(704,798),(682,798)
"lui-même"bounds: (714,781),(811,781),(811,798),(714,798)
"»"bounds: (819,786),(826,786),(826,798),(819,798)
"bon"bounds: (837,781),(874,781),(874,798),(837,798)
"nombre"bounds: (886,781),(965,781),(965,798),(886,798)
"de"bounds: (170,813),(192,813),(192,830),(170,830)
"nos"bounds: (204,820),(236,820),(236,830),(204,830)
"erreurs',"bounds: (248,813),(333,813),(333,834),(248,834)
"ainsi"bounds: (345,813),(391,813),(391,830),(345,830)
"que"bounds: (403,820),(438,820),(438,835),(403,835)
"nous"bounds: (450,819),(496,819),(496,830),(450,830)
"le"bounds: (507,813),(523,813),(523,829),(507,829)
"lui"bounds: (534,812),(560,812),(560,829),(534,829)
"suggérions"bounds: (574,812),(681,811),(681,833),(574,834)
"d'ailleurs"bounds: (694,812),(787,812),(787,829),(694,829)
"déjà"bounds: (800,812),(842,812),(842,833),(800,833)
"à"bounds: (855,814),(865,814),(865,830),(855,830)
"la"bounds: (876,813),(893,813),(893,830),(876,830)
"fin"bounds: (907,812),(932,812),(932,829),(907,829)
"de"bounds: (944,812),(966,812),(966,829),(944,829)
"en"bounds: (445,571),(467,571),(467,582),(445,582)
"trois"bounds: (480,564),(525,564),(525,581),(480,581)
"colonnes"bounds: (540,565),(626,565),(626,581),(540,581)
"(selon"bounds: (641,565),(699,565),(699,585),(641,585)
"que"bounds: (713,571),(749,571),(749,585),(713,585)
"l'erreur"bounds: (761,564),(837,564),(837,581),(761,581)
"figure"bounds: (847,564),(904,564),(904,585),(847,585)
"dans"bounds: (919,564),(965,564),(965,580),(919,580)
"l'Introduction"bounds: (170,844),(309,844),(309,860),(170,860)
"du"bounds: (319,844),(343,844),(343,860),(319,860)
"volume"bounds: (352,844),(429,844),(429,860),(352,860)
"1."bounds: (439,844),(453,844),(453,860),(439,860)
"(1)"bounds: (220,930),(237,930),(237,943),(220,943)
"Et"bounds: (249,930),(266,930),(266,940),(249,940)
"certainement"bounds: (273,930),(372,930),(372,940),(273,940)
"aussi"bounds: (378,930),(414,930),(414,940),(378,940)
"la"bounds: (420,930),(432,930),(432,940),(420,940)
"plupart"bounds: (440,930),(495,930),(495,943),(440,943)
"de"bounds: (501,930),(517,930),(517,940),(501,940)
"celles"bounds: (524,929),(563,929),(563,940),(524,940)
"qui"bounds: (570,929),(592,929),(592,943),(570,943)
"sont"bounds: (599,929),(630,929),(630,940),(599,940)
"dues"bounds: (637,929),(669,929),(669,940),(637,940)
"au"bounds: (675,932),(692,932),(692,940),(675,940)
"trop"bounds: (700,929),(730,929),(730,943),(700,943)
"grand"bounds: (737,929),(780,929),(780,943),(737,943)
"zèle"bounds: (786,929),(813,929),(813,939),(786,939)
"de"bounds: (820,929),(836,929),(836,939),(820,939)
"notre"bounds: (843,929),(881,929),(881,939),(843,939)
"imprimeur"bounds: (888,928),(967,928),(967,943),(888,943)
"dans"bounds: (170,950),(204,950),(204,960),(170,960)
"sa"bounds: (212,953),(226,953),(226,960),(212,960)
"chasse"bounds: (235,950),(282,950),(282,960),(235,960)
"aux"bounds: (291,953),(318,953),(318,960),(291,960)
"«"bounds: (328,945),(340,945),(340,964),(328,964)
"pétouilles"bounds: (338,950),(409,950),(409,964),(338,964)
"»"bounds: (418,945),(426,945),(426,964),(418,964)
"(c'est"bounds: (429,949),(467,949),(467,964),(429,964)
"le"bounds: (476,950),(487,950),(487,960),(476,960)
"nom"bounds: (496,952),(527,952),(527,960),(496,960)
"poétique"bounds: (537,949),(600,949),(600,964),(537,964)
"qu'il"bounds: (610,949),(643,949),(643,963),(610,963)
"donne"bounds: (652,949),(696,949),(696,960),(652,960)
"aux"bounds: (705,952),(732,952),(732,960),(705,960)
"petites"bounds: (741,949),(790,949),(790,963),(741,963)
"saletés"bounds: (795,945),(853,945),(853,964),(795,964)
"qui"bounds: (857,949),(879,949),(879,963),(857,963)
"parsèment"bounds: (888,949),(967,949),(967,963),(888,963)
"inévitablement"bounds: (170,970),(283,970),(283,980),(170,980)
"les"bounds: (292,970),(310,970),(310,980),(292,980)
"planches"bounds: (319,970),(383,970),(383,983),(319,983)
"sur"bounds: (392,973),(414,973),(414,980),(392,980)
"papier"bounds: (423,970),(470,970),(470,983),(423,983)
"calque)"bounds: (478,969),(531,969),(531,983),(478,983)
":"bounds: (541,966),(548,966),(548,984),(541,984)
"une"bounds: (553,973),(578,973),(578,980),(553,980)
"cinquantaine"bounds: (588,969),(685,969),(685,983),(588,983)
"de"bounds: (695,969),(710,969),(710,979),(695,979)
"marques"bounds: (720,972),(783,972),(783,983),(720,983)
"de"bounds: (792,969),(808,969),(808,979),(792,979)
"ponctuation,"bounds: (817,969),(912,969),(912,983),(817,983)
"qui"bounds: (922,969),(945,969),(945,982),(922,982)
"se"bounds: (954,972),(966,972),(966,979),(954,979)
"trouvaient"bounds: (171,989),(249,989),(249,1000),(171,1000)
"principalement"bounds: (258,990),(372,990),(372,1002),(258,1002)
"dans"bounds: (380,989),(414,989),(414,1000),(380,1000)
"les"bounds: (423,989),(441,989),(441,1000),(423,1000)
"copies"bounds: (450,989),(495,989),(495,1002),(450,1002)
"tabulaires"bounds: (503,989),(578,989),(578,1000),(503,1000)
"du"bounds: (587,989),(604,989),(604,999),(587,999)
"volume"bounds: (613,989),(668,989),(668,999),(613,999)
"1,"bounds: (678,989),(688,989),(688,1002),(678,1002)
"en"bounds: (697,992),(713,992),(713,999),(697,999)
"ont"bounds: (722,989),(746,989),(746,999),(722,999)
"été"bounds: (755,989),(776,989),(776,999),(755,999)
"les"bounds: (784,989),(803,989),(803,999),(784,999)
"innocentes"bounds: (811,989),(891,989),(891,999),(811,999)
"victimes."bounds: (899,988),(966,988),(966,999),(899,999)