Texts:

"XXVI
INSCRIPTIONS EN LINÉAIRE A
morphe en linéaire B; pour la douzième, dont l'équivalent n'est pas établi,
nous l'avons placée en queue.
A l'intention des futurs passéistes, nous donnons bien volontiers la
petite concordance que voici :
Signes
Lin. B
Lin. A
01
L 30
02
L 22
非
L 92
L 52
04
08
28
L 100
L 57
L 74
41
59
61
L 80
L 13
74
L 16
L 29
L 98
L 88
77
81
Pour en revenir à nos quatre concordances, nous ferons les remarques
ivantes :
Concordance 1:
en plus du numéro GORILA et du numéro d'inventaire,
nous donnons, là où elle existe (c'est-à-dire pour
HT Wa 1001-HT Wa 1022 et HT Wc 3001-HT Wc
3020) les concordances avec la numérotation de Brice
1961 et de Raison-Pope 1971 et 1977 ;
on notera le numéro HT Wa <1021 bis> donné à une
pièce qui ne se présente pas comme un nodule de type
courant : outre son inscription, il porte trois empreintes
de sceau différentes et Levi 1926 (p. 83, no 3, fig. 25 et
pl. IX) le décrit comme une « sbarra prismatica di
argilla, con la triplice impronta, nn. 20, 47 e 112, su
una delle tre faccie lunghe; nell'altra v'è l'iscrizione,
mentre la terza è liscia » ; comme le document n'a pu
être retrouvé (cf. déjà Pope 1960, p. 210, qui ne lui
"bounds: (260,188),(1056,188),(1056,1347),(260,1347)
"XXVI"bounds: (260,188),(302,188),(302,197),(260,197)
"INSCRIPTIONS"bounds: (526,191),(641,191),(641,200),(526,200)
"EN"bounds: (655,192),(676,192),(676,200),(655,200)
"LINÉAIRE"bounds: (690,188),(769,188),(769,201),(690,201)
"A"bounds: (784,193),(791,193),(791,201),(784,201)
"morphe"bounds: (261,237),(338,238),(338,260),(261,259)
"en"bounds: (349,236),(371,236),(371,260),(349,260)
"linéaire"bounds: (378,236),(455,237),(455,261),(378,260)
"B;"bounds: (466,239),(493,239),(493,259),(466,259)
"pour"bounds: (504,246),(551,246),(551,261),(504,261)
"la"bounds: (562,241),(576,241),(576,257),(562,257)
"douzième,"bounds: (588,239),(690,240),(690,261),(588,260)
"dont"bounds: (702,241),(748,241),(748,257),(702,257)
"l'équivalent"bounds: (759,241),(881,242),(881,265),(759,264)
"n'est"bounds: (892,243),(939,243),(939,260),(892,260)
"pas"bounds: (951,251),(982,251),(982,265),(951,265)
"établi,"bounds: (993,244),(1056,245),(1056,266),(993,265)
"nous"bounds: (261,273),(307,274),(307,286),(261,285)
"l'avons"bounds: (318,268),(391,270),(391,287),(318,285)
"placée"bounds: (403,269),(465,271),(464,293),(402,291)
"en"bounds: (478,276),(499,277),(499,287),(478,286)
"queue."bounds: (511,276),(577,278),(577,294),(511,292)
"A"bounds: (324,298),(338,298),(338,320),(324,320)
"l'intention"bounds: (339,299),(447,300),(447,318),(339,317)
"des"bounds: (462,301),(492,301),(492,318),(462,318)
"futurs"bounds: (508,300),(568,300),(568,318),(508,318)
"passéistes,"bounds: (584,302),(689,303),(689,323),(584,322)
"nous"bounds: (705,310),(751,310),(751,319),(705,319)
"donnons"bounds: (766,303),(851,304),(851,322),(766,321)
"bien"bounds: (866,304),(908,304),(908,320),(866,320)
"volontiers"bounds: (923,304),(1025,305),(1025,323),(923,322)
"la"bounds: (1039,305),(1055,305),(1055,322),(1039,322)
"petite"bounds: (260,330),(318,331),(318,353),(260,352)
"concordance"bounds: (331,330),(458,331),(458,349),(331,348)
"que"bounds: (471,339),(506,339),(506,354),(471,354)
"voici"bounds: (518,333),(565,333),(565,349),(518,349)
":"bounds: (576,332),(586,332),(586,355),(576,355)
"Signes"bounds: (495,407),(541,407),(541,421),(495,421)
"Lin."bounds: (634,408),(661,408),(661,419),(634,419)
"B"bounds: (673,409),(682,409),(682,419),(673,419)
"Lin."bounds: (773,409),(802,410),(802,422),(773,421)
"A"bounds: (813,410),(823,410),(823,420),(813,420)
"01"bounds: (649,473),(665,473),(665,486),(649,486)
"L"bounds: (773,474),(783,474),(783,487),(773,487)
"30"bounds: (793,474),(812,474),(812,488),(793,488)
"02"bounds: (649,497),(668,497),(668,511),(649,511)
"L"bounds: (773,498),(784,498),(784,511),(773,511)
"22"bounds: (793,499),(812,499),(812,512),(793,512)
"非"bounds: (511,515),(519,515),(519,530),(511,530)
"L"bounds: (781,520),(789,520),(789,538),(781,538)
"92"bounds: (793,523),(812,523),(812,536),(793,536)
"L"bounds: (773,547),(783,547),(783,560),(773,560)
"52"bounds: (793,546),(812,546),(812,561),(793,561)
"04"bounds: (649,521),(667,521),(667,535),(649,535)
"08"bounds: (649,546),(668,546),(668,559),(649,559)
"28"bounds: (649,570),(668,570),(668,584),(649,584)
"L"bounds: (773,571),(783,571),(783,584),(773,584)
"100"bounds: (796,572),(822,572),(822,584),(796,584)
"L"bounds: (780,594),(788,594),(788,612),(780,612)
"57"bounds: (792,596),(811,596),(811,608),(792,609)
"L"bounds: (782,617),(790,617),(790,635),(782,635)
"74"bounds: (793,620),(811,620),(811,634),(793,634)
"41"bounds: (649,595),(665,595),(665,608),(649,608)
"59"bounds: (649,619),(668,619),(668,632),(649,632)
"61"bounds: (649,643),(666,643),(666,657),(649,657)
"L"bounds: (773,644),(784,644),(784,658),(773,658)
"80"bounds: (793,645),(812,645),(812,658),(793,658)
"L"bounds: (772,669),(783,669),(783,682),(772,682)
"13"bounds: (794,669),(811,669),(811,682),(794,682)
"74"bounds: (649,681),(668,681),(668,694),(649,694)
"L"bounds: (780,690),(790,690),(790,709),(780,709)
"16"bounds: (795,693),(811,693),(811,706),(795,706)
"L"bounds: (781,715),(789,715),(789,733),(781,733)
"29"bounds: (793,717),(812,717),(812,731),(793,731)
"L"bounds: (780,739),(788,739),(788,757),(780,757)
"98"bounds: (793,742),(811,742),(811,755),(793,755)
"L"bounds: (782,763),(790,763),(789,781),(781,781)
"88"bounds: (793,766),(812,767),(812,781),(793,780)
"77"bounds: (649,716),(668,716),(668,730),(649,730)
"81"bounds: (649,740),(666,740),(666,754),(649,754)
"Pour"bounds: (309,835),(358,836),(358,854),(309,853)
"en"bounds: (369,843),(389,843),(389,852),(369,852)
"revenir"bounds: (402,836),(474,837),(474,854),(402,853)
"à"bounds: (485,839),(493,839),(493,854),(485,854)
"nos"bounds: (506,844),(537,844),(537,854),(506,854)
"quatre"bounds: (549,841),(615,842),(615,860),(549,859)
"concordances,"bounds: (627,838),(770,840),(770,861),(627,859)
"nous"bounds: (782,845),(828,846),(828,857),(782,856)
"ferons"bounds: (840,841),(900,842),(900,858),(840,857)
"les"bounds: (913,842),(936,842),(936,858),(913,858)
"remarques"bounds: (947,846),(1054,847),(1054,864),(947,863)
"ivantes"bounds: (284,866),(356,868),(355,884),(283,882)
":"bounds: (368,875),(371,875),(371,883),(368,883)
"Concordance"bounds: (268,905),(384,907),(384,929),(268,927)
"1:"bounds: (401,908),(432,909),(432,930),(401,929)
"en"bounds: (479,917),(500,917),(500,926),(479,926)
"plus"bounds: (511,911),(552,911),(552,930),(511,930)
"du"bounds: (562,912),(586,912),(586,927),(562,927)
"numéro"bounds: (598,912),(674,913),(674,929),(598,928)
"GORILA"bounds: (685,912),(760,913),(760,930),(685,929)
"et"bounds: (772,916),(789,916),(789,929),(772,929)
"du"bounds: (800,912),(823,912),(823,929),(800,929)
"numéro"bounds: (835,913),(912,914),(912,930),(835,929)
"d'inventaire,"bounds: (923,913),(1053,914),(1053,936),(923,935)
"nous"bounds: (478,948),(524,948),(524,958),(478,958)
"donnons,"bounds: (544,941),(636,942),(636,963),(544,962)
"là"bounds: (656,943),(672,943),(672,959),(656,959)
"où"bounds: (692,944),(715,944),(715,959),(692,959)
"elle"bounds: (735,944),(767,944),(767,960),(735,960)
"existe"bounds: (788,944),(846,945),(846,961),(788,960)
"(c'est-à-dire"bounds: (867,944),(988,945),(988,967),(867,966)
"pour"bounds: (1008,952),(1054,952),(1054,967),(1008,967)
"HT"bounds: (478,972),(511,972),(511,989),(478,989)
"Wa"bounds: (524,971),(560,971),(560,990),(524,990)
"1001-HT"bounds: (574,971),(665,972),(665,991),(574,990)
"Wa"bounds: (678,973),(714,973),(714,991),(678,991)
"1022"bounds: (727,973),(775,973),(775,991),(727,991)
"et"bounds: (790,979),(807,979),(807,991),(790,991)
"HT"bounds: (822,974),(855,974),(855,991),(822,991)
"Wc"bounds: (868,975),(902,975),(902,992),(868,992)
"3001-HT"bounds: (916,974),(1007,975),(1007,994),(916,993)
"Wc"bounds: (1020,977),(1054,977),(1054,994),(1020,994)
"3020)"bounds: (476,1003),(531,1003),(531,1024),(476,1024)
"les"bounds: (544,1004),(568,1004),(568,1021),(544,1021)
"concordances"bounds: (581,1005),(718,1006),(718,1022),(581,1021)
"avec"bounds: (730,1011),(774,1011),(774,1022),(730,1022)
"la"bounds: (786,1006),(803,1006),(803,1022),(786,1022)
"numérotation"bounds: (815,1005),(956,1006),(956,1024),(815,1023)
"de"bounds: (969,1007),(990,1007),(990,1024),(969,1024)
"Brice"bounds: (1002,1007),(1053,1007),(1053,1024),(1002,1024)
"1961"bounds: (478,1034),(521,1034),(521,1051),(478,1051)
"et"bounds: (537,1039),(554,1039),(554,1052),(537,1052)
"de"bounds: (567,1036),(588,1036),(588,1052),(567,1052)
"Raison-Pope"bounds: (602,1035),(733,1036),(733,1059),(602,1058)
"1971"bounds: (747,1037),(791,1037),(791,1053),(747,1053)
"et"bounds: (805,1041),(822,1041),(822,1053),(805,1053)
"1977"bounds: (836,1037),(880,1037),(880,1054),(836,1054)
";"bounds: (891,1045),(894,1045),(894,1058),(891,1058)
"on"bounds: (479,1071),(505,1071),(505,1090),(479,1090)
"notera"bounds: (512,1076),(576,1076),(576,1090),(512,1090)
"le"bounds: (588,1074),(601,1074),(601,1089),(588,1089)
"numéro"bounds: (612,1074),(689,1075),(689,1092),(612,1091)
"HT"bounds: (700,1074),(732,1074),(732,1091),(700,1091)
"Wa"bounds: (741,1074),(776,1074),(776,1091),(741,1091)
"<1021"bounds: (788,1074),(857,1074),(857,1093),(788,1093)
"bis>"bounds: (866,1075),(915,1075),(915,1093),(866,1093)
"donné"bounds: (928,1076),(988,1076),(988,1093),(928,1093)
"à"bounds: (999,1078),(1007,1078),(1007,1092),(999,1092)
"une"bounds: (1018,1083),(1053,1083),(1053,1093),(1018,1093)
"pièce"bounds: (477,1104),(527,1104),(527,1125),(477,1125)
"qui"bounds: (538,1104),(569,1104),(569,1127),(538,1127)
"ne"bounds: (580,1111),(602,1111),(602,1120),(580,1120)
"se"bounds: (612,1111),(630,1111),(630,1121),(612,1121)
"présente"bounds: (641,1105),(726,1106),(726,1128),(641,1127)
"pas"bounds: (737,1112),(769,1112),(769,1127),(737,1127)
"comme"bounds: (780,1112),(852,1112),(852,1123),(780,1123)
"un"bounds: (863,1113),(887,1113),(887,1123),(863,1123)
"nodule"bounds: (898,1107),(965,1107),(965,1123),(898,1123)
"de"bounds: (976,1107),(998,1107),(998,1124),(976,1124)
"type"bounds: (1008,1111),(1053,1111),(1053,1130),(1008,1130)
"courant"bounds: (477,1138),(556,1139),(556,1152),(477,1151)
":"bounds: (566,1134),(576,1134),(576,1157),(566,1157)
"outre"bounds: (577,1139),(630,1140),(630,1152),(577,1151)
"son"bounds: (639,1142),(671,1142),(671,1152),(639,1152)
"inscription,"bounds: (680,1135),(796,1136),(796,1158),(680,1157)
"il"bounds: (806,1137),(815,1137),(815,1153),(806,1153)
"porte"bounds: (825,1141),(878,1142),(878,1160),(825,1159)
"trois"bounds: (888,1137),(931,1137),(931,1154),(888,1154)
"empreintes"bounds: (941,1138),(1053,1139),(1053,1161),(941,1160)
"de"bounds: (477,1166),(498,1166),(498,1182),(477,1182)
"sceau"bounds: (509,1172),(563,1172),(563,1183),(509,1183)
"différentes"bounds: (574,1166),(681,1167),(681,1184),(574,1183)
"et"bounds: (692,1171),(709,1171),(709,1183),(692,1183)
"Levi"bounds: (720,1167),(763,1167),(763,1183),(720,1183)
"1926"bounds: (775,1167),(821,1167),(821,1184),(775,1184)
"(p."bounds: (831,1169),(855,1169),(855,1188),(831,1188)
"83,"bounds: (867,1168),(894,1168),(894,1188),(867,1188)
"no"bounds: (906,1170),(926,1170),(926,1185),(906,1185)
"3,"bounds: (936,1168),(951,1168),(951,1189),(936,1189)
"fig."bounds: (963,1169),(992,1169),(992,1189),(963,1189)
"25"bounds: (1004,1169),(1025,1169),(1025,1186),(1004,1186)
"et"bounds: (1036,1173),(1053,1173),(1053,1185),(1036,1185)
"pl."bounds: (477,1197),(500,1197),(500,1218),(477,1218)
"IX)"bounds: (519,1196),(552,1196),(552,1218),(519,1218)
"le"bounds: (569,1198),(585,1198),(585,1214),(569,1214)
"décrit"bounds: (601,1197),(659,1197),(659,1214),(601,1214)
"comme"bounds: (676,1204),(747,1204),(747,1215),(676,1215)
"une"bounds: (765,1205),(799,1205),(799,1215),(765,1215)
"«"bounds: (815,1204),(821,1204),(821,1215),(815,1215)
"sbarra"bounds: (830,1199),(894,1199),(894,1216),(830,1216)
"prismatica"bounds: (910,1200),(1019,1201),(1019,1222),(910,1221)
"di"bounds: (1035,1200),(1052,1200),(1052,1217),(1035,1217)
"argilla,"bounds: (477,1227),(546,1227),(546,1249),(477,1249)
"con"bounds: (561,1235),(594,1235),(594,1245),(561,1245)
"la"bounds: (607,1229),(623,1229),(623,1245),(607,1245)
"triplice"bounds: (637,1228),(709,1228),(709,1251),(637,1251)
"impronta,"bounds: (722,1229),(823,1230),(823,1253),(722,1252)
"nn."bounds: (837,1237),(867,1237),(867,1246),(837,1246)
"20,"bounds: (881,1230),(909,1230),(909,1252),(881,1252)
"47"bounds: (923,1231),(944,1231),(944,1247),(923,1247)
"e"bounds: (963,1229),(973,1229),(973,1254),(963,1254)
"112,"bounds: (979,1231),(1019,1231),(1019,1252),(979,1252)
"su"bounds: (1032,1238),(1052,1238),(1052,1248),(1032,1248)
"una"bounds: (477,1265),(512,1265),(512,1275),(477,1275)
"delle"bounds: (525,1258),(570,1258),(570,1275),(525,1275)
"tre"bounds: (582,1263),(609,1263),(609,1275),(582,1275)
"faccie"bounds: (623,1259),(678,1259),(678,1277),(623,1277)
"lunghe;"bounds: (690,1260),(771,1261),(771,1283),(690,1282)
"nell'altra"bounds: (787,1260),(879,1261),(879,1278),(787,1277)
"v'è"bounds: (895,1262),(923,1262),(923,1278),(895,1278)
"l'iscrizione,"bounds: (936,1262),(1052,1263),(1052,1285),(936,1284)
"mentre"bounds: (476,1293),(548,1294),(548,1307),(476,1306)
"la"bounds: (560,1290),(576,1290),(576,1307),(560,1307)
"terza"bounds: (588,1294),(638,1294),(638,1307),(588,1307)
"è"bounds: (651,1291),(658,1291),(658,1306),(651,1306)
"liscia"bounds: (670,1291),(721,1291),(721,1308),(670,1308)
"»"bounds: (730,1297),(736,1297),(736,1308),(730,1308)
";"bounds: (746,1291),(765,1291),(765,1310),(746,1310)
"comme"bounds: (767,1291),(835,1292),(835,1312),(767,1311)
"le"bounds: (844,1293),(860,1293),(860,1309),(844,1309)
"document"bounds: (872,1293),(974,1294),(974,1311),(872,1310)
"n'a"bounds: (986,1294),(1015,1294),(1015,1310),(986,1310)
"pu"bounds: (1028,1300),(1051,1300),(1051,1312),(1028,1312)
"être"bounds: (476,1322),(514,1322),(514,1337),(476,1337)
"retrouvé"bounds: (528,1321),(615,1322),(615,1339),(528,1338)
"(cf."bounds: (630,1322),(659,1322),(659,1343),(630,1343)
"déjà"bounds: (674,1322),(715,1323),(715,1345),(674,1344)
"Pope"bounds: (731,1322),(780,1323),(780,1346),(731,1345)
"1960,"bounds: (795,1322),(846,1323),(846,1345),(795,1344)
"p."bounds: (861,1331),(878,1331),(878,1346),(861,1346)
"210,"bounds: (893,1324),(932,1325),(932,1346),(893,1345)
"qui"bounds: (947,1325),(978,1325),(978,1347),(947,1347)
"ne"bounds: (993,1332),(1014,1332),(1014,1342),(993,1342)
"lui"bounds: (1027,1325),(1052,1325),(1052,1342),(1027,1342)