Texts:

"X
X 46
XT
HT 8a.1' 36.1' 122b.1' 140,1'
D
46 -07
HT Wa 1020y
46 -59-06
KN 22a.2
I?7- 46 -
J??- 46 -70
E
*KN 22a.2
F
746
KH 1.13
J- 46
G.
KH 50.23
53-59- 46
KH 6.43
Å 47
A L2/3_7
47
MA la,b'
47 -55-60-57
HT 115a.11
47 -81-06
ZA 15a.13
*3TY
19上英3
47 -81-06-31
*ZA 15a.13
7304+03-01- 47 -81
HT 127a.31
16-73- 47 -06-60
KN Zf 31"
C-[}英非
45-58-.7- 47 -04
ARKH 4a.3-43
G.
28- 47
ARKH 4b.33
213
"bounds: (162,353),(1170,353),(1170,1536),(162,1536)
"X"bounds: (500,359),(520,359),(520,390),(500,390)
"X"bounds: (572,353),(597,353),(597,392),(572,392)
"46"bounds: (608,359),(647,359),(647,390),(608,390)
"XT"bounds: (237,538),(277,538),(277,564),(237,564)
"HT"bounds: (744,539),(760,539),(760,549),(744,549)
"8a.1'"bounds: (770,531),(808,530),(808,548),(770,549)
"36.1'"bounds: (821,531),(858,530),(858,548),(821,549)
"122b.1'"bounds: (873,530),(925,529),(925,547),(873,548)
"140,1'"bounds: (940,528),(985,527),(985,547),(940,548)
"D"bounds: (391,541),(399,541),(399,550),(391,550)
"46"bounds: (568,541),(583,541),(583,551),(568,551)
"-07"bounds: (593,541),(617,541),(617,551),(593,551)
"HT"bounds: (745,572),(761,572),(761,582),(745,582)
"Wa"bounds: (770,572),(786,572),(786,582),(770,582)
"1020y"bounds: (790,562),(838,562),(838,592),(790,592)
"46"bounds: (569,574),(584,574),(584,584),(569,584)
"-59-06"bounds: (594,573),(643,573),(643,584),(594,584)
"KN"bounds: (746,606),(761,606),(761,616),(746,616)
"22a.2"bounds: (771,599),(813,598),(813,616),(771,617)
"I?7-"bounds: (519,605),(559,604),(559,627),(519,628)
"46"bounds: (568,609),(586,609),(586,624),(568,624)
"-"bounds: (594,605),(618,605),(618,623),(594,623)
"J??-"bounds: (519,639),(560,639),(560,660),(519,660)
"46"bounds: (569,641),(587,641),(587,657),(569,657)
"-70"bounds: (595,637),(635,637),(635,660),(595,660)
"E"bounds: (393,609),(399,609),(399,619),(393,619)
"*KN"bounds: (746,633),(770,633),(770,650),(746,650)
"22a.2"bounds: (777,630),(822,629),(822,651),(777,652)
"F"bounds: (394,676),(400,676),(400,685),(394,685)
"746"bounds: (554,672),(587,672),(587,690),(554,690)
"KH"bounds: (746,672),(762,671),(763,683),(747,684)
"1.13"bounds: (773,666),(803,663),(804,681),(775,684)
"J-"bounds: (540,701),(569,702),(568,725),(539,724)
"46"bounds: (570,708),(589,709),(588,725),(569,724)
"G."bounds: (394,709),(402,709),(402,719),(394,719)
"KH"bounds: (746,706),(763,704),(764,716),(747,718)
"50.23"bounds: (772,701),(812,697),(813,715),(774,719)
"53-59-"bounds: (513,741),(561,742),(561,753),(513,752)
"46"bounds: (572,741),(586,741),(586,751),(572,751)
"KH"bounds: (747,738),(763,736),(764,747),(748,749)
"6.43"bounds: (772,734),(804,731),(805,747),(774,750)
"Å"bounds: (547,886),(579,886),(579,928),(547,928)
"47"bounds: (620,891),(659,891),(659,921),(620,921)
"A"bounds: (397,1009),(405,1009),(405,1019),(397,1019)
"L2/3_7"bounds: (415,1005),(471,1005),(471,1024),(415,1024)
"47"bounds: (575,1009),(590,1009),(590,1022),(575,1022)
"MA"bounds: (750,1005),(766,1004),(767,1017),(751,1018)
"la,b'"bounds: (777,1000),(814,998),(815,1018),(778,1020)
"47"bounds: (576,1042),(590,1042),(590,1052),(576,1052)
"-55-60-57"bounds: (601,1042),(674,1040),(674,1051),(601,1053)
"HT"bounds: (751,1040),(767,1039),(768,1049),(752,1050)
"115a.11"bounds: (778,1035),(832,1032),(833,1049),(779,1052)
"47"bounds: (576,1075),(590,1075),(590,1085),(576,1085)
"-81-06"bounds: (602,1075),(649,1073),(649,1084),(602,1086)
"ZA"bounds: (752,1072),(768,1071),(769,1083),(753,1084)
"15a.13"bounds: (779,1066),(826,1064),(827,1083),(780,1085)
"*3TY"bounds: (245,1097),(328,1097),(328,1123),(245,1123)
"19"bounds: (187,1132),(214,1132),(214,1158),(187,1158)
"上"bounds: (224,1134),(233,1134),(233,1156),(224,1156)
"英"bounds: (246,1137),(261,1137),(261,1159),(246,1159)
"3"bounds: (269,1135),(285,1135),(285,1157),(269,1157)
"47"bounds: (577,1109),(591,1109),(591,1118),(577,1118)
"-81-06-31"bounds: (602,1108),(674,1107),(674,1118),(602,1119)
"*ZA"bounds: (752,1100),(777,1099),(778,1117),(753,1118)
"15a.13"bounds: (787,1099),(835,1096),(836,1114),(788,1117)
"7304+03-01-"bounds: (468,1139),(567,1137),(567,1157),(468,1159)
"47"bounds: (576,1143),(594,1143),(594,1157),(576,1157)
"-81"bounds: (603,1142),(625,1142),(625,1151),(603,1151)
"HT"bounds: (753,1139),(769,1138),(770,1149),(754,1150)
"127a.31"bounds: (780,1132),(834,1128),(835,1146),(781,1150)
"16-73-"bounds: (520,1177),(568,1176),(568,1186),(520,1187)
"47"bounds: (579,1176),(593,1176),(593,1185),(579,1185)
"-06-60"bounds: (603,1174),(652,1173),(652,1184),(603,1185)
"KN"bounds: (754,1172),(770,1171),(771,1182),(755,1183)
"Zf"bounds: (779,1171),(795,1170),(796,1182),(780,1183)
"31""bounds: (804,1167),(826,1166),(827,1181),(805,1182)
"C-"bounds: (162,1194),(207,1194),(207,1229),(162,1229)
"["bounds: (209,1194),(219,1194),(219,1229),(209,1229)
"}"bounds: (221,1195),(243,1195),(243,1230),(221,1230)
"英"bounds: (244,1200),(261,1200),(261,1225),(244,1225)
"非"bounds: (266,1200),(285,1200),(285,1224),(266,1224)
"45-58-.7-"bounds: (470,1206),(569,1205),(569,1224),(470,1225)
"47"bounds: (578,1209),(596,1209),(596,1224),(578,1224)
"-04"bounds: (604,1209),(627,1209),(627,1218),(604,1218)
"ARKH"bounds: (753,1205),(787,1203),(788,1216),(754,1218)
"4a.3-43"bounds: (797,1199),(854,1195),(855,1213),(798,1217)
"G."bounds: (397,1240),(412,1240),(412,1254),(397,1254)
"28-"bounds: (546,1245),(568,1245),(568,1255),(546,1255)
"47"bounds: (575,1241),(594,1241),(594,1260),(575,1260)
"ARKH"bounds: (753,1241),(787,1239),(788,1252),(754,1254)
"4b.33"bounds: (796,1236),(836,1234),(837,1250),(797,1253)
"213"bounds: (1133,1518),(1170,1518),(1170,1536),(1133,1536)