Texts:

"XXVI
INSCRIPTIONS EN LINÉAIRE A
A
609
A
618
62구
A
636
A
645
654
306''303E' 1337'"189'
646
63귀| A
302t6구
303'K'
619
302+08
A
610
A
A
628
A
A
655
405V
302+67'40'
61
1304+C J
620
302+10
그367+301C | '344''39'
A
A
A
629
A
638
A
642
A
656
堂
本林
302+24f
302+67'48'
'348 303
406 AS+44
304 to3
307+ 30t
A
612 A
621
A
630
A
639
A
648
A
657
'304+0330318 '316to2"181a 4oo 53
622
302+24
302+69
407UA+08
A
613
A
A
631
640
A
A
658
A
半位
304+03"316D"
632
A
401V4S ㄷ그
44gVAS, E
650
316'67'
302+38
614
302t 구3
613
A
A
A
64회 A
A
659
412UAS+ F
302+53
A
615
A
624
A
633
A
64인 A
651
A
660
302+59
303 D
318 +C.1
40TAS+ 26
413AS+58
A
616
A
625
A
634 A
643 A
652 A
661
Is
'303D"304 ta 306+73
444VAS+ C.긔
662
302+60
330to1
401VAS
+60
A
617
A
626
A
635
A
.644 A
C53
A
302'67'
303'E
401VAS,
+304 414VAS+ E
330+31
5. Signes complexes.
"bounds: (238,83),(1100,83),(1100,1478),(238,1478)
"XXVI"bounds: (254,88),(295,88),(295,97),(254,97)
"INSCRIPTIONS"bounds: (520,88),(637,87),(637,97),(520,98)
"EN"bounds: (650,87),(671,87),(671,98),(650,98)
"LINÉAIRE"bounds: (685,84),(766,83),(766,98),(685,99)
"A"bounds: (779,88),(788,88),(788,97),(779,97)
"A"bounds: (239,135),(255,135),(255,156),(239,156)
"609"bounds: (320,131),(363,131),(363,159),(320,159)
"A"bounds: (391,133),(403,133),(403,151),(391,151)
"618"bounds: (474,133),(504,134),(503,157),(473,156)
"62"bounds: (613,133),(640,132),(640,151),(613,152)
"구"bounds: (642,132),(647,132),(647,151),(642,151)
"A"bounds: (683,133),(697,133),(697,153),(683,153)
"636"bounds: (766,131),(804,130),(804,151),(766,152)
"A"bounds: (833,136),(845,136),(845,153),(833,153)
"645"bounds: (911,133),(950,133),(950,154),(911,154)
"654"bounds: (1052,133),(1091,134),(1090,155),(1051,154)
"306''303E'"bounds: (658,243),(794,244),(794,274),(658,273)
"1337'"189'"bounds: (817,244),(923,245),(923,276),(817,275)
"646"bounds: (913,277),(944,277),(944,302),(913,302)
"63"bounds: (763,275),(789,277),(787,303),(761,302)
"귀"bounds: (791,283),(799,283),(798,299),(790,299)
"|"bounds: (802,277),(805,277),(803,304),(800,304)
"A"bounds: (830,282),(846,283),(845,302),(829,301)
"302t6"bounds: (391,248),(459,249),(459,272),(391,271)
"구"bounds: (461,249),(467,249),(467,271),(461,271)
"303'K'"bounds: (535,248),(615,248),(615,273),(535,273)
"619"bounds: (474,279),(507,279),(507,301),(474,301)
"302+08"bounds: (249,251),(324,251),(324,267),(249,267)
"A"bounds: (238,281),(255,281),(255,303),(238,303)
"610"bounds: (323,282),(355,282),(355,302),(323,302)
"A"bounds: (391,282),(405,282),(405,300),(391,300)
"A"bounds: (534,283),(547,283),(547,300),(534,300)
"628"bounds: (618,280),(649,280),(649,299),(618,299)
"A"bounds: (685,280),(699,280),(699,299),(685,299)
"A"bounds: (979,283),(992,283),(992,302),(979,302)
"655"bounds: (1050,283),(1088,283),(1088,300),(1050,300)
"405V"bounds: (972,385),(1022,389),(1020,417),(970,413)
"302+67'40'"bounds: (369,394),(502,393),(502,419),(369,420)
"61"bounds: (308,426),(358,425),(358,455),(308,456)
"1304+C"bounds: (538,394),(616,395),(616,418),(538,417)
"J"bounds: (626,395),(642,395),(642,417),(626,417)
"620"bounds: (476,423),(508,423),(508,445),(476,445)
"302+10"bounds: (243,400),(329,400),(329,417),(243,417)
"그"bounds: (674,395),(693,395),(693,419),(674,419)
"367"bounds: (695,395),(731,395),(731,419),(695,419)
"+"bounds: (733,394),(739,394),(739,418),(733,418)
"301C"bounds: (741,394),(793,393),(793,417),(741,418)
"|"bounds: (796,394),(814,394),(814,418),(796,418)
"'"bounds: (817,394),(831,394),(831,418),(817,418)
"344''39"bounds: (833,393),(910,392),(910,417),(833,418)
"'"bounds: (912,393),(918,393),(918,417),(912,417)
"A"bounds: (242,435),(257,435),(257,454),(242,454)
"A"bounds: (391,428),(406,428),(406,446),(391,446)
"A"bounds: (535,431),(549,431),(549,450),(535,450)
"629"bounds: (620,426),(651,426),(651,446),(620,446)
"A"bounds: (685,429),(697,429),(697,450),(685,450)
"638"bounds: (768,424),(798,424),(798,448),(768,448)
"A"bounds: (832,433),(844,433),(844,451),(832,451)
"642"bounds: (918,424),(951,424),(951,447),(918,447)
"A"bounds: (976,433),(992,433),(992,451),(976,451)
"656"bounds: (1050,431),(1091,431),(1091,452),(1050,452)
"堂"bounds: (416,458),(473,457),(475,538),(418,539)
"本"bounds: (698,460),(753,460),(753,535),(698,535)
"林"bounds: (755,460),(765,460),(765,535),(755,535)
"302+24f"bounds: (239,533),(340,531),(341,562),(240,564)
"302+67'48'"bounds: (370,534),(501,531),(502,562),(371,565)
"'348"bounds: (811,531),(870,529),(871,562),(812,564)
"303"bounds: (884,528),(927,526),(928,560),(885,562)
"406"bounds: (968,539),(1014,539),(1014,559),(968,559)
"AS+44"bounds: (1019,538),(1081,538),(1081,562),(1019,562)
"304"bounds: (545,542),(577,542),(577,559),(545,559)
"to3"bounds: (585,542),(621,542),(621,558),(585,558)
"307+"bounds: (689,544),(738,543),(738,559),(689,560)
"30t"bounds: (746,543),(780,543),(780,558),(746,558)
"A"bounds: (240,570),(254,570),(254,590),(240,590)
"612"bounds: (325,568),(363,568),(363,596),(325,596)
"A"bounds: (390,573),(405,573),(405,592),(390,592)
"621"bounds: (479,570),(509,570),(509,592),(479,592)
"A"bounds: (537,574),(550,574),(550,592),(537,592)
"630"bounds: (622,567),(651,567),(651,588),(622,588)
"A"bounds: (685,568),(699,568),(699,588),(685,588)
"639"bounds: (757,571),(798,571),(798,589),(757,589)
"A"bounds: (834,570),(847,570),(847,589),(834,589)
"648"bounds: (915,569),(949,570),(948,593),(914,592)
"A"bounds: (982,570),(995,570),(995,589),(982,589)
"657"bounds: (1050,571),(1094,571),(1094,594),(1050,594)
"'304+0330318"bounds: (516,683),(651,682),(651,710),(516,711)
"'316to2"181a"bounds: (663,683),(800,682),(800,710),(663,711)
"4oo"bounds: (821,683),(861,683),(861,710),(821,710)
"53"bounds: (910,682),(936,682),(936,709),(910,709)
"622"bounds: (476,716),(505,716),(505,738),(476,738)
"302+24"bounds: (242,691),(319,690),(319,709),(242,710)
"302+69"bounds: (389,690),(476,689),(476,709),(389,710)
"407UA+08"bounds: (974,683),(1082,685),(1082,710),(974,708)
"A"bounds: (243,721),(257,721),(257,741),(243,741)
"613"bounds: (320,716),(355,716),(355,743),(320,743)
"A"bounds: (393,723),(406,723),(406,742),(393,742)
"A"bounds: (538,722),(552,722),(552,740),(538,740)
"631"bounds: (623,716),(657,716),(657,738),(623,738)
"640"bounds: (759,716),(803,716),(803,745),(759,745)
"A"bounds: (835,722),(847,722),(847,740),(835,740)
"A"bounds: (982,723),(995,723),(995,739),(982,739)
"658"bounds: (1045,721),(1085,721),(1085,740),(1045,740)
"A"bounds: (282,760),(329,760),(329,823),(282,823)
"半"bounds: (572,769),(599,772),(594,820),(567,818)
"位"bounds: (606,773),(631,775),(626,824),(601,822)
"304+03"316D""bounds: (510,827),(658,828),(658,858),(510,857)
"632"bounds: (624,857),(658,857),(658,876),(624,876)
"A"bounds: (690,870),(701,870),(701,889),(690,889)
"401V4S"bounds: (825,827),(895,829),(894,854),(824,852)
"ㄷ그"bounds: (906,829),(938,830),(937,855),(905,854)
"44gVAS,"bounds: (969,828),(1054,828),(1054,857),(969,857)
"E"bounds: (1056,828),(1069,828),(1069,857),(1056,857)
"650"bounds: (918,866),(953,866),(953,888),(918,888)
"316'67'"bounds: (683,829),(776,826),(777,853),(684,856)
"302+38"bounds: (242,834),(329,833),(329,854),(242,855)
"614"bounds: (316,857),(360,857),(360,888),(316,888)
"302t"bounds: (396,834),(446,832),(447,854),(397,856)
"구"bounds: (453,832),(469,832),(470,854),(454,854)
"3"bounds: (471,832),(477,832),(478,854),(472,854)
"613"bounds: (480,856),(513,859),(511,883),(478,880)
"A"bounds: (242,869),(256,869),(256,888),(242,888)
"A"bounds: (394,871),(407,871),(407,892),(394,892)
"A"bounds: (534,872),(549,872),(549,891),(534,891)
"64"bounds: (769,872),(791,872),(791,891),(769,891)
"회"bounds: (794,870),(807,870),(807,895),(794,895)
"A"bounds: (834,871),(848,871),(848,891),(834,891)
"A"bounds: (983,874),(998,874),(998,892),(983,892)
"659"bounds: (1053,867),(1093,867),(1093,889),(1053,889)
"412UAS+"bounds: (978,972),(1054,971),(1054,993),(978,994)
"F"bounds: (1063,978),(1073,978),(1073,992),(1063,992)
"302+53"bounds: (250,981),(329,983),(328,1002),(249,1000)
"A"bounds: (240,1008),(256,1008),(256,1029),(240,1029)
"615"bounds: (327,1006),(358,1006),(358,1029),(327,1029)
"A"bounds: (395,1006),(409,1006),(409,1025),(395,1025)
"624"bounds: (479,1003),(510,1003),(510,1026),(479,1026)
"A"bounds: (540,1010),(553,1010),(553,1028),(540,1028)
"633"bounds: (624,1004),(655,1004),(655,1027),(624,1027)
"A"bounds: (691,1009),(702,1009),(702,1028),(691,1028)
"64"bounds: (770,1008),(793,1008),(793,1029),(770,1029)
"인"bounds: (795,1005),(808,1005),(808,1033),(795,1033)
"A"bounds: (837,1009),(851,1009),(851,1028),(837,1028)
"651"bounds: (915,1007),(952,1007),(952,1030),(915,1030)
"A"bounds: (983,1010),(997,1010),(997,1028),(983,1028)
"660"bounds: (1059,1007),(1093,1006),(1094,1027),(1060,1028)
"302+59"bounds: (252,1130),(325,1129),(325,1146),(252,1147)
"303"bounds: (397,1120),(444,1120),(444,1150),(397,1150)
"D"bounds: (451,1120),(470,1120),(470,1150),(451,1150)
"318"bounds: (690,1125),(734,1126),(734,1145),(690,1144)
"+C.1"bounds: (736,1125),(788,1126),(788,1145),(736,1144)
"40TAS+"bounds: (828,1118),(911,1122),(909,1150),(827,1146)
"26"bounds: (913,1122),(938,1123),(937,1151),(912,1150)
"413AS+58"bounds: (976,1118),(1082,1121),(1081,1145),(975,1142)
"A"bounds: (244,1160),(259,1160),(259,1182),(244,1182)
"616"bounds: (326,1155),(362,1155),(362,1179),(326,1179)
"A"bounds: (394,1159),(410,1159),(410,1179),(394,1179)
"625"bounds: (476,1151),(512,1151),(512,1174),(476,1174)
"A"bounds: (540,1162),(553,1162),(553,1181),(540,1181)
"634"bounds: (619,1148),(662,1153),(659,1175),(617,1170)
"A"bounds: (683,1155),(697,1157),(695,1177),(681,1176)
"643"bounds: (765,1154),(808,1154),(808,1182),(765,1182)
"A"bounds: (835,1157),(850,1157),(850,1178),(835,1178)
"652"bounds: (912,1154),(954,1154),(954,1183),(912,1183)
"A"bounds: (983,1156),(998,1156),(998,1176),(983,1176)
"661"bounds: (1054,1155),(1093,1155),(1093,1177),(1054,1177)
"Is"bounds: (885,1199),(902,1199),(902,1216),(885,1216)
"'303D"304"bounds: (377,1268),(489,1269),(489,1296),(377,1295)
"ta"bounds: (491,1269),(503,1269),(503,1296),(491,1296)
"306+73"bounds: (535,1269),(629,1270),(629,1298),(535,1297)
"444VAS"bounds: (970,1266),(1045,1267),(1045,1296),(970,1295)
"+"bounds: (1047,1267),(1055,1267),(1055,1296),(1047,1296)
"C."bounds: (1057,1267),(1090,1267),(1090,1296),(1057,1296)
"긔"bounds: (1092,1268),(1100,1268),(1100,1297),(1092,1297)
"662"bounds: (1055,1299),(1094,1299),(1094,1318),(1055,1318)
"302+60"bounds: (251,1275),(322,1276),(322,1294),(251,1293)
"330to1"bounds: (690,1274),(783,1272),(783,1290),(690,1292)
"401VAS"bounds: (823,1272),(903,1265),(905,1287),(825,1294)
"+60"bounds: (890,1274),(941,1273),(941,1292),(890,1293)
"A"bounds: (238,1297),(258,1297),(258,1322),(238,1322)
"617"bounds: (328,1303),(359,1303),(359,1322),(328,1322)
"A"bounds: (392,1301),(408,1301),(408,1320),(392,1320)
"626"bounds: (471,1295),(514,1294),(514,1316),(471,1317)
"A"bounds: (541,1302),(555,1302),(555,1322),(541,1322)
"635"bounds: (620,1296),(659,1295),(659,1317),(620,1318)
"A"bounds: (690,1300),(705,1300),(705,1319),(690,1319)
".644"bounds: (753,1294),(810,1297),(809,1320),(752,1318)
"A"bounds: (839,1300),(853,1301),(852,1321),(838,1320)
"C53"bounds: (922,1299),(952,1299),(952,1322),(922,1322)
"A"bounds: (984,1298),(998,1298),(998,1317),(984,1317)
"302'67'"bounds: (243,1419),(332,1420),(332,1450),(243,1449)
"303'E"bounds: (388,1421),(474,1420),(474,1447),(388,1448)
"401VAS,"bounds: (822,1422),(895,1412),(898,1433),(825,1443)
"+304"bounds: (889,1421),(946,1418),(947,1445),(890,1448)
"414VAS+"bounds: (968,1416),(1052,1411),(1053,1439),(970,1444)
"E"bounds: (1055,1412),(1076,1411),(1077,1438),(1056,1439)
"330+31"bounds: (692,1424),(774,1423),(774,1438),(692,1439)
"5."bounds: (565,1456),(604,1456),(604,1477),(565,1477)
"Signes"bounds: (607,1456),(648,1456),(648,1478),(607,1478)
"complexes."bounds: (657,1460),(739,1461),(739,1476),(657,1475)