Texts:

"TABLEAU DES VARIANTES DES SIGNES
XXXIX
АB 67
皆
KH5.1 HT26 .2 HT 88. 2 HT8A.4 HT93 .2 PH7 a.2 ZA4.7
PK Za 15 IO Za 2b
KN Ze 6.2
Ав 69
HTA2.3
HT 142 a.2 \KNZ65 ARKH 6.1 ZA4 .4 IO Za2b.1
PH 2.1 KH94.3 LA
zb1T
AP Za 2.1
AB70
Kozf2 PK Ze11b
(?)
HT23 a.5 HT62+373.5
AB73
HTWE3006x PK1.3 HT29.4 KH9.2 MA 1& ZA 5a.3 HT85 b.5
Es
KN 19.2 SY Za 1
ZA 15a.4 PH 30.2 ZA 14.3. TY 3b.4
"bounds: (104,81),(1055,81),(1055,1314),(104,1314)
"TABLEAU"bounds: (393,84),(469,83),(469,92),(393,93)
"DES"bounds: (484,83),(513,83),(513,92),(484,92)
"VARIANTES"bounds: (527,82),(621,81),(621,91),(527,92)
"DES"bounds: (635,82),(665,82),(665,91),(635,91)
"SIGNES"bounds: (678,81),(736,81),(736,91),(678,91)
"XXXIX"bounds: (908,81),(963,81),(963,90),(908,90)
"АB"bounds: (399,197),(497,194),(498,229),(400,232)
"67"bounds: (499,194),(521,193),(522,228),(500,229)
"皆"bounds: (144,236),(311,236),(311,311),(144,311)
"KH5.1"bounds: (109,327),(198,326),(198,349),(109,350)
"HT26"bounds: (218,322),(321,320),(321,350),(218,352)
".2"bounds: (323,320),(366,319),(366,349),(323,350)
"HT"bounds: (384,325),(423,324),(423,343),(384,344)
"88."bounds: (438,318),(471,317),(471,347),(438,348)
"2"bounds: (473,318),(496,318),(496,347),(473,347)
"HT8A.4"bounds: (521,319),(630,317),(630,341),(521,343)
"HT93"bounds: (683,315),(751,314),(751,343),(683,344)
".2"bounds: (758,313),(806,312),(806,342),(758,343)
"PH7"bounds: (828,313),(906,312),(906,341),(828,342)
"a.2"bounds: (908,311),(951,310),(951,339),(908,340)
"ZA4.7"bounds: (968,310),(1051,309),(1051,339),(968,340)
"PK"bounds: (110,442),(145,441),(145,465),(110,466)
"Za"bounds: (160,446),(197,445),(197,465),(160,466)
"15"bounds: (205,446),(237,445),(237,466),(205,467)
"IO"bounds: (273,438),(321,437),(322,463),(274,464)
"Za"bounds: (333,442),(370,441),(370,464),(333,465)
"2b"bounds: (380,438),(412,437),(413,463),(381,464)
"KN"bounds: (645,455),(686,453),(687,475),(646,477)
"Ze"bounds: (715,450),(754,448),(755,472),(716,474)
"6.2"bounds: (762,450),(806,448),(807,467),(763,469)
"Ав"bounds: (646,501),(725,498),(726,529),(647,532)
"69"bounds: (727,498),(751,497),(752,528),(728,529)
"HTA2.3"bounds: (117,650),(222,650),(222,672),(117,672)
"HT"bounds: (255,645),(306,644),(306,674),(255,675)
"142"bounds: (313,644),(352,643),(352,673),(313,674)
"a.2"bounds: (360,643),(409,642),(410,673),(361,674)
"\KNZ65"bounds: (431,642),(541,640),(541,670),(431,672)
"ARKH"bounds: (568,645),(652,644),(652,666),(568,667)
"6.1"bounds: (666,640),(717,639),(717,663),(666,664)
"ZA4"bounds: (752,637),(822,636),(822,666),(752,667)
".4"bounds: (835,635),(890,634),(890,664),(835,665)
"IO"bounds: (911,640),(953,639),(953,660),(911,661)
"Za2b.1"bounds: (963,633),(1054,632),(1054,663),(964,664)
"PH"bounds: (116,764),(152,764),(152,790),(116,790)
"2.1"bounds: (163,768),(213,767),(213,789),(163,790)
"KH94.3"bounds: (245,763),(353,762),(353,788),(245,789)
"LA"bounds: (388,760),(427,760),(427,790),(388,790)
"zb1T"bounds: (411,789),(488,788),(488,807),(411,808)
"AP"bounds: (548,755),(592,756),(591,784),(547,783)
"Za"bounds: (611,755),(648,756),(647,789),(610,788)
"2.1"bounds: (656,756),(705,757),(704,791),(655,790)
"AB70"bounds: (411,848),(505,848),(505,874),(411,874)
"Kozf2"bounds: (503,962),(609,959),(610,994),(504,997)
"PK"bounds: (630,962),(662,961),(663,985),(631,986)
"Ze11b"bounds: (671,960),(750,958),(751,983),(672,985)
"(?)"bounds: (529,986),(559,985),(560,1006),(530,1007)
"HT23"bounds: (122,968),(203,967),(203,991),(122,992)
"a.5"bounds: (211,971),(252,971),(252,989),(211,989)
"HT62+373.5"bounds: (280,967),(450,966),(450,989),(280,990)
"AB73"bounds: (415,1050),(511,1050),(511,1076),(415,1076)
"HTWE3006x"bounds: (104,1173),(245,1171),(245,1198),(104,1200)
"PK1.3"bounds: (266,1170),(346,1169),(346,1193),(266,1194)
"HT29.4"bounds: (372,1171),(478,1169),(478,1190),(372,1192)
"KH9.2"bounds: (508,1169),(597,1167),(597,1189),(508,1191)
"MA"bounds: (627,1169),(675,1168),(675,1191),(627,1192)
"1&"bounds: (689,1161),(730,1160),(730,1185),(689,1186)
"ZA"bounds: (746,1164),(790,1163),(790,1186),(746,1187)
"5a.3"bounds: (803,1164),(875,1163),(875,1183),(803,1184)
"HT85"bounds: (900,1161),(977,1160),(977,1183),(900,1184)
"b.5"bounds: (989,1157),(1027,1156),(1027,1179),(989,1180)
"Es"bounds: (932,1202),(971,1202),(971,1267),(932,1267)
"KN"bounds: (126,1290),(166,1290),(166,1312),(126,1312)
"19.2"bounds: (178,1288),(245,1288),(245,1311),(178,1311)
"SY"bounds: (263,1286),(299,1286),(299,1310),(263,1310)
"Za"bounds: (326,1284),(359,1284),(359,1314),(326,1314)
"1"bounds: (361,1284),(379,1284),(379,1313),(361,1313)
"ZA"bounds: (427,1284),(486,1283),(487,1312),(428,1313)
"15a.4"bounds: (488,1282),(566,1281),(567,1311),(489,1312)
"PH"bounds: (596,1283),(631,1282),(631,1305),(596,1306)
"30.2"bounds: (643,1284),(706,1283),(706,1303),(643,1304)
"ZA"bounds: (740,1282),(782,1281),(782,1302),(740,1303)
"14.3."bounds: (792,1282),(865,1281),(865,1301),(792,1302)
"TY"bounds: (886,1277),(928,1276),(928,1301),(886,1302)
"3b.4"bounds: (941,1274),(1010,1273),(1010,1300),(941,1301)