Texts:

"2-1
Kythéra
Milos
Kéa
Théra
Khania
vrysinas
Tylissos.
Prassa
Knossos
Mallia
DIUIUNS
louktas,
Papourd
Troullos
Kardamoutsa
SPalaikastro
Arkhanes
Petsophas
Psykhro
Traostalos
Zakros
nojnopody
Arkalokhori
Larani
Gournia
Haghia Triada
Phaistos
Kato Symi.
Pyrgos
30km
Platanos
OL
Kophinas
VRYSINAS: Site n'ayant fourni que des « autres documents .
MALLIA
: Site ayant également fourni des archives.
KHANIA
: Site n'ayant fourni que des archives.
Carte de Crète au 1: 1.250.000 indiquant les sites où du linéaire A a été trouvé.
"bounds: (312,186),(955,186),(955,1432),(312,1432)
"2-1"bounds: (926,1423),(955,1423),(955,1432),(926,1432)
"Kythéra"bounds: (312,1216),(312,1170),(325,1170),(325,1216)
"Milos"bounds: (367,1010),(367,983),(375,983),(375,1010)
"Kéa"bounds: (361,737),(361,716),(372,716),(372,737)
"Théra"bounds: (371,466),(370,430),(381,430),(382,466)
"Khania"bounds: (390,1201),(390,1165),(400,1165),(400,1201)
"vrysinas"bounds: (487,979),(488,925),(504,925),(503,979)
"Tylissos."bounds: (482,806),(484,755),(498,755),(496,806)
"Prassa"bounds: (476,681),(475,635),(486,635),(487,681)
"Knossos"bounds: (491,694),(491,640),(503,640),(503,694)
"Mallia"bounds: (491,552),(491,521),(498,521),(498,552)
"DIUIUNS"bounds: (487,461),(487,499),(475,499),(475,461)
"louktas,"bounds: (507,746),(507,700),(520,700),(520,746)
"Papourd"bounds: (509,599),(511,543),(522,543),(520,599)
"Troullos"bounds: (514,708),(514,645),(527,645),(527,708)
"Kardamoutsa"bounds: (532,671),(533,594),(543,594),(542,671)
"SPalaikastro"bounds: (517,261),(517,187),(529,187),(529,261)
"Arkhanes"bounds: (526,757),(524,703),(534,703),(536,757)
"Petsophas"bounds: (537,276),(536,201),(548,201),(549,276)
"Psykhro"bounds: (552,580),(549,529),(563,528),(566,579)
"Traostalos"bounds: (558,285),(559,213),(573,213),(572,285)
"Zakros"bounds: (572,263),(572,227),(585,227),(585,263)
"nojnopody"bounds: (570,811),(573,878),(559,879),(556,812)
"Arkalokhori"bounds: (567,654),(567,585),(580,585),(580,654)
"Larani"bounds: (582,738),(579,694),(592,693),(595,737)
"Gournia"bounds: (586,428),(588,379),(599,380),(597,428)
"Haghia"bounds: (607,866),(606,829),(616,829),(618,866)
"Triada"bounds: (605,824),(604,790),(613,790),(614,824)
"Phaistos"bounds: (620,841),(619,797),(632,797),(633,841)
"Kato"bounds: (608,614),(609,589),(619,589),(618,614)
"Symi."bounds: (607,583),(608,549),(622,549),(621,583)
"Pyrgos"bounds: (620,504),(619,465),(631,465),(632,504)
"30km"bounds: (639,1167),(639,1138),(646,1138),(646,1167)
"Platanos"bounds: (635,797),(637,743),(649,744),(647,797)
"OL"bounds: (648,1249),(648,1259),(641,1259),(641,1249)
"Kophinas"bounds: (656,729),(656,675),(668,675),(668,729)
"VRYSINAS:"bounds: (741,1185),(740,1079),(752,1079),(753,1185)
"Site"bounds: (741,1068),(741,1041),(752,1041),(752,1068)
"n'ayant"bounds: (741,1030),(740,973),(754,973),(755,1030)
"fourni"bounds: (740,962),(739,918),(750,918),(751,962)
"que"bounds: (742,907),(742,882),(754,882),(754,907)
"des"bounds: (739,871),(739,849),(750,849),(750,871)
"«"bounds: (737,840),(737,830),(753,830),(753,840)
"autres"bounds: (736,828),(735,782),(752,782),(753,828)
"documents"bounds: (738,772),(737,691),(748,691),(749,772)
"."bounds: (741,683),(741,676),(748,676),(748,683)
"MALLIA"bounds: (767,1183),(768,1115),(780,1115),(779,1183)
":"bounds: (767,1071),(767,1063),(784,1063),(784,1071)
"Site"bounds: (766,1061),(766,1039),(784,1039),(784,1061)
"ayant"bounds: (769,1030),(768,988),(780,988),(781,1030)
"également"bounds: (767,978),(766,902),(779,902),(780,978)
"fourni"bounds: (766,891),(765,848),(776,848),(777,891)
"des"bounds: (765,837),(765,814),(777,814),(777,837)
"archives."bounds: (765,804),(764,739),(775,739),(776,804)
"KHANIA"bounds: (799,1184),(799,1111),(811,1111),(811,1184)
":"bounds: (797,1069),(797,1060),(814,1060),(814,1069)
"Site"bounds: (796,1058),(796,1036),(814,1036),(814,1058)
"n'ayant"bounds: (798,1030),(797,973),(811,973),(812,1030)
"fourni"bounds: (798,963),(797,919),(809,919),(810,963)
"que"bounds: (800,908),(800,883),(811,883),(811,908)
"des"bounds: (796,872),(796,849),(807,849),(807,872)
"archives."bounds: (796,839),(795,774),(807,774),(808,839)
"Carte"bounds: (848,1096),(848,1056),(859,1056),(859,1096)
"de"bounds: (848,1048),(848,1033),(859,1033),(859,1048)
"Crète"bounds: (847,1025),(847,987),(858,987),(858,1025)
"au"bounds: (850,979),(850,962),(857,962),(857,979)
"1:"bounds: (847,952),(847,938),(858,938),(858,952)
"1.250.000"bounds: (846,929),(845,861),(856,861),(857,929)
"indiquant"bounds: (845,853),(844,781),(858,781),(859,853)
"les"bounds: (845,773),(845,755),(855,755),(855,773)
"sites"bounds: (845,747),(845,716),(856,716),(856,747)
"où"bounds: (844,708),(844,692),(855,692),(855,708)
"du"bounds: (844,683),(844,666),(854,666),(854,683)
"linéaire"bounds: (843,658),(842,603),(853,603),(854,658)
"A"bounds: (843,595),(843,585),(853,585),(853,595)
"a"bounds: (846,576),(846,570),(853,570),(853,576)
"été"bounds: (843,561),(843,541),(853,541),(853,561)
"trouvé."bounds: (842,532),(841,481),(852,481),(853,532)