Texts:

"59
778-30- 59 E
*ARKH 4a.13
31- 59
HT 117a,71
*im 42[*+_7s9.1l
ZA 8.5 10a.4-53
731- 59
ト平本口
の本ロ
OF A C
01-28-39- 59
78-39- 59
HT 6a.61
77-10-45- 59
HT 13.11
780-59-53- 59
KH 90,25
已2C
PH Wa 322
58-67-53- 59
59- 59
KH 7a.33
08-26-60- 59
*HT 11a.1
758-65- 59
KN 22a.1
340-67- 59
HГ 29.41
HT 128a.3
ZA 10b.4-53
773- 59
08-73- 59
41-73- 59
HT 96a.2-31
708-77- 59
KN(?) 32a.2'
53-77- 59
нT 146,41
26-80- 59
HT 29.1' 99h.2'
01-51-80- 59
HT 95a.11
81- 59 /
нT 115Ь.41
28-81- 59
нT 5.11
312- 59
HT 10b.21
A 615
HT 30.3.5' 35.3'
H
302+ 59
KH 19.23 39.23 55.23 61.33 663
85.1. *33
238
"bounds: (60,89),(1155,89),(1155,1524),(60,1524)
"59"bounds: (1138,89),(1155,89),(1155,102),(1138,102)
"778-30-"bounds: (591,155),(657,154),(657,178),(591,179)
"59"bounds: (668,160),(682,160),(682,178),(668,178)
"E"bounds: (692,157),(708,157),(708,175),(692,175)
"*ARKH"bounds: (810,155),(851,156),(851,173),(810,172)
"4a.13"bounds: (861,154),(901,155),(901,173),(861,172)
"31-"bounds: (635,193),(658,194),(657,205),(634,204)
"59"bounds: (667,192),(685,193),(684,209),(666,208)
"HT"bounds: (809,194),(826,193),(826,204),(809,205)
"117a,71"bounds: (837,189),(890,187),(891,204),(838,206)
"*im"bounds: (809,222),(834,222),(834,238),(809,238)
"42[*+_7s9.1l"bounds: (844,220),(940,221),(940,244),(844,243)
"ZA"bounds: (810,261),(825,261),(825,271),(810,271)
"8.5"bounds: (835,254),(866,254),(866,272),(835,272)
"10a.4-53"bounds: (879,253),(942,253),(942,272),(879,272)
"731-"bounds: (616,223),(657,224),(656,244),(615,243)
"59"bounds: (666,227),(684,227),(684,243),(666,243)
"ト"bounds: (264,247),(272,247),(272,265),(264,265)
"平"bounds: (283,245),(298,245),(298,268),(283,268)
"本"bounds: (306,244),(322,244),(322,268),(306,268)
"口"bounds: (332,246),(347,246),(347,269),(332,269)
"の"bounds: (281,279),(302,279),(302,300),(281,300)
"本"bounds: (305,277),(323,277),(323,303),(305,303)
"ロ"bounds: (332,280),(349,280),(349,303),(332,303)
"OF"bounds: (259,313),(296,313),(296,336),(259,336)
"A"bounds: (304,313),(319,313),(319,338),(304,338)
"C"bounds: (329,313),(344,313),(344,336),(329,336)
"01-28-39-"bounds: (583,259),(657,260),(657,271),(583,270)
"59"bounds: (668,261),(682,261),(682,271),(668,271)
"78-39-"bounds: (609,292),(657,293),(657,304),(609,303)
"59"bounds: (667,294),(682,294),(682,304),(667,304)
"HT"bounds: (808,294),(825,293),(825,304),(808,305)
"6a.61"bounds: (834,288),(873,286),(874,304),(835,306)
"77-10-45-"bounds: (583,326),(656,327),(656,338),(583,337)
"59"bounds: (665,328),(681,328),(681,341),(665,341)
"HT"bounds: (808,326),(825,325),(825,337),(808,338)
"13.11"bounds: (835,321),(872,320),(873,338),(836,339)
"780-59-53-"bounds: (565,356),(656,358),(656,376),(565,374)
"59"bounds: (666,361),(681,361),(681,376),(666,376)
"KH"bounds: (808,361),(825,360),(826,371),(809,372)
"90,25"bounds: (834,355),(874,352),(875,370),(835,373)
"已"bounds: (242,374),(283,375),(283,408),(242,407)
"2C"bounds: (285,374),(346,375),(346,408),(285,407)
"PH"bounds: (808,393),(824,392),(825,404),(809,405)
"Wa"bounds: (833,394),(849,393),(850,405),(834,406)
"322"bounds: (859,388),(883,387),(884,404),(860,405)
"58-67-53-"bounds: (582,393),(656,394),(656,404),(582,403)
"59"bounds: (666,394),(681,394),(681,404),(666,404)
"59-"bounds: (625,424),(666,424),(666,437),(625,437)
"59"bounds: (666,424),(681,424),(681,434),(666,434)
"KH"bounds: (809,425),(825,424),(826,435),(810,436)
"7a.33"bounds: (835,418),(875,416),(876,436),(836,438)
"08-26-60-"bounds: (583,460),(657,460),(657,472),(583,472)
"59"bounds: (667,462),(682,462),(682,472),(667,472)
"*HT"bounds: (809,456),(834,456),(834,472),(809,472)
"11a.1"bounds: (845,455),(890,455),(890,473),(845,473)
"758-65-"bounds: (591,491),(656,491),(656,512),(591,512)
"59"bounds: (667,495),(681,495),(681,512),(667,512)
"KN"bounds: (809,496),(825,495),(826,505),(810,506)
"22a.1"bounds: (835,489),(881,487),(882,505),(836,508)
"340-67-"bounds: (600,526),(657,528),(656,541),(599,539)
"59"bounds: (667,528),(684,529),(683,543),(666,542)
"HГ"bounds: (808,528),(825,527),(826,540),(809,541)
"29.41"bounds: (835,524),(873,521),(874,538),(836,541)
"HT"bounds: (808,562),(825,561),(825,572),(808,573)
"128a.3"bounds: (835,557),(883,555),(884,575),(836,577)
"ZA"bounds: (809,586),(824,586),(824,599),(809,599)
"10b.4-53"bounds: (835,582),(900,580),(900,599),(836,601)
"773-"bounds: (616,558),(656,559),(656,577),(616,576)
"59"bounds: (665,562),(684,562),(684,577),(665,577)
"08-73-"bounds: (608,586),(657,587),(657,597),(608,596)
"59"bounds: (667,586),(681,586),(681,597),(667,597)
"41-73-"bounds: (608,619),(656,621),(655,633),(607,631)
"59"bounds: (665,620),(683,621),(682,636),(664,635)
"HT"bounds: (808,621),(824,620),(824,631),(808,632)
"96a.2-31"bounds: (834,615),(898,612),(899,632),(835,635)
"708-77-"bounds: (591,650),(656,651),(656,669),(591,668)
"59"bounds: (662,648),(684,648),(684,672),(662,672)
"KN(?)"bounds: (809,654),(847,652),(848,668),(810,670)
"32a.2'"bounds: (859,649),(906,647),(907,665),(860,667)
"53-77-"bounds: (607,686),(656,687),(656,698),(607,697)
"59"bounds: (666,687),(681,687),(681,698),(666,698)
"нT"bounds: (808,688),(824,687),(825,698),(809,699)
"146,41"bounds: (835,681),(881,679),(882,699),(836,701)
"26-80-"bounds: (608,720),(655,720),(655,731),(608,731)
"59"bounds: (666,721),(681,721),(681,732),(666,732)
"HT"bounds: (808,721),(824,721),(824,732),(808,732)
"29.1'"bounds: (835,714),(872,714),(872,732),(835,732)
"99h.2'"bounds: (885,715),(931,715),(931,733),(885,733)
"01-51-80-"bounds: (581,753),(655,753),(655,763),(581,763)
"59"bounds: (666,753),(680,753),(680,763),(666,763)
"HT"bounds: (807,754),(824,753),(825,764),(808,765)
"95a.11"bounds: (834,748),(880,744),(881,763),(835,767)
"81-"bounds: (632,785),(655,785),(655,795),(632,795)
"59"bounds: (664,785),(680,785),(680,799),(664,799)
"/"bounds: (690,782),(706,782),(706,798),(690,798)
"нT"bounds: (802,785),(837,784),(838,805),(803,806)
"115Ь.41"bounds: (839,783),(888,782),(889,804),(840,805)
"28-81-"bounds: (607,820),(655,820),(655,830),(607,830)
"59"bounds: (666,820),(680,820),(680,830),(666,830)
"нT"bounds: (807,821),(824,820),(825,832),(808,833)
"5.11"bounds: (833,815),(872,813),(873,832),(834,834)
"312-"bounds: (624,853),(655,854),(655,865),(624,864)
"59"bounds: (665,853),(682,853),(682,868),(665,868)
"HT"bounds: (807,855),(823,854),(824,865),(808,866)
"10b.21"bounds: (834,849),(880,846),(881,865),(835,868)
"A"bounds: (257,909),(266,909),(266,925),(257,925)
"615"bounds: (264,911),(287,911),(287,923),(264,923)
"HT"bounds: (807,921),(822,921),(822,932),(807,932)
"30.3.5'"bounds: (833,915),(887,915),(887,933),(833,933)
"35.3'"bounds: (901,914),(938,914),(938,933),(901,933)
"H"bounds: (453,918),(461,918),(461,928),(453,928)
"302+"bounds: (623,921),(654,921),(654,930),(623,930)
"59"bounds: (665,921),(679,921),(679,930),(665,930)
"KH"bounds: (807,955),(823,955),(823,966),(807,966)
"19.23"bounds: (834,948),(873,948),(873,966),(834,966)
"39.23"bounds: (884,948),(923,948),(923,966),(884,966)
"55.23"bounds: (935,949),(973,949),(973,967),(935,967)
"61.33"bounds: (984,950),(1024,950),(1024,967),(984,967)
"663"bounds: (1034,950),(1057,950),(1057,969),(1034,969)
"85.1."bounds: (830,991),(867,985),(870,1008),(834,1014)
"*33"bounds: (871,984),(896,980),(899,999),(874,1003)
"238"bounds: (60,1506),(97,1506),(97,1524),(60,1524)