Texts:

"HAGHIA TRIADA - NODULES
Wa 1591
Wa 1592
Wa 1593
HM462.6
HM 463.2
Pigorimi 6
Wa 1594
Wa 1595
Wa 1596
HM 467. 6
HM 467.7
HM 467.8
Wa 1597
Wa 1598
Wa 1599
HM 467.9
HM 467. 10
HM 467.11
Wa 1600
Wa 1601
Wa 1602
HM 469.1
HM 475.6
HM 475.7
Wa 1603
Wa 1604
Wa 1605
HM 475.8
HM 475,9
HM 486.2
49
"bounds: (164,79),(1159,79),(1159,1537),(164,1537)
"HAGHIA"bounds: (461,79),(528,79),(528,90),(461,90)
"TRIADA"bounds: (540,80),(604,80),(604,91),(540,91)
"-"bounds: (615,86),(620,86),(620,87),(615,87)
"NODULES"bounds: (632,80),(709,81),(709,93),(632,92)
"Wa"bounds: (167,160),(197,159),(197,173),(167,174)
"1591"bounds: (212,159),(251,158),(251,173),(212,174)
"Wa"bounds: (536,161),(567,160),(567,174),(536,175)
"1592"bounds: (581,160),(622,159),(622,174),(581,175)
"Wa"bounds: (896,159),(927,160),(927,174),(896,173)
"1593"bounds: (941,160),(982,161),(982,175),(941,174)
"HM462.6"bounds: (278,363),(361,363),(361,378),(278,378)
"HM"bounds: (639,370),(660,370),(660,382),(639,382)
"463.2"bounds: (670,368),(718,367),(718,381),(670,382)
"Pigorimi"bounds: (1003,367),(1065,365),(1066,393),(1004,395)
"6"bounds: (1073,372),(1081,372),(1081,383),(1073,383)
"Wa"bounds: (164,430),(195,430),(195,445),(164,445)
"1594"bounds: (209,430),(250,429),(250,445),(209,446)
"Wa"bounds: (536,433),(566,433),(566,446),(536,446)
"1595"bounds: (581,433),(621,433),(621,447),(581,447)
"Wa"bounds: (900,429),(931,429),(931,444),(900,444)
"1596"bounds: (946,430),(986,430),(986,444),(946,444)
"HM"bounds: (282,637),(307,637),(307,651),(282,651)
"467."bounds: (319,637),(348,637),(348,651),(319,651)
"6"bounds: (356,636),(364,636),(364,650),(356,650)
"HM"bounds: (659,641),(681,641),(681,654),(659,654)
"467.7"bounds: (689,641),(728,641),(728,655),(689,655)
"HM"bounds: (1015,643),(1036,643),(1036,657),(1015,657)
"467.8"bounds: (1045,642),(1088,641),(1088,656),(1045,657)
"Wa"bounds: (168,702),(199,701),(199,715),(168,716)
"1597"bounds: (213,700),(254,699),(254,714),(213,715)
"Wa"bounds: (540,702),(571,703),(571,717),(540,716)
"1598"bounds: (586,701),(626,702),(626,717),(586,716)
"Wa"bounds: (898,702),(929,702),(929,716),(898,716)
"1599"bounds: (944,702),(984,702),(984,717),(944,717)
"HM"bounds: (300,913),(327,914),(327,930),(300,929)
"467.9"bounds: (340,913),(384,914),(383,931),(339,930)
"HM"bounds: (643,907),(667,908),(666,924),(642,923)
"467."bounds: (678,908),(713,909),(712,922),(677,921)
"10"bounds: (721,911),(740,912),(740,924),(721,923)
"HM"bounds: (1001,902),(1024,903),(1024,916),(1001,915)
"467.11"bounds: (1034,902),(1083,903),(1083,917),(1034,916)
"Wa"bounds: (170,973),(201,973),(201,987),(170,987)
"1600"bounds: (216,974),(256,974),(256,988),(216,988)
"Wa"bounds: (546,971),(576,971),(576,985),(546,985)
"1601"bounds: (591,971),(630,971),(630,985),(591,985)
"Wa"bounds: (903,972),(934,972),(934,986),(903,986)
"1602"bounds: (949,972),(989,973),(989,987),(949,986)
"HM"bounds: (289,1171),(312,1171),(312,1183),(289,1183)
"469.1"bounds: (323,1169),(373,1169),(373,1184),(323,1184)
"HM"bounds: (650,1177),(676,1178),(676,1191),(650,1190)
"475.6"bounds: (691,1177),(739,1178),(739,1193),(691,1192)
"HM"bounds: (1012,1177),(1039,1178),(1039,1193),(1012,1192)
"475.7"bounds: (1048,1179),(1100,1181),(1100,1194),(1048,1192)
"Wa"bounds: (173,1246),(203,1246),(203,1259),(173,1259)
"1603"bounds: (218,1245),(259,1245),(259,1260),(218,1260)
"Wa"bounds: (543,1244),(573,1243),(573,1257),(543,1258)
"1604"bounds: (588,1243),(629,1242),(629,1258),(588,1259)
"Wa"bounds: (907,1243),(937,1243),(937,1257),(907,1257)
"1605"bounds: (952,1242),(992,1242),(992,1257),(952,1257)
"HM"bounds: (306,1443),(327,1442),(327,1455),(306,1456)
"475.8"bounds: (337,1442),(377,1441),(377,1455),(337,1456)
"HM"bounds: (659,1443),(679,1443),(679,1454),(659,1454)
"475,9"bounds: (686,1441),(731,1441),(731,1454),(686,1454)
"HM"bounds: (996,1437),(1023,1437),(1023,1450),(996,1450)
"486.2"bounds: (1041,1435),(1096,1434),(1096,1449),(1041,1450)
"49"bounds: (1135,1521),(1159,1521),(1159,1537),(1135,1537)