Texts:

"МА 4
a
Ts:
lat. Sin. a 4,60 cm .
HM 1877 - 9,50x 3,70 x 1,70 cm.; hou an
lat. dex. a d,00 am
du lat. Auk
du let. Aub.;hou au
272
"bounds: (72,65),(902,65),(902,1525),(72,1525)
"МА"bounds: (83,65),(124,65),(124,84),(83,84)
"4"bounds: (120,67),(131,67),(131,83),(120,83)
"a"bounds: (72,342),(84,342),(84,353),(72,353)
"Ts:"bounds: (802,599),(836,602),(834,618),(801,615)
"lat."bounds: (741,706),(774,706),(774,721),(741,721)
"Sin."bounds: (782,710),(813,710),(813,719),(782,719)
"a"bounds: (821,709),(831,709),(831,718),(821,718)
"4,60"bounds: (840,708),(869,708),(869,719),(840,719)
"cm"bounds: (876,712),(893,712),(893,717),(876,717)
"."bounds: (901,716),(902,716),(902,717),(901,717)
"HM"bounds: (390,718),(416,717),(416,732),(390,733)
"1877"bounds: (432,716),(475,715),(475,730),(432,731)
"-"bounds: (485,721),(491,721),(491,723),(485,723)
"9,50x"bounds: (498,715),(538,714),(538,727),(498,728)
"3,70"bounds: (548,712),(573,711),(573,728),(548,729)
"x"bounds: (584,718),(589,718),(589,726),(584,726)
"1,70"bounds: (599,710),(637,709),(637,727),(599,728)
"cm.;"bounds: (639,709),(669,708),(669,726),(639,727)
"hou"bounds: (668,708),(703,707),(703,722),(668,723)
"an"bounds: (709,716),(728,716),(728,723),(709,723)
"lat."bounds: (605,740),(635,740),(635,755),(605,755)
"dex."bounds: (645,742),(674,742),(674,755),(645,755)
"a"bounds: (686,743),(695,743),(695,753),(686,753)
"d,00"bounds: (708,740),(739,740),(739,753),(708,753)
"am"bounds: (746,744),(764,744),(764,750),(746,750)
"du"bounds: (780,741),(801,741),(801,749),(780,749)
"lat."bounds: (813,734),(846,734),(846,751),(813,751)
"Auk"bounds: (853,734),(883,734),(883,750),(853,750)
"du"bounds: (391,750),(415,750),(415,761),(391,761)
"let."bounds: (431,745),(466,744),(466,763),(431,764)
"Aub.;hou"bounds: (471,744),(563,743),(563,763),(471,764)
"au"bounds: (572,751),(592,751),(592,757),(572,757)
"272"bounds: (74,1506),(109,1508),(108,1525),(73,1523)