Texts:

"131a
PHAISTOS
131a
in PH 9b
A L4_7
ARKH 3b.5
131a
HT 9a.1' 13.2' 17.1' 19.2' 23a.2' 27a.81
28a.4.4,h.3.4.5' 30.2.s' 35.4
44a.4,b.3 60.2' 62/+]73.1 89.5'
91.41 *94a.5' 98b.2' 99a.2' 100.41
114a.3' 121.31 130.61
[4_7
KH 9.4 11.2.5 46.2³ 60.23 91.15
KN Zb <27 <36) <374 <38>4
[4_7
PH 25.1 Wc 412 42² 432
ZA 4b.1 11a.3.43 15a.*1,b.1.23 zb 3.14
HT 14.1 123a.3
A FR
G.
50- 131a
A 507
H
'13''131a'
ZA 15a.33
A 522
Y FA
'31''131a'
HT 114b,11
ZA 15a.13
A 588
131a +04
KN Zb 344
A 589
131a +31
HT 131b.3'
A 590
Jm.4.
7131a '41'
HT 276.21
A 591
131a '54'
HT 27b,5'
A 592
131a +54
HT 27b.1'
A 593
'131a''58'
ZA 5a.13
A 594
131a '60'
ZA 66.2 15b.33
A 595
131a +60
KE Zh 54
A 596
131a '77
ZA 6b.23
A 597
7131a !120'
HT 27b.2.61
A 639
'316+02''131a'
PYR 1.21
277
LE
正四
E所 际后匠底后 所
E .E:所
际后
"bounds: (111,326),(1170,326),(1170,1531),(111,1531)
"131a"bounds: (591,326),(650,327),(650,358),(591,357)
"PHAISTOS"bounds: (339,512),(405,510),(405,522),(339,524)
"131a"bounds: (542,512),(573,512),(573,522),(542,522)
"in"bounds: (699,507),(719,506),(720,525),(700,526)
"PH"bounds: (725,510),(742,509),(743,521),(726,522)
"9b"bounds: (751,504),(767,503),(768,521),(752,522)
"A"bounds: (364,547),(373,547),(373,558),(364,558)
"L4_7"bounds: (381,541),(421,540),(421,560),(381,561)
"ARKH"bounds: (725,543),(760,542),(760,555),(725,556)
"3b.5"bounds: (768,538),(808,537),(809,554),(769,555)
"131a"bounds: (543,546),(574,546),(574,556),(543,556)
"HT"bounds: (727,578),(742,578),(742,588),(727,588)
"9a.1'"bounds: (753,569),(790,569),(790,588),(753,588)
"13.2'"bounds: (804,569),(841,569),(841,587),(804,587)
"17.1'"bounds: (855,568),(891,568),(891,586),(855,586)
"19.2'"bounds: (906,568),(942,568),(942,586),(906,586)
"23a.2'"bounds: (956,569),(1001,568),(1001,585),(956,586)
"27a.81"bounds: (1015,568),(1060,567),(1060,584),(1015,585)
"28a.4.4,h.3.4.5'"bounds: (753,606),(884,602),(885,627),(754,631)
"30.2.s'"bounds: (896,603),(951,601),(952,620),(897,622)
"35.4"bounds: (958,598),(998,597),(999,625),(959,626)
"44a.4,b.3"bounds: (753,636),(833,635),(833,663),(753,664)
"60.2'"bounds: (846,635),(884,634),(884,654),(846,655)
"62/+]73.1"bounds: (896,634),(993,633),(993,661),(896,662)
"89.5'"bounds: (1006,635),(1044,634),(1044,652),(1006,653)
"91.41"bounds: (754,669),(791,668),(791,687),(754,688)
"*94a.5'"bounds: (804,668),(859,667),(859,692),(804,693)
"98b.2'"bounds: (872,669),(918,668),(918,686),(872,687)
"99a.2'"bounds: (931,668),(977,667),(977,685),(931,686)
"100.41"bounds: (992,667),(1036,666),(1036,686),(992,687)
"114a.3'"bounds: (756,702),(809,702),(809,721),(756,721)
"121.31"bounds: (823,702),(868,702),(868,720),(823,720)
"130.61"bounds: (882,701),(927,701),(927,719),(882,719)
"[4_7"bounds: (383,741),(422,741),(422,759),(383,759)
"KH"bounds: (729,743),(744,743),(744,754),(729,754)
"9.4"bounds: (754,734),(785,733),(785,759),(754,760)
"11.2.5"bounds: (794,731),(844,730),(844,758),(794,759)
"46.2³"bounds: (864,734),(904,733),(904,752),(864,753)
"60.23"bounds: (914,732),(954,731),(954,752),(914,753)
"91.15"bounds: (965,733),(1005,732),(1005,751),(965,752)
"KN"bounds: (730,778),(745,778),(745,788),(730,788)
"Zb"bounds: (755,777),(769,777),(769,788),(755,788)
"<27"bounds: (774,767),(805,767),(805,794),(774,794)
"<36)"bounds: (828,768),(871,767),(871,790),(828,791)
"<374"bounds: (877,768),(921,767),(921,789),(877,790)
"<38>4"bounds: (930,767),(971,766),(971,786),(930,787)
"[4_7"bounds: (383,810),(422,809),(422,827),(383,828)
"PH"bounds: (730,812),(746,812),(746,822),(730,822)
"25.1"bounds: (755,804),(789,803),(790,825),(756,826)
"Wc"bounds: (805,811),(820,811),(820,821),(805,821)
"412"bounds: (831,802),(854,801),(854,819),(831,820)
"42²"bounds: (865,802),(887,801),(887,820),(865,821)
"432"bounds: (898,802),(921,801),(921,820),(898,821)
"ZA"bounds: (724,837),(751,837),(751,864),(724,864)
"4b.1"bounds: (756,836),(795,835),(795,862),(756,863)
"11a.3.43"bounds: (808,837),(871,836),(871,861),(808,862)
"15a.*1,b.1.23"bounds: (884,838),(989,836),(989,856),(884,858)
"zb"bounds: (1000,843),(1016,843),(1016,855),(1000,855)
"3.14"bounds: (1025,835),(1057,835),(1057,853),(1025,854)
"HT"bounds: (730,879),(746,879),(746,889),(730,889)
"14.1"bounds: (754,870),(788,869),(788,892),(754,893)
"123a.3"bounds: (806,869),(856,868),(856,892),(806,893)
"A"bounds: (180,867),(201,867),(201,890),(180,890)
"FR"bounds: (208,867),(228,867),(228,889),(208,889)
"G."bounds: (369,880),(376,880),(376,890),(369,890)
"50-"bounds: (512,879),(535,879),(535,890),(512,890)
"131a"bounds: (546,880),(577,879),(577,889),(546,890)
"A"bounds: (115,937),(123,937),(123,950),(115,950)
"507"bounds: (124,939),(146,939),(146,950),(124,950)
"H"bounds: (369,941),(377,941),(377,951),(369,951)
"'13''131a'"bounds: (507,939),(585,939),(585,949),(507,949)
"ZA"bounds: (731,938),(747,937),(748,949),(732,950)
"15a.33"bounds: (758,932),(805,929),(806,947),(759,950)
"A"bounds: (114,970),(122,970),(122,985),(114,985)
"522"bounds: (124,972),(147,972),(147,983),(124,983)
"Y"bounds: (197,964),(213,964),(213,994),(197,994)
"FA"bounds: (210,968),(232,968),(232,990),(210,990)
"'31''131a'"bounds: (508,971),(586,970),(586,982),(508,983)
"HT"bounds: (731,972),(747,971),(748,982),(732,983)
"114b,11"bounds: (758,965),(812,962),(813,980),(759,983)
"ZA"bounds: (732,1005),(747,1004),(748,1015),(733,1016)
"15a.13"bounds: (759,999),(807,995),(808,1014),(760,1018)
"A"bounds: (112,1036),(121,1036),(121,1051),(112,1051)
"588"bounds: (124,1039),(146,1039),(146,1050),(124,1050)
"131a"bounds: (548,1040),(579,1040),(579,1049),(548,1049)
"+04"bounds: (590,1039),(612,1039),(612,1049),(590,1049)
"KN"bounds: (732,1039),(748,1038),(749,1049),(733,1050)
"Zb"bounds: (757,1038),(772,1037),(773,1049),(758,1050)
"344"bounds: (783,1031),(807,1029),(808,1047),(784,1049)
"A"bounds: (115,1070),(124,1070),(124,1085),(115,1085)
"589"bounds: (124,1072),(147,1071),(147,1083),(124,1084)
"131a"bounds: (545,1073),(579,1071),(580,1086),(546,1088)
"+31"bounds: (589,1073),(612,1072),(613,1083),(590,1084)
"HT"bounds: (732,1072),(748,1071),(749,1082),(733,1083)
"131b.3'"bounds: (759,1065),(814,1061),(815,1081),(760,1085)
"A"bounds: (111,1103),(120,1103),(120,1119),(111,1119)
"590"bounds: (124,1105),(147,1105),(147,1117),(124,1117)
"Jm.4."bounds: (195,1097),(268,1097),(268,1120),(195,1120)
"7131a"bounds: (531,1104),(580,1102),(581,1119),(532,1121)
"'41'"bounds: (594,1105),(621,1104),(621,1115),(594,1116)
"HT"bounds: (733,1105),(749,1104),(749,1115),(733,1116)
"276.21"bounds: (759,1099),(805,1097),(806,1115),(760,1117)
"A"bounds: (115,1136),(123,1136),(123,1151),(115,1151)
"591"bounds: (125,1139),(145,1139),(145,1150),(125,1150)
"131a"bounds: (549,1140),(580,1139),(580,1150),(549,1151)
"'54'"bounds: (594,1139),(621,1138),(621,1148),(594,1149)
"HT"bounds: (733,1139),(749,1138),(750,1149),(734,1150)
"27b,5'"bounds: (759,1131),(805,1129),(806,1149),(760,1151)
"A"bounds: (115,1169),(124,1169),(124,1185),(115,1185)
"592"bounds: (125,1172),(148,1172),(148,1184),(125,1184)
"131a"bounds: (550,1173),(580,1172),(580,1183),(550,1184)
"+54"bounds: (591,1172),(614,1171),(614,1182),(591,1183)
"HT"bounds: (732,1172),(749,1171),(750,1182),(733,1183)
"27b.1'"bounds: (760,1168),(807,1164),(808,1181),(761,1185)
"A"bounds: (112,1203),(122,1203),(122,1219),(112,1219)
"593"bounds: (126,1205),(147,1205),(147,1216),(126,1216)
"'131a''58'"bounds: (544,1205),(622,1203),(622,1218),(544,1220)
"ZA"bounds: (734,1205),(749,1204),(750,1216),(735,1217)
"5a.13"bounds: (760,1201),(799,1198),(800,1215),(761,1218)
"A"bounds: (114,1263),(121,1263),(121,1276),(114,1276)
"594"bounds: (126,1265),(148,1265),(148,1276),(126,1276)
"131a"bounds: (547,1265),(582,1263),(583,1278),(548,1280)
"'60'"bounds: (595,1264),(623,1263),(623,1274),(596,1275)
"ZA"bounds: (735,1264),(750,1264),(750,1275),(735,1275)
"66.2"bounds: (760,1257),(800,1256),(800,1275),(760,1276)
"15b.33"bounds: (812,1256),(859,1255),(859,1274),(812,1275)
"A"bounds: (118,1326),(127,1326),(127,1343),(118,1343)
"595"bounds: (126,1331),(149,1331),(149,1341),(126,1341)
"131a"bounds: (551,1333),(582,1333),(582,1342),(551,1342)
"+60"bounds: (593,1331),(616,1331),(616,1341),(593,1341)
"KE"bounds: (735,1331),(750,1329),(751,1340),(736,1342)
"Zh"bounds: (760,1331),(775,1329),(776,1340),(761,1342)
"54"bounds: (785,1324),(800,1322),(802,1339),(787,1341)
"A"bounds: (119,1396),(126,1396),(126,1409),(119,1409)
"596"bounds: (127,1398),(149,1398),(149,1409),(127,1409)
"131a"bounds: (552,1400),(583,1399),(583,1409),(552,1410)
"'77"bounds: (596,1398),(624,1397),(624,1408),(596,1409)
"ZA"bounds: (736,1400),(750,1399),(751,1410),(737,1411)
"6b.23"bounds: (761,1392),(802,1389),(803,1409),(762,1412)
"A"bounds: (120,1430),(127,1430),(127,1445),(120,1445)
"597"bounds: (127,1431),(149,1431),(149,1443),(127,1443)
"7131a"bounds: (535,1429),(583,1428),(583,1446),(535,1447)
"!120'"bounds: (596,1433),(632,1432),(632,1443),(596,1444)
"HT"bounds: (736,1434),(752,1433),(752,1443),(736,1444)
"27b.2.61"bounds: (762,1426),(825,1423),(826,1443),(763,1446)
"A"bounds: (121,1462),(129,1462),(129,1476),(121,1476)
"639"bounds: (127,1465),(150,1465),(150,1475),(127,1475)
"'316+02''131a'"bounds: (480,1467),(591,1467),(591,1477),(480,1477)
"PYR"bounds: (736,1466),(760,1464),(761,1477),(737,1479)
"1.21"bounds: (770,1460),(800,1457),(801,1475),(772,1478)
"277"bounds: (1134,1512),(1170,1511),(1170,1530),(1134,1531)
"LE"bounds: (496,328),(496,356),(475,356),(475,328)
"正"bounds: (259,1185),(258,1196),(233,1194),(234,1183)
"四"bounds: (258,1198),(256,1222),(231,1220),(233,1196)
"E"bounds: (232,936),(232,956),(202,956),(202,936)
"所"bounds: (231,967),(231,990),(202,990),(202,967)
"际"bounds: (236,1082),(236,1096),(203,1096),(203,1082)
"后"bounds: (236,1097),(236,1120),(203,1120),(203,1097)
"匠"bounds: (236,1131),(236,1154),(209,1154),(209,1131)
"底"bounds: (236,1164),(236,1188),(211,1188),(211,1164)
"后"bounds: (236,1198),(236,1220),(210,1220),(210,1198)
"所"bounds: (233,1243),(233,1286),(212,1286),(212,1243)
"E"bounds: (234,1319),(234,1354),(212,1354),(212,1319)
".E"bounds: (237,1380),(237,1455),(209,1455),(209,1380)
":"bounds: (236,1457),(236,1465),(209,1465),(209,1457)
"所"bounds: (231,1465),(231,1485),(212,1485),(212,1465)
"际"bounds: (227,503),(227,526),(206,526),(206,503)
"后"bounds: (226,538),(226,559),(206,559),(206,538)