Texts:

"53
31-301- 53
ZA 11b.13
322- 53
HT 11a.3'
A 614
302+ 53
HT 23a.2' 35.2' 60.1'
H
KH 82.23 *85.2*
A 648
400VAS
HT 110h.11
+ 53
221
"bounds: (160,96),(1165,96),(1165,1539),(160,1539)
"53"bounds: (1049,96),(1067,96),(1067,110),(1049,110)
"31-301-"bounds: (502,173),(559,174),(559,184),(502,183)
"53"bounds: (570,173),(584,173),(584,184),(570,184)
"ZA"bounds: (720,172),(735,171),(736,185),(721,186)
"11b.13"bounds: (746,166),(793,163),(794,184),(747,187)
"322-"bounds: (527,207),(559,207),(559,217),(527,217)
"53"bounds: (569,208),(583,208),(583,217),(569,217)
"HT"bounds: (719,208),(735,207),(735,218),(719,219)
"11a.3'"bounds: (746,201),(792,199),(793,218),(747,220)
"A"bounds: (162,270),(171,270),(171,286),(162,286)
"614"bounds: (172,274),(195,274),(195,285),(172,285)
"302+"bounds: (527,273),(559,275),(558,288),(526,286)
"53"bounds: (569,274),(586,275),(585,290),(568,289)
"HT"bounds: (719,275),(735,275),(735,286),(719,286)
"23a.2'"bounds: (746,268),(792,267),(792,285),(746,286)
"35.2'"bounds: (804,267),(842,266),(842,285),(804,286)
"60.1'"bounds: (855,267),(893,266),(893,285),(855,286)
"H"bounds: (383,273),(390,273),(390,284),(383,284)
"KH"bounds: (720,309),(735,309),(735,319),(720,319)
"82.23"bounds: (746,301),(785,301),(785,319),(746,319)
"*85.2*"bounds: (795,300),(844,300),(844,327),(795,327)
"A"bounds: (160,330),(170,330),(170,346),(160,346)
"648"bounds: (172,333),(194,334),(194,346),(172,345)
"400VAS"bounds: (499,338),(556,331),(558,350),(502,358)
"HT"bounds: (719,342),(735,341),(736,353),(720,354)
"110h.11"bounds: (746,338),(800,335),(801,352),(747,355)
"+"bounds: (560,340),(567,340),(567,352),(560,352)
"53"bounds: (569,343),(583,343),(583,352),(569,352)
"221"bounds: (1130,1521),(1165,1521),(1165,1539),(1130,1539)