Texts:

"HAGHIA TRIADA - NODULES
Wa 1710
Wa 1711
Wa 1712
HM 435. 88
HM 435.89
HM 435.87
Wa 1714
Wa 1715
Wa 1713
HM 435.91
HM 435.92
HM 435.90
Wa 1716
Wa 1717
Wa 1718
HM 435. 94
HM 435.95
HM 435.93
Wa 1719
Wa 1720
Wa 1721
HM 435.97
HM 435. 98
HM 435.96
Wa 1723
Wa 1724
Wa 1722
HM 435.99
HM 435.10o
HM 435.101.
57
"bounds: (145,78),(1157,78),(1157,1533),(145,1533)
"HAGHIA"bounds: (453,78),(520,78),(520,89),(453,89)
"TRIADA"bounds: (532,78),(596,78),(596,89),(532,89)
"-"bounds: (607,84),(612,84),(612,85),(607,85)
"NODULES"bounds: (624,78),(701,78),(701,89),(624,89)
"Wa"bounds: (145,160),(176,160),(176,175),(145,175)
"1710"bounds: (191,160),(232,160),(232,175),(191,175)
"Wa"bounds: (516,156),(547,156),(547,170),(516,170)
"1711"bounds: (562,155),(601,155),(601,170),(562,170)
"Wa"bounds: (879,153),(909,153),(909,167),(879,167)
"1712"bounds: (924,153),(965,153),(965,168),(924,168)
"HM"bounds: (645,362),(667,362),(667,377),(645,377)
"435."bounds: (677,361),(712,361),(712,376),(677,376)
"88"bounds: (717,365),(734,365),(734,377),(717,377)
"HM"bounds: (994,358),(1018,358),(1018,372),(994,372)
"435.89"bounds: (1024,357),(1083,356),(1083,373),(1024,374)
"HM"bounds: (281,373),(307,372),(307,386),(281,387)
"435.87"bounds: (316,372),(380,370),(380,384),(316,386)
"Wa"bounds: (519,425),(550,425),(550,439),(519,439)
"1714"bounds: (565,425),(606,425),(606,439),(565,439)
"Wa"bounds: (886,423),(917,423),(917,437),(886,437)
"1715"bounds: (931,423),(972,423),(972,437),(931,437)
"Wa"bounds: (145,433),(176,433),(176,448),(145,448)
"1713"bounds: (191,433),(231,433),(231,449),(191,449)
"HM"bounds: (632,625),(658,626),(658,640),(632,639)
"435.91"bounds: (665,626),(724,628),(724,641),(665,639)
"HM"bounds: (983,626),(1008,626),(1008,641),(983,641)
"435.92"bounds: (1017,626),(1076,626),(1076,639),(1017,639)
"HM"bounds: (263,640),(289,640),(289,654),(263,654)
"435.90"bounds: (298,640),(360,641),(360,655),(298,654)
"Wa"bounds: (154,704),(185,704),(185,718),(154,718)
"1716"bounds: (200,704),(241,705),(241,720),(200,719)
"Wa"bounds: (528,698),(559,698),(559,712),(528,712)
"1717"bounds: (574,697),(614,697),(614,711),(574,711)
"Wa"bounds: (887,695),(918,695),(918,709),(887,709)
"1718"bounds: (932,694),(973,694),(973,708),(932,708)
"HM"bounds: (647,896),(672,897),(672,910),(647,909)
"435."bounds: (680,897),(717,898),(717,911),(680,910)
"94"bounds: (724,898),(743,898),(743,912),(724,912)
"HM"bounds: (997,889),(1023,890),(1023,906),(997,905)
"435.95"bounds: (1029,891),(1087,893),(1087,908),(1029,906)
"HM"bounds: (281,906),(304,906),(304,919),(281,919)
"435.93"bounds: (314,906),(374,907),(374,920),(314,919)
"Wa"bounds: (156,975),(187,974),(187,989),(156,990)
"1719"bounds: (201,974),(242,973),(242,988),(201,989)
"Wa"bounds: (527,971),(558,971),(558,986),(527,986)
"1720"bounds: (573,969),(614,969),(614,985),(573,985)
"Wa"bounds: (889,965),(921,965),(921,979),(889,979)
"1721"bounds: (935,965),(975,965),(975,979),(935,979)
"HM"bounds: (652,1172),(675,1172),(675,1186),(652,1186)
"435.97"bounds: (684,1173),(742,1174),(742,1187),(684,1186)
"HM"bounds: (980,1168),(1005,1168),(1005,1182),(980,1182)
"435."bounds: (1015,1169),(1054,1170),(1054,1184),(1015,1183)
"98"bounds: (1061,1170),(1082,1170),(1082,1184),(1061,1184)
"HM"bounds: (255,1183),(277,1183),(277,1196),(255,1196)
"435.96"bounds: (285,1181),(339,1181),(339,1195),(285,1195)
"Wa"bounds: (532,1242),(564,1242),(564,1256),(532,1256)
"1723"bounds: (578,1242),(618,1242),(618,1256),(578,1256)
"Wa"bounds: (895,1238),(926,1238),(926,1253),(895,1253)
"1724"bounds: (940,1237),(981,1237),(981,1253),(940,1253)
"Wa"bounds: (165,1247),(196,1246),(196,1261),(165,1262)
"1722"bounds: (210,1246),(251,1245),(251,1261),(210,1262)
"HM"bounds: (296,1443),(320,1443),(320,1457),(296,1457)
"435.99"bounds: (327,1443),(387,1444),(387,1459),(327,1458)
"HM"bounds: (640,1439),(664,1440),(664,1453),(640,1452)
"435.10o"bounds: (674,1439),(749,1441),(749,1455),(674,1453)
"HM"bounds: (1003,1433),(1029,1433),(1029,1446),(1003,1446)
"435.101."bounds: (1038,1434),(1107,1434),(1107,1446),(1038,1446)
"57"bounds: (1134,1515),(1157,1515),(1157,1533),(1134,1533)