Texts:

"PH 26
HM 1517 -[3,60]x 2,10 x 0,5om.
PH 27
HM 1528-L,6o]x [4.1o]x 0.goem .
312
"bounds: (68,59),(1052,59),(1052,1516),(68,1516)
"PH"bounds: (70,59),(104,60),(104,76),(70,75)
"26"bounds: (115,59),(140,60),(140,77),(115,76)
"HM"bounds: (801,408),(831,409),(831,424),(801,423)
"1517"bounds: (841,410),(879,411),(879,424),(841,423)
"-[3,60]x"bounds: (886,406),(948,407),(948,426),(886,425)
"2,10"bounds: (954,412),(986,413),(986,426),(954,425)
"x"bounds: (991,417),(997,417),(997,425),(991,425)
"0,5om."bounds: (1002,414),(1052,415),(1052,427),(1002,426)
"PH"bounds: (68,828),(102,828),(102,844),(68,844)
"27"bounds: (114,827),(138,827),(138,844),(114,844)
"HM"bounds: (792,1198),(815,1199),(815,1211),(792,1210)
"1528-L,6o]x"bounds: (827,1195),(933,1198),(933,1215),(827,1213)
"[4.1o]x"bounds: (935,1197),(987,1198),(987,1217),(935,1216)
"0.goem"bounds: (988,1203),(1032,1204),(1032,1217),(988,1216)
"."bounds: (1038,1213),(1038,1213),(1038,1214),(1038,1214)
"312"bounds: (68,1499),(104,1500),(104,1516),(68,1515)