Texts:

"76
776
HT 125a.1 130.3'
B
76 -02-27
ZA 106.53
IJ- 26 -37
JJ- 26 -51
716- 76 -37
716- 76 -51
HT 108.3'
HT 49a.1!
*HT 108.3'
*iT 49a.11
16- 76 -54
HT 86a.31
61- 76 -07-24
HT 6a.41
O2 F
ON BC
78- 76 -10
HT 1.1 95a.4-5,b.4-5
78- 76 -572
HT 3.2
*ит 108.3
779- 76 -37
741-69- 76 -27
平业2平
日4072
HT 3.5
G
54-40-37-06- 76
PH Zb 54
26- 76
HT 11b.11
平2
HT Wa 10062 1007² 10082 10092
28- 76
10102 10112 10122 10132
J29- 76
2A ба.63
HT *11b.1 18.2' 28a.3,b.2' 30.1' 32.12
31- 26
33.1' 34.11 *56a.1' 90.1 93a.41
94a.3' 99a.1' 100.4' 101.3'
102.1' 105.3' 114a.1-2' 121.21
125a.4' 130.2'
HT 89.11
08-31- 76
Al
HT 286.3' 116a.2
50- 76
767-73- 76
J77- 26
HT 54a.3'
...
HT 139,3
256
"bounds: (64,311),(1157,311),(1157,1528),(64,1528)
"76"bounds: (690,311),(729,313),(727,344),(688,342)
"776"bounds: (658,493),(695,493),(695,517),(658,517)
"HT"bounds: (826,499),(841,499),(841,509),(826,509)
"125a.1"bounds: (848,490),(902,490),(902,515),(848,515)
"130.3'"bounds: (920,491),(965,491),(965,516),(920,516)
"B"bounds: (489,501),(496,501),(496,511),(489,511)
"76"bounds: (672,533),(690,533),(690,547),(672,547)
"-02-27"bounds: (700,533),(748,532),(748,542),(700,543)
"ZA"bounds: (826,532),(841,531),(842,542),(827,543)
"106.53"bounds: (853,526),(900,524),(901,543),(854,545)
"IJ-"bounds: (596,560),(673,560),(673,583),(596,583)
"26"bounds: (673,566),(691,566),(691,581),(673,581)
"-37"bounds: (700,566),(722,566),(722,576),(700,576)
"JJ-"bounds: (599,594),(665,595),(665,616),(599,615)
"26"bounds: (673,600),(692,600),(692,615),(673,615)
"-51"bounds: (696,593),(727,594),(726,622),(695,621)
"716-"bounds: (623,629),(664,628),(664,651),(623,652)
"76"bounds: (673,633),(690,633),(690,648),(673,648)
"-37"bounds: (699,634),(722,634),(722,644),(699,644)
"716-"bounds: (624,661),(664,662),(663,684),(623,683)
"76"bounds: (674,667),(692,668),(692,682),(674,681)
"-51"bounds: (700,661),(741,662),(740,686),(699,685)
"HT"bounds: (825,565),(841,564),(841,575),(825,576)
"108.3'"bounds: (853,559),(898,557),(899,576),(854,578)
"HT"bounds: (825,599),(841,598),(842,608),(826,609)
"49a.1!"bounds: (851,593),(897,590),(898,608),(852,611)
"*HT"bounds: (826,627),(850,627),(850,644),(826,644)
"108.3'"bounds: (861,625),(906,624),(906,643),(861,644)
"*iT"bounds: (826,660),(850,660),(850,675),(826,675)
"49a.11"bounds: (860,658),(906,658),(906,676),(860,676)
"16-"bounds: (641,699),(664,699),(664,709),(641,709)
"76"bounds: (675,699),(689,699),(689,709),(675,709)
"-54"bounds: (700,699),(722,699),(722,709),(700,709)
"HT"bounds: (825,698),(842,697),(843,708),(826,709)
"86a.31"bounds: (851,694),(898,691),(899,708),(852,711)
"61-"bounds: (641,732),(664,732),(664,742),(641,742)
"76"bounds: (675,732),(689,732),(689,741),(675,741)
"-07-24"bounds: (699,732),(748,732),(748,742),(699,742)
"HT"bounds: (825,731),(841,729),(842,741),(826,743)
"6a.41"bounds: (851,726),(889,722),(890,739),(853,743)
"O2"bounds: (311,747),(367,748),(367,778),(311,777)
"F"bounds: (362,751),(374,751),(374,772),(362,772)
"ON"bounds: (311,783),(350,783),(350,810),(311,810)
"BC"bounds: (362,781),(391,781),(391,806),(362,806)
"78-"bounds: (642,766),(664,766),(664,776),(642,776)
"76"bounds: (673,766),(690,766),(690,780),(673,780)
"-10"bounds: (700,767),(723,767),(723,776),(700,776)
"HT"bounds: (826,766),(842,766),(842,776),(826,776)
"1.1"bounds: (853,757),(881,757),(881,777),(853,777)
"95a.4-5,b.4-5"bounds: (894,759),(1008,758),(1008,780),(894,781)
"78-"bounds: (642,800),(664,800),(664,809),(642,809)
"76"bounds: (676,800),(689,800),(689,810),(676,810)
"-572"bounds: (700,797),(740,797),(740,812),(700,812)
"HT"bounds: (825,799),(841,798),(842,810),(826,811)
"3.2"bounds: (851,794),(881,792),(882,809),(852,811)
"*ит"bounds: (826,827),(850,827),(850,843),(826,843)
"108.3"bounds: (861,825),(902,825),(902,845),(861,845)
"779-"bounds: (624,829),(664,830),(664,848),(624,847)
"76"bounds: (673,833),(691,833),(691,848),(673,848)
"-37"bounds: (700,833),(723,833),(723,843),(700,843)
"741-69-"bounds: (598,854),(665,856),(664,874),(597,872)
"76"bounds: (676,858),(690,858),(689,875),(675,875)
"-27"bounds: (700,857),(724,858),(723,877),(699,876)
"平"bounds: (279,848),(287,848),(286,871),(278,871)
"业"bounds: (289,848),(334,849),(333,872),(288,871)
"2"bounds: (340,850),(351,850),(350,876),(339,876)
"平"bounds: (359,850),(375,851),(374,879),(358,879)
"日"bounds: (231,879),(263,880),(262,911),(230,910)
"4072"bounds: (265,879),(354,881),(353,913),(264,911)
"HT"bounds: (825,858),(841,856),(842,867),(826,869)
"3.5"bounds: (850,853),(876,851),(878,868),(852,871)
"G"bounds: (488,888),(495,888),(495,898),(488,898)
"54-40-37-06-"bounds: (565,890),(664,892),(664,905),(565,903)
"76"bounds: (675,892),(689,892),(689,902),(675,902)
"PH"bounds: (825,892),(841,891),(842,903),(826,904)
"Zb"bounds: (851,892),(865,891),(866,902),(852,903)
"54"bounds: (876,884),(891,883),(892,902),(877,903)
"26-"bounds: (641,926),(664,926),(664,935),(641,935)
"76"bounds: (676,927),(689,927),(689,935),(676,935)
"HT"bounds: (825,925),(841,924),(842,935),(826,936)
"11b.11"bounds: (852,920),(898,917),(899,936),(853,939)
"平"bounds: (312,942),(325,942),(324,973),(311,973)
"2"bounds: (338,947),(351,947),(350,971),(337,971)
"HT"bounds: (826,959),(841,959),(841,970),(826,970)
"Wa"bounds: (851,959),(867,959),(867,970),(851,970)
"10062"bounds: (878,951),(917,951),(917,970),(878,970)
"1007²"bounds: (929,951),(967,951),(967,970),(929,970)
"10082"bounds: (980,952),(1018,952),(1018,970),(980,970)
"10092"bounds: (1030,952),(1069,952),(1069,970),(1030,970)
"28-"bounds: (641,960),(664,960),(664,969),(641,969)
"76"bounds: (675,960),(689,960),(689,970),(675,970)
"10102"bounds: (878,984),(916,984),(916,1003),(878,1003)
"10112"bounds: (929,985),(967,985),(967,1004),(929,1004)
"10122"bounds: (979,985),(1018,985),(1018,1003),(979,1003)
"10132"bounds: (1030,985),(1069,985),(1069,1004),(1030,1004)
"J29-"bounds: (625,1022),(665,1024),(664,1043),(624,1041)
"76"bounds: (674,1027),(692,1028),(691,1043),(673,1042)
"2A"bounds: (826,1026),(841,1025),(842,1037),(827,1038)
"ба.63"bounds: (851,1021),(891,1019),(892,1037),(852,1039)
"HT"bounds: (826,1060),(842,1060),(842,1070),(826,1070)
"*11b.1"bounds: (848,1050),(902,1050),(902,1075),(848,1075)
"18.2'"bounds: (920,1052),(957,1052),(957,1071),(920,1071)
"28a.3,b.2'"bounds: (971,1053),(1050,1053),(1050,1073),(971,1073)
"30.1'"bounds: (1063,1053),(1101,1053),(1101,1071),(1063,1071)
"32.12"bounds: (1114,1052),(1157,1052),(1157,1071),(1114,1071)
"31-"bounds: (641,1061),(664,1061),(664,1070),(641,1070)
"26"bounds: (675,1061),(689,1061),(689,1070),(675,1070)
"33.1'"bounds: (860,1086),(898,1086),(898,1104),(860,1104)
"34.11"bounds: (911,1086),(949,1086),(949,1104),(911,1104)
"*56a.1'"bounds: (960,1085),(1016,1085),(1016,1104),(960,1104)
"90.1"bounds: (1029,1086),(1067,1086),(1067,1104),(1029,1104)
"93a.41"bounds: (1082,1085),(1128,1085),(1128,1104),(1082,1104)
"94a.3'"bounds: (863,1123),(909,1122),(909,1142),(863,1143)
"99a.1'"bounds: (921,1122),(968,1121),(968,1141),(921,1142)
"100.4'"bounds: (982,1121),(1027,1120),(1027,1141),(982,1142)
"101.3'"bounds: (1041,1120),(1087,1119),(1087,1139),(1041,1140)
"102.1'"bounds: (864,1158),(910,1157),(910,1176),(864,1177)
"105.3'"bounds: (923,1157),(969,1156),(969,1175),(923,1176)
"114a.1-2'"bounds: (982,1155),(1053,1153),(1053,1173),(983,1175)
"121.21"bounds: (1067,1154),(1112,1153),(1113,1173),(1068,1174)
"125a.4'"bounds: (862,1183),(915,1185),(914,1207),(861,1205)
"130.2'"bounds: (929,1186),(974,1188),(973,1213),(928,1211)
"HT"bounds: (823,1223),(846,1221),(848,1243),(825,1245)
"89.11"bounds: (850,1222),(889,1219),(890,1237),(851,1240)
"08-31-"bounds: (615,1228),(664,1229),(664,1239),(615,1238)
"76"bounds: (675,1229),(689,1229),(689,1238),(675,1238)
"Al"bounds: (306,1248),(348,1248),(348,1273),(306,1273)
"HT"bounds: (824,1263),(841,1262),(841,1273),(824,1274)
"286.3'"bounds: (851,1256),(897,1254),(898,1279),(852,1281)
"116a.2"bounds: (907,1253),(961,1251),(962,1277),(908,1279)
"50-"bounds: (641,1263),(664,1263),(664,1273),(641,1273)
"76"bounds: (673,1263),(690,1263),(690,1277),(673,1277)
"767-73-"bounds: (595,1295),(663,1294),(663,1315),(595,1316)
"76"bounds: (670,1290),(689,1290),(689,1315),(670,1315)
"J77-"bounds: (624,1327),(663,1327),(663,1346),(624,1346)
"26"bounds: (671,1324),(690,1324),(690,1349),(671,1349)
"HT"bounds: (824,1297),(841,1296),(841,1307),(824,1308)
"54a.3'"bounds: (851,1291),(897,1289),(898,1307),(852,1309)
"..."bounds: (625,1315),(651,1315),(651,1316),(625,1316)
"HT"bounds: (825,1331),(841,1331),(841,1341),(825,1341)
"139,3"bounds: (850,1324),(892,1323),(892,1345),(850,1346)
"256"bounds: (64,1510),(102,1510),(102,1528),(64,1528)