Texts:

"INTRODUCTION
XXI
Рарарosto-
No d'inven-
lou-Godart-
Date de
Lieu de
GORILA
taire
Olivier
trouvaille
trouvaille
Khania M.
1976
O. Katré
O. Katré
O. Katré
O. Katré
O. Katré
О. Katre
O. Katré
O. Katré
O. Katré
O. Katré
O. Katré
O. Katré
O. Katré
O. Katré
O. Katré
O. Katré
O. Katré
O. Katré
O. Katré
O. Katré
O. Katré
O. Katré
O. Katré
O. Katré
O. Katré
O. Katré
О. Katre
0. Katré
О. Кatre
О. Katre
О. Katre
KH Wc 2040
2040
1973
2040
1973
2041
KH Wc 204l
KH Wc 2042
KH Wc 2043
2041
2042
1973
2042
2043
1973
2043
2044
1973
2044
KH Wc 2044
KH Wc 2045
2045
1973
2045
KH Wc 2046
2046
1973
2046
1073
2047
KH Wc 2047
KH Wc 2048
KH Wc 2049
2047
2048
1973
2048
2049
2050
2049
2050
1973
KH Wc 2050
1973
1973
2051
KH Wc 2051
KH Wc 2052
KH Wc 2053
2051
2052
1973
2052
2053
1973
2053
1973
2054
KH Wc 2054
KH Wc 2055
2054
2055
1973
2055
KH Wc 2056
2056
1973
2056
KH Wc 2057
2057
1973
2057
2058
1973
2058
KH Wc 2058
KH Wc 2059
KH Wc 2060
2059
1973
2059
2060
2061
2060
73
1973
KH Wc 2061
KH We 2062
KH Wc 2063
2061
2062
1973
2062
2063
1973
2063
KH Wc 2064
2064
1973
2064
1973
2065
KH Wc 2065
KH Wc 2066
KH Wc 2067
2065
2066
1973
2066
2067
1973
2067
KH Wc 2068
2068
1973
2068
2069
1973
2069
KH Wc 2069
KH Wc 2070
2070
1973
2070
KH Wc 2084
2084
1973
O. Katré
2084
О. Katre
O. Katré
О. Katre
KH Wc 2097
2097
1973
2097
KH Wc 2098
2098
1974
2098
KH Wc 2099
2099
1974
2099
Katré
О. Кatre
KH Wc 2100
2100
2100
KH Wc 2101
2101
1974
2101
"bounds: (177,188),(957,188),(957,1320),(177,1320)
"INTRODUCTION"bounds: (496,189),(624,188),(624,198),(496,199)
"XXI"bounds: (927,188),(957,188),(957,197),(927,197)
"Рарарosto-"bounds: (493,260),(577,260),(577,274),(493,274)
"No"bounds: (851,263),(888,263),(888,278),(851,278)
"d'inven-"bounds: (890,263),(946,263),(946,279),(890,279)
"lou-Godart-"bounds: (491,280),(578,280),(578,291),(491,291)
"Date"bounds: (619,280),(654,280),(654,290),(619,290)
"de"bounds: (662,280),(678,280),(678,290),(662,290)
"Lieu"bounds: (747,279),(778,279),(778,290),(747,290)
"de"bounds: (787,279),(803,279),(803,289),(787,289)
"GORILA"bounds: (208,288),(263,288),(263,298),(208,298)
"taire"bounds: (884,286),(917,286),(917,296),(884,296)
"Olivier"bounds: (509,300),(560,300),(560,311),(509,311)
"trouvaille"bounds: (612,299),(684,298),(684,310),(612,311)
"trouvaille"bounds: (740,299),(811,299),(811,310),(740,310)
"Khania"bounds: (862,305),(915,305),(915,316),(862,316)
"M."bounds: (925,305),(940,305),(940,317),(925,317)
"1976"bounds: (520,320),(551,319),(551,330),(520,331)
"O."bounds: (741,377),(768,376),(768,394),(741,395)
"Katré"bounds: (764,379),(814,378),(814,392),(764,393)
"O."bounds: (741,400),(768,400),(768,419),(741,419)
"Katré"bounds: (765,403),(814,402),(814,417),(765,418)
"O."bounds: (741,424),(769,424),(769,443),(741,443)
"Katré"bounds: (764,428),(814,428),(814,441),(764,441)
"O."bounds: (741,449),(768,449),(768,468),(741,468)
"Katré"bounds: (765,452),(814,451),(814,466),(765,467)
"O."bounds: (741,473),(768,473),(768,492),(741,492)
"Katré"bounds: (765,476),(814,475),(814,490),(765,491)
"О."bounds: (736,498),(765,497),(765,516),(736,517)
"Katre"bounds: (765,501),(814,500),(814,514),(765,515)
"O."bounds: (741,522),(769,522),(769,541),(741,541)
"Katré"bounds: (765,525),(815,525),(815,539),(765,539)
"O."bounds: (741,546),(769,546),(769,566),(741,566)
"Katré"bounds: (765,550),(815,549),(815,563),(765,564)
"O."bounds: (743,572),(770,572),(770,590),(743,590)
"Katré"bounds: (766,574),(815,573),(815,587),(766,588)
"O."bounds: (741,595),(769,595),(769,614),(741,614)
"Katré"bounds: (766,597),(815,597),(815,612),(766,612)
"O."bounds: (743,619),(770,619),(770,638),(743,638)
"Katré"bounds: (776,619),(818,618),(818,637),(776,638)
"O."bounds: (744,643),(771,642),(771,661),(744,662)
"Katré"bounds: (766,646),(815,645),(815,660),(766,661)
"O."bounds: (743,669),(770,669),(770,687),(743,687)
"Katré"bounds: (766,671),(815,670),(815,684),(766,685)
"O."bounds: (744,692),(771,692),(771,711),(744,711)
"Katré"bounds: (766,695),(816,694),(816,709),(766,710)
"O."bounds: (742,717),(770,717),(770,736),(742,736)
"Katré"bounds: (766,720),(816,720),(816,733),(766,733)
"O."bounds: (744,741),(772,741),(772,760),(744,760)
"Katré"bounds: (767,744),(816,744),(816,758),(767,758)
"O."bounds: (742,766),(772,766),(772,784),(742,784)
"Katré"bounds: (774,766),(816,766),(816,785),(774,785)
"O."bounds: (744,789),(772,789),(772,808),(744,808)
"Katré"bounds: (767,793),(816,793),(816,806),(767,806)
"O."bounds: (745,815),(772,815),(772,833),(745,833)
"Katré"bounds: (767,817),(817,818),(817,832),(767,831)
"O."bounds: (745,840),(772,840),(772,858),(745,858)
"Katré"bounds: (767,842),(817,842),(817,856),(767,856)
"O."bounds: (744,864),(771,864),(771,883),(744,883)
"Katré"bounds: (767,867),(817,866),(817,880),(767,881)
"O."bounds: (745,888),(772,888),(772,907),(745,907)
"Katré"bounds: (767,890),(817,889),(817,904),(767,905)
"O."bounds: (745,913),(772,912),(772,930),(745,931)
"Katré"bounds: (767,915),(817,914),(817,928),(767,929)
"O."bounds: (745,937),(770,937),(770,955),(745,955)
"Katré"bounds: (768,939),(817,939),(817,952),(768,952)
"O."bounds: (745,961),(772,961),(772,979),(745,979)
"Katré"bounds: (768,964),(817,963),(817,977),(768,978)
"O."bounds: (746,985),(773,985),(773,1003),(746,1003)
"Katré"bounds: (768,988),(818,988),(818,1001),(768,1001)
"О."bounds: (740,1010),(769,1010),(769,1028),(740,1028)
"Katre"bounds: (768,1012),(818,1012),(818,1025),(768,1025)
"0."bounds: (747,1034),(774,1034),(774,1051),(747,1051)
"Katré"bounds: (769,1035),(818,1035),(818,1050),(769,1050)
"О."bounds: (740,1058),(769,1058),(769,1076),(740,1076)
"Кatre"bounds: (769,1060),(818,1059),(818,1074),(769,1075)
"О."bounds: (743,1083),(767,1083),(767,1101),(743,1101)
"Katre"bounds: (769,1085),(819,1085),(819,1099),(769,1099)
"О."bounds: (741,1107),(770,1106),(770,1124),(741,1125)
"Katre"bounds: (769,1109),(819,1108),(819,1123),(769,1124)
"KH"bounds: (177,381),(209,381),(209,395),(177,395)
"Wc"bounds: (218,381),(246,381),(246,395),(218,395)
"2040"bounds: (255,380),(295,380),(295,395),(255,395)
"2040"bounds: (514,380),(555,380),(555,394),(514,394)
"1973"bounds: (630,379),(667,379),(667,393),(630,393)
"2040"bounds: (880,378),(920,378),(920,392),(880,392)
"1973"bounds: (629,404),(668,403),(668,417),(629,418)
"2041"bounds: (881,403),(919,403),(919,417),(881,417)
"KH"bounds: (177,405),(209,405),(209,419),(177,419)
"Wc"bounds: (218,405),(246,405),(246,420),(218,420)
"204l"bounds: (255,405),(296,405),(296,420),(255,420)
"KH"bounds: (177,430),(210,430),(210,444),(177,444)
"Wc"bounds: (218,430),(246,430),(246,444),(218,444)
"2042"bounds: (256,429),(296,429),(296,444),(256,444)
"KH"bounds: (177,454),(210,454),(210,468),(177,468)
"Wc"bounds: (218,454),(246,454),(246,469),(218,469)
"2043"bounds: (256,453),(296,453),(296,468),(256,468)
"2041"bounds: (514,405),(552,405),(552,419),(514,419)
"2042"bounds: (514,429),(555,429),(555,443),(514,443)
"1973"bounds: (630,428),(668,427),(668,441),(630,442)
"2042"bounds: (881,427),(921,427),(921,441),(881,441)
"2043"bounds: (515,453),(555,453),(555,467),(515,467)
"1973"bounds: (630,453),(668,453),(668,467),(630,467)
"2043"bounds: (881,452),(921,452),(921,466),(881,466)
"2044"bounds: (515,477),(555,476),(555,491),(515,492)
"1973"bounds: (630,477),(668,477),(668,491),(630,491)
"2044"bounds: (881,476),(921,476),(921,490),(881,490)
"KH"bounds: (177,478),(210,478),(210,492),(177,492)
"Wc"bounds: (218,478),(247,478),(247,493),(218,493)
"2044"bounds: (256,478),(297,478),(297,493),(256,493)
"KH"bounds: (177,503),(210,503),(210,516),(177,516)
"Wc"bounds: (219,503),(247,503),(247,517),(219,517)
"2045"bounds: (256,502),(297,502),(297,516),(256,516)
"2045"bounds: (515,502),(555,502),(555,516),(515,516)
"1973"bounds: (630,501),(668,501),(668,515),(630,515)
"2045"bounds: (881,499),(921,500),(921,515),(881,514)
"KH"bounds: (178,527),(210,527),(210,541),(178,541)
"Wc"bounds: (219,527),(247,527),(247,541),(219,541)
"2046"bounds: (257,527),(297,527),(297,541),(257,541)
"2046"bounds: (515,526),(555,526),(555,540),(515,540)
"1973"bounds: (630,525),(668,524),(668,539),(630,540)
"2046"bounds: (881,525),(921,525),(921,539),(881,539)
"1073"bounds: (631,550),(668,550),(668,564),(631,564)
"2047"bounds: (881,549),(921,549),(921,563),(881,563)
"KH"bounds: (178,551),(210,551),(210,565),(178,565)
"Wc"bounds: (219,551),(247,551),(247,566),(219,566)
"2047"bounds: (257,551),(297,551),(297,566),(257,566)
"KH"bounds: (178,575),(210,575),(210,589),(178,589)
"Wc"bounds: (219,576),(247,576),(247,590),(219,590)
"2048"bounds: (257,575),(297,575),(297,590),(257,590)
"KH"bounds: (178,600),(211,600),(211,614),(178,614)
"Wc"bounds: (219,600),(247,600),(247,614),(219,614)
"2049"bounds: (257,599),(297,599),(297,614),(257,614)
"2047"bounds: (515,551),(555,551),(555,565),(515,565)
"2048"bounds: (515,575),(555,575),(555,589),(515,589)
"1973"bounds: (630,574),(668,574),(668,588),(630,588)
"2048"bounds: (882,574),(922,573),(922,587),(882,588)
"2049"bounds: (515,600),(555,598),(556,613),(516,615)
"2050"bounds: (516,623),(556,623),(556,637),(516,637)
"2049"bounds: (882,597),(922,597),(922,612),(882,612)
"2050"bounds: (882,621),(922,620),(922,635),(882,636)
"1973"bounds: (631,598),(669,597),(669,612),(631,613)
"KH"bounds: (178,624),(211,624),(211,638),(178,638)
"Wc"bounds: (219,624),(248,624),(248,638),(219,638)
"2050"bounds: (257,624),(298,624),(298,638),(257,638)
"1973"bounds: (631,623),(669,623),(669,636),(631,636)
"1973"bounds: (631,647),(669,647),(669,661),(631,661)
"2051"bounds: (882,646),(920,646),(920,660),(882,660)
"KH"bounds: (179,648),(211,648),(211,662),(179,662)
"Wc"bounds: (220,648),(248,648),(248,663),(220,663)
"2051"bounds: (258,648),(297,648),(297,662),(258,662)
"KH"bounds: (179,673),(211,673),(211,686),(179,686)
"Wc"bounds: (220,673),(248,673),(248,687),(220,687)
"2052"bounds: (258,672),(298,672),(298,687),(258,687)
"KH"bounds: (179,697),(211,697),(211,711),(179,711)
"Wc"bounds: (220,697),(248,697),(248,711),(220,711)
"2053"bounds: (258,696),(298,696),(298,711),(258,711)
"2051"bounds: (516,648),(553,648),(553,662),(516,662)
"2052"bounds: (516,672),(556,672),(556,686),(516,686)
"1973"bounds: (631,672),(669,672),(669,685),(631,685)
"2052"bounds: (882,671),(923,671),(923,685),(882,685)
"2053"bounds: (516,696),(556,696),(556,710),(516,710)
"1973"bounds: (631,696),(669,696),(669,710),(631,710)
"2053"bounds: (883,695),(922,695),(922,709),(883,709)
"1973"bounds: (632,720),(669,720),(669,734),(632,734)
"2054"bounds: (882,719),(922,719),(922,734),(882,734)
"KH"bounds: (179,721),(211,721),(211,735),(179,735)
"Wc"bounds: (220,721),(248,721),(248,736),(220,736)
"2054"bounds: (258,721),(298,721),(298,736),(258,736)
"KH"bounds: (179,745),(212,745),(212,759),(179,759)
"Wc"bounds: (220,745),(249,745),(249,760),(220,760)
"2055"bounds: (258,745),(298,745),(298,760),(258,760)
"2054"bounds: (516,721),(556,721),(556,735),(516,735)
"2055"bounds: (516,745),(556,745),(556,759),(516,759)
"1973"bounds: (631,745),(669,745),(669,758),(631,758)
"2055"bounds: (883,744),(923,744),(923,758),(883,758)
"KH"bounds: (179,770),(212,770),(212,784),(179,784)
"Wc"bounds: (221,770),(249,770),(249,784),(221,784)
"2056"bounds: (258,770),(298,770),(298,784),(258,784)
"2056"bounds: (517,769),(557,769),(557,783),(517,783)
"1973"bounds: (632,769),(670,769),(670,783),(632,783)
"2056"bounds: (883,768),(923,768),(923,782),(883,782)
"KH"bounds: (179,793),(212,793),(212,808),(179,808)
"Wc"bounds: (221,794),(249,794),(249,809),(221,809)
"2057"bounds: (258,793),(299,794),(299,810),(258,809)
"2057"bounds: (517,794),(557,794),(557,808),(517,808)
"1973"bounds: (632,793),(670,792),(670,807),(632,808)
"2057"bounds: (883,792),(923,792),(923,807),(883,807)
"2058"bounds: (517,818),(557,818),(557,833),(517,833)
"1973"bounds: (632,818),(670,818),(670,832),(632,832)
"2058"bounds: (883,817),(923,817),(923,831),(883,831)
"KH"bounds: (180,819),(212,819),(212,833),(180,833)
"Wc"bounds: (221,819),(249,819),(249,834),(221,834)
"2058"bounds: (258,819),(299,819),(299,833),(258,833)
"KH"bounds: (180,843),(212,843),(212,857),(180,857)
"Wc"bounds: (221,844),(249,844),(249,858),(221,858)
"2059"bounds: (259,843),(299,843),(299,858),(259,858)
"KH"bounds: (180,868),(212,868),(212,881),(180,881)
"Wc"bounds: (221,868),(249,868),(249,882),(221,882)
"2060"bounds: (259,867),(299,867),(299,882),(259,882)
"2059"bounds: (517,843),(557,843),(557,857),(517,857)
"1973"bounds: (632,842),(670,841),(670,856),(632,857)
"2059"bounds: (883,842),(923,841),(923,855),(883,856)
"2060"bounds: (883,865),(924,864),(924,879),(883,880)
"2061"bounds: (884,888),(922,890),(921,906),(883,904)
"2060"bounds: (517,867),(557,867),(557,881),(517,881)
"73"bounds: (648,867),(670,867),(670,881),(648,881)
"1973"bounds: (633,891),(670,891),(670,905),(633,905)
"KH"bounds: (180,892),(213,892),(213,906),(180,906)
"Wc"bounds: (221,892),(249,892),(249,907),(221,907)
"2061"bounds: (259,892),(299,892),(299,906),(259,906)
"KH"bounds: (180,916),(213,916),(213,930),(180,930)
"We"bounds: (221,916),(250,916),(250,931),(221,931)
"2062"bounds: (259,916),(300,916),(300,931),(259,931)
"KH"bounds: (181,940),(213,940),(213,954),(181,954)
"Wc"bounds: (222,940),(250,940),(250,955),(222,955)
"2063"bounds: (259,940),(300,940),(300,955),(259,955)
"2061"bounds: (517,892),(555,892),(555,906),(517,906)
"2062"bounds: (517,915),(558,916),(558,931),(517,930)
"1973"bounds: (633,915),(671,915),(671,929),(633,929)
"2062"bounds: (884,914),(924,914),(924,929),(884,929)
"2063"bounds: (518,940),(557,940),(557,954),(518,954)
"1973"bounds: (633,939),(671,939),(671,953),(633,953)
"2063"bounds: (884,939),(924,938),(924,952),(884,953)
"KH"bounds: (180,964),(213,964),(213,978),(180,978)
"Wc"bounds: (222,965),(250,965),(250,979),(222,979)
"2064"bounds: (259,964),(300,964),(300,979),(259,979)
"2064"bounds: (518,964),(558,964),(558,978),(518,978)
"1973"bounds: (633,964),(671,964),(671,978),(633,978)
"2064"bounds: (884,963),(924,962),(924,976),(884,977)
"1973"bounds: (633,988),(671,988),(671,1002),(633,1002)
"2065"bounds: (884,987),(924,986),(924,1000),(884,1001)
"KH"bounds: (181,989),(213,989),(213,1003),(181,1003)
"Wc"bounds: (222,990),(250,990),(250,1004),(222,1004)
"2065"bounds: (260,989),(300,989),(300,1004),(260,1004)
"KH"bounds: (181,1013),(213,1013),(213,1027),(181,1027)
"Wc"bounds: (222,1014),(250,1014),(250,1028),(222,1028)
"2066"bounds: (260,1013),(300,1013),(300,1027),(260,1027)
"KH"bounds: (181,1037),(213,1037),(213,1051),(181,1051)
"Wc"bounds: (222,1037),(250,1037),(250,1052),(222,1052)
"2067"bounds: (260,1037),(300,1037),(300,1052),(260,1052)
"2065"bounds: (518,989),(558,989),(558,1002),(518,1002)
"2066"bounds: (518,1013),(558,1013),(558,1027),(518,1027)
"1973"bounds: (633,1013),(671,1013),(671,1026),(633,1026)
"2066"bounds: (885,1012),(925,1011),(925,1025),(885,1026)
"2067"bounds: (518,1037),(558,1037),(558,1051),(518,1051)
"1973"bounds: (633,1037),(671,1037),(671,1051),(633,1051)
"2067"bounds: (885,1036),(924,1036),(924,1050),(885,1050)
"KH"bounds: (181,1061),(214,1061),(214,1075),(181,1075)
"Wc"bounds: (222,1062),(251,1062),(251,1076),(222,1076)
"2068"bounds: (260,1061),(300,1061),(300,1076),(260,1076)
"2068"bounds: (518,1061),(559,1061),(559,1075),(518,1075)
"1973"bounds: (634,1061),(672,1060),(672,1074),(634,1075)
"2068"bounds: (885,1059),(925,1058),(925,1073),(885,1074)
"2069"bounds: (518,1085),(559,1084),(559,1099),(518,1100)
"1973"bounds: (634,1085),(672,1084),(672,1098),(634,1099)
"2069"bounds: (885,1084),(925,1083),(925,1098),(885,1099)
"KH"bounds: (181,1086),(214,1086),(214,1100),(181,1100)
"Wc"bounds: (223,1086),(251,1086),(251,1101),(223,1101)
"2069"bounds: (260,1086),(300,1086),(300,1100),(260,1100)
"KH"bounds: (181,1110),(214,1110),(214,1124),(181,1124)
"Wc"bounds: (223,1110),(251,1110),(251,1125),(223,1125)
"2070"bounds: (260,1110),(301,1110),(301,1125),(260,1125)
"2070"bounds: (519,1110),(559,1109),(559,1124),(519,1125)
"1973"bounds: (634,1109),(672,1108),(672,1123),(634,1124)
"2070"bounds: (885,1109),(926,1108),(926,1122),(885,1123)
"KH"bounds: (182,1159),(214,1159),(214,1173),(182,1173)
"Wc"bounds: (223,1159),(251,1159),(251,1174),(223,1174)
"2084"bounds: (261,1159),(301,1159),(301,1174),(261,1174)
"2084"bounds: (519,1158),(559,1157),(559,1172),(519,1173)
"1973"bounds: (634,1158),(672,1157),(672,1171),(634,1172)
"O."bounds: (747,1156),(774,1156),(774,1174),(747,1174)
"Katré"bounds: (780,1155),(818,1155),(818,1174),(780,1174)
"2084"bounds: (886,1158),(926,1157),(926,1171),(886,1172)
"О."bounds: (739,1202),(766,1202),(766,1221),(739,1221)
"Katre"bounds: (769,1206),(819,1206),(819,1220),(769,1220)
"O."bounds: (748,1227),(775,1227),(775,1246),(748,1246)
"Katré"bounds: (770,1230),(820,1229),(820,1245),(770,1246)
"О."bounds: (742,1252),(771,1252),(771,1270),(742,1270)
"Katre"bounds: (771,1254),(820,1254),(820,1269),(771,1269)
"KH"bounds: (182,1207),(214,1207),(214,1222),(182,1222)
"Wc"bounds: (223,1207),(251,1207),(251,1223),(223,1223)
"2097"bounds: (261,1207),(301,1207),(301,1222),(261,1222)
"2097"bounds: (519,1206),(559,1205),(559,1221),(519,1222)
"1973"bounds: (634,1206),(673,1205),(673,1220),(634,1221)
"2097"bounds: (886,1205),(926,1204),(926,1219),(886,1220)
"KH"bounds: (182,1232),(215,1232),(215,1245),(182,1245)
"Wc"bounds: (224,1232),(252,1232),(252,1246),(224,1246)
"2098"bounds: (261,1231),(302,1231),(302,1246),(261,1246)
"2098"bounds: (520,1232),(560,1231),(560,1245),(520,1246)
"1974"bounds: (635,1231),(673,1231),(673,1245),(635,1245)
"2098"bounds: (886,1230),(926,1229),(926,1243),(886,1244)
"KH"bounds: (182,1256),(215,1256),(215,1270),(182,1270)
"Wc"bounds: (224,1257),(252,1257),(252,1271),(224,1271)
"2099"bounds: (261,1256),(302,1256),(302,1271),(261,1271)
"2099"bounds: (520,1256),(560,1255),(560,1269),(520,1270)
"1974"bounds: (635,1255),(674,1254),(674,1269),(635,1270)
"2099"bounds: (886,1255),(926,1254),(926,1268),(886,1269)
"Katré"bounds: (770,1279),(820,1278),(820,1293),(770,1294)
"О."bounds: (742,1300),(771,1300),(771,1318),(742,1318)
"Кatre"bounds: (771,1303),(820,1303),(820,1318),(771,1318)
"KH"bounds: (183,1281),(215,1281),(215,1294),(183,1294)
"Wc"bounds: (224,1281),(252,1281),(252,1295),(224,1295)
"2100"bounds: (261,1280),(302,1280),(302,1295),(261,1295)
"2100"bounds: (521,1281),(561,1281),(561,1294),(521,1294)
"2100"bounds: (886,1279),(927,1278),(927,1292),(886,1293)
"KH"bounds: (182,1304),(215,1304),(215,1318),(182,1318)
"Wc"bounds: (224,1305),(252,1305),(252,1319),(224,1319)
"2101"bounds: (261,1303),(301,1304),(301,1320),(261,1319)
"2101"bounds: (521,1305),(558,1305),(558,1318),(521,1318)
"1974"bounds: (636,1304),(674,1304),(674,1318),(636,1318)
"2101"bounds: (886,1303),(924,1303),(924,1317),(886,1317)