Texts:

"X
AVANT-PROPOS
REMERCIEMENTS
Dans la Préface de notre « Recueil » nous avons remercié les très
nombreuses personnes qui en ont rendu la réalisation possible. Nous ne
pouvons qu'y renvoyer, sous peine de nous répéter. Nous tenons néanmoins
à insister ici à nouveau sur l'amabilité et la libéralité de M. N. Platon qui,
dès 1972, nous a permis de travailler sur les tablettes de Zakros.
Pour les photographies, elles sont toutes l'euvre des auteurs, à
l'exception de celles des tablettes de Zakros qui sont dues au talent de
Mlles L. Barziotis et I. Ioannidou (sauf ZA 4b).
"bounds: (253,177),(1057,177),(1057,607),(253,607)
"X"bounds: (264,177),(274,177),(274,187),(264,187)
"AVANT-PROPOS"bounds: (595,182),(722,182),(722,192),(595,192)
"REMERCIEMENTS"bounds: (550,310),(770,311),(770,327),(550,326)
"Dans"bounds: (311,365),(362,365),(362,381),(311,381)
"la"bounds: (379,366),(395,366),(395,382),(379,382)
"Préface"bounds: (413,366),(486,367),(486,387),(413,386)
"de"bounds: (503,367),(525,367),(525,383),(503,383)
"notre"bounds: (542,371),(595,372),(595,385),(542,384)
"«"bounds: (612,373),(618,373),(618,384),(612,384)
"Recueil"bounds: (628,368),(703,369),(703,386),(628,385)
"»"bounds: (713,374),(719,374),(719,384),(713,384)
"nous"bounds: (736,376),(782,376),(782,386),(736,386)
"avons"bounds: (799,376),(857,377),(857,387),(799,386)
"remercié"bounds: (875,370),(962,371),(962,388),(875,387)
"les"bounds: (979,372),(1003,372),(1003,388),(979,388)
"très"bounds: (1020,373),(1057,373),(1057,388),(1020,388)
"nombreuses"bounds: (262,395),(382,396),(382,414),(262,413)
"personnes"bounds: (397,403),(498,404),(498,419),(397,418)
"qui"bounds: (513,398),(543,398),(543,419),(513,419)
"en"bounds: (558,405),(580,405),(580,415),(558,415)
"ont"bounds: (595,403),(627,403),(627,415),(595,415)
"rendu"bounds: (641,399),(700,399),(700,416),(641,416)
"la"bounds: (714,400),(730,400),(730,416),(714,416)
"réalisation"bounds: (745,400),(853,401),(853,418),(745,417)
"possible."bounds: (869,401),(954,402),(954,423),(869,422)
"Nous"bounds: (970,403),(1021,403),(1021,419),(970,419)
"ne"bounds: (1036,410),(1057,410),(1057,419),(1036,419)
"pouvons"bounds: (261,432),(347,432),(347,448),(261,448)
"qu'y"bounds: (357,429),(402,429),(402,449),(357,449)
"renvoyer,"bounds: (411,434),(508,434),(508,450),(411,450)
"sous"bounds: (519,435),(560,435),(560,446),(519,446)
"peine"bounds: (570,429),(624,429),(624,451),(570,451)
"de"bounds: (634,430),(655,430),(655,446),(634,446)
"nous"bounds: (665,437),(711,437),(711,447),(665,447)
"répéter."bounds: (721,432),(799,432),(799,453),(721,453)
"Nous"bounds: (810,432),(861,432),(861,449),(810,449)
"tenons"bounds: (870,436),(937,436),(937,449),(870,449)
"néanmoins"bounds: (947,434),(1057,434),(1057,451),(947,451)
"à"bounds: (267,455),(281,455),(281,476),(267,476)
"insister"bounds: (281,456),(356,457),(356,475),(281,474)
"ici"bounds: (365,458),(388,458),(388,474),(365,474)
"à"bounds: (399,459),(408,459),(408,474),(399,474)
"nouveau"bounds: (419,465),(506,466),(506,476),(419,475)
"sur"bounds: (517,467),(548,467),(548,476),(517,476)
"l'amabilité"bounds: (558,460),(668,461),(668,479),(558,478)
"et"bounds: (680,465),(697,465),(697,477),(680,477)
"la"bounds: (708,462),(724,462),(724,478),(708,478)
"libéralité"bounds: (735,462),(827,463),(827,479),(735,478)
"de"bounds: (838,463),(860,463),(860,479),(838,479)
"M."bounds: (871,464),(894,464),(894,480),(871,480)
"N."bounds: (907,464),(928,464),(928,481),(907,481)
"Platon"bounds: (940,464),(1008,465),(1008,482),(940,481)
"qui,"bounds: (1019,465),(1056,465),(1056,484),(1019,484)
"dès"bounds: (253,487),(301,487),(301,509),(253,509)
"1972,"bounds: (304,488),(355,488),(355,509),(304,509)
"nous"bounds: (367,496),(413,496),(413,506),(367,506)
"a"bounds: (425,496),(434,496),(434,506),(425,506)
"permis"bounds: (445,490),(513,490),(513,511),(445,511)
"de"bounds: (525,491),(546,491),(546,507),(525,507)
"travailler"bounds: (557,491),(654,492),(654,509),(557,508)
"sur"bounds: (664,498),(694,498),(694,509),(664,509)
"les"bounds: (705,493),(729,493),(729,509),(705,509)
"tablettes"bounds: (741,493),(830,494),(830,511),(741,510)
"de"bounds: (842,495),(863,495),(863,511),(842,511)
"Zakros."bounds: (875,495),(950,495),(950,511),(875,511)
"Pour"bounds: (310,519),(359,519),(359,536),(310,536)
"les"bounds: (377,520),(402,520),(402,536),(377,536)
"photographies,"bounds: (421,520),(574,521),(574,543),(421,542)
"elles"bounds: (594,522),(636,522),(636,539),(594,539)
"sont"bounds: (655,527),(698,527),(698,539),(655,539)
"toutes"bounds: (716,526),(779,527),(779,541),(716,540)
"l'euvre"bounds: (798,524),(876,525),(876,542),(798,541)
"des"bounds: (895,526),(926,526),(926,542),(895,542)
"auteurs,"bounds: (945,529),(1028,530),(1028,547),(945,546)
"à"bounds: (1048,528),(1056,528),(1056,543),(1048,543)
"l'exception"bounds: (260,549),(373,550),(373,570),(260,569)
"de"bounds: (388,551),(410,551),(410,567),(388,567)
"celles"bounds: (424,552),(477,553),(477,569),(424,568)
"des"bounds: (492,552),(523,552),(523,569),(492,569)
"tablettes"bounds: (537,553),(627,554),(627,570),(537,569)
"de"bounds: (642,554),(663,554),(663,570),(642,570)
"Zakros"bounds: (678,554),(747,555),(747,572),(678,571)
"qui"bounds: (762,555),(793,555),(793,574),(762,574)
"sont"bounds: (807,559),(850,559),(850,572),(807,572)
"dues"bounds: (864,556),(909,556),(909,573),(864,573)
"au"bounds: (923,562),(946,562),(946,573),(923,573)
"talent"bounds: (960,557),(1021,558),(1021,575),(960,574)
"de"bounds: (1035,558),(1057,558),(1057,575),(1035,575)
"Mlles"bounds: (261,579),(310,580),(310,597),(261,596)
"L."bounds: (323,581),(342,581),(342,597),(323,597)
"Barziotis"bounds: (355,580),(446,581),(446,599),(355,598)
"et"bounds: (459,586),(477,586),(477,599),(459,599)
"I."bounds: (490,579),(512,579),(512,602),(490,602)
"Ioannidou"bounds: (519,582),(623,583),(623,601),(519,600)
"(sauf"bounds: (637,584),(686,585),(686,605),(637,604)
"ZA"bounds: (697,584),(730,584),(730,601),(697,601)
"4b)."bounds: (740,584),(777,584),(777,606),(740,606)