Texts:

"332
INSCRIPTIONS EN LINÉAIRE A
GORILA 5 : ADDENDA, CORRIGENDA, CONCORDANCES, INDEX
ET PLANCHES DES SIGNES
I.
ADDENDA ET RACCORDS
1. HAGHIA TRIADA...
13-14
2. HAGHIOS STÉPHANOS.
15-16
3. ΙοUΚTAS . .
17-36
4. КНANIA.
37-48
5. MALLIA..
49-54
6. MILOS.
7. PYRGOS.
8. SYMI...
55-57
58-60
61-68
II.
CORRIGENDA.
69-80
III.
CONCORDANCES
1. CONCORDANCE GÉNÉRALE...
2. CONCORDANCE ARITHMO-SÉMIOGRAPHIQUE A... ..
3. CONCORDANCE ARITHMO-SÉMIOGRAPHIQUE B..
82-113
114-123
124-125
4. CONCORDANCE TYPOLOGIQUE. . .
126-127
5. CONCORDANCE GÉOGRAPHIQUE...
128-129
6. CONCORDANCE MUSÉOGRAPHIQUE.
130-133
IV.
INDEX DES SIGNES.
135-326
V.
PLANCHES DES SIGNES..
327-328
[ЕT МICROFIСHES (1)-(3)]
VI.
TABLE DES MATIÈRES GÉNÉRALE..
329-332
IMPRIMERIE A. BONTEMPS, LIMOGES (FRANCE)- Dépôt légal Septembre 1985 - No IMP. : 2521/83
"bounds: (248,178),(1044,178),(1044,1335),(248,1335)
"332"bounds: (248,178),(278,178),(278,192),(248,192)
"INSCRIPTIONS"bounds: (514,183),(631,183),(631,193),(514,193)
"EN"bounds: (644,184),(665,184),(665,193),(644,193)
"LINÉAIRE"bounds: (678,180),(759,180),(759,193),(678,193)
"A"bounds: (771,185),(781,185),(781,193),(771,193)
"GORILA"bounds: (323,285),(398,286),(398,303),(323,302)
"5"bounds: (412,286),(421,286),(421,302),(412,302)
":"bounds: (436,293),(438,293),(438,302),(436,302)
"ADDENDA,"bounds: (453,286),(561,287),(561,306),(453,305)
"CORRIGENDA,"bounds: (576,292),(711,293),(711,307),(576,306)
"CONCORDANCES,"bounds: (726,292),(891,293),(891,307),(726,306)
"INDEX"bounds: (906,293),(969,293),(969,303),(906,303)
"ET"bounds: (508,324),(531,324),(531,333),(508,333)
"PLANCHES"bounds: (546,324),(646,324),(646,333),(546,333)
"DES"bounds: (661,320),(719,320),(719,334),(661,334)
"SIGNES"bounds: (726,320),(779,320),(779,334),(726,334)
"I."bounds: (279,374),(292,374),(292,390),(279,390)
"ADDENDA"bounds: (352,374),(453,376),(453,393),(352,391)
"ET"bounds: (468,381),(491,381),(491,391),(468,391)
"RACCORDS"bounds: (506,379),(606,381),(606,393),(506,391)
"1."bounds: (365,409),(379,409),(379,426),(365,426)
"HAGHIA"bounds: (397,410),(476,410),(476,426),(397,426)
"TRIADA..."bounds: (487,410),(591,410),(591,426),(487,426)
"13-14"bounds: (988,409),(1043,409),(1043,426),(988,426)
"2."bounds: (364,440),(379,440),(379,457),(364,457)
"HAGHIOS"bounds: (396,441),(486,441),(486,457),(396,457)
"STÉPHANOS."bounds: (500,440),(623,440),(623,457),(500,457)
"15-16"bounds: (989,439),(1044,441),(1043,459),(988,457)
"3."bounds: (361,468),(388,469),(387,488),(360,487)
"ΙοUΚTAS"bounds: (397,472),(483,476),(482,492),(396,488)
"."bounds: (488,486),(490,486),(490,488),(488,488)
"."bounds: (499,486),(500,486),(500,489),(499,489)
"17-36"bounds: (989,471),(1043,471),(1043,488),(989,488)
"4."bounds: (365,502),(381,503),(380,520),(364,519)
"КНANIA."bounds: (397,502),(486,506),(485,523),(396,519)
"37-48"bounds: (988,502),(1044,503),(1044,521),(988,520)
"5."bounds: (364,532),(380,533),(379,551),(363,550)
"MALLIA.."bounds: (395,533),(490,536),(489,553),(394,550)
"49-54"bounds: (988,533),(1044,533),(1044,551),(988,551)
"6."bounds: (352,560),(401,562),(400,584),(351,582)
"MILOS."bounds: (407,561),(473,563),(472,586),(406,584)
"7."bounds: (358,592),(401,593),(400,615),(357,614)
"PYRGOS."bounds: (403,593),(485,595),(484,618),(402,616)
"8."bounds: (350,623),(393,624),(392,646),(349,645)
"SYMI..."bounds: (394,626),(473,628),(473,645),(394,643)
"55-57"bounds: (988,564),(1043,564),(1043,582),(988,582)
"58-60"bounds: (989,596),(1044,596),(1044,613),(989,613)
"61-68"bounds: (989,626),(1044,626),(1044,644),(989,644)
"II."bounds: (266,681),(295,681),(295,703),(266,703)
"CORRIGENDA."bounds: (351,684),(490,688),(489,705),(351,701)
"69-80"bounds: (989,685),(1044,685),(1044,702),(989,702)
"III."bounds: (253,739),(295,739),(295,762),(253,762)
"CONCORDANCES"bounds: (351,741),(510,745),(510,762),(351,758)
"1."bounds: (358,777),(387,777),(387,799),(358,799)
"CONCORDANCE"bounds: (395,777),(543,777),(543,794),(395,794)
"GÉNÉRALE..."bounds: (559,779),(693,779),(693,795),(559,795)
"2."bounds: (363,809),(379,809),(379,825),(363,825)
"CONCORDANCE"bounds: (395,809),(543,809),(543,825),(395,825)
"ARITHMO-SÉMIOGRAPHIQUE"bounds: (559,810),(836,810),(836,829),(559,829)
"A..."bounds: (851,809),(901,809),(901,828),(851,828)
".."bounds: (903,809),(922,809),(922,828),(903,828)
"3."bounds: (364,840),(379,840),(379,856),(364,856)
"CONCORDANCE"bounds: (395,840),(543,840),(543,856),(395,856)
"ARITHMO-SÉMIOGRAPHIQUE"bounds: (559,841),(836,841),(836,860),(559,860)
"B.."bounds: (850,840),(884,840),(884,857),(850,857)
"82-113"bounds: (976,777),(1043,777),(1043,795),(976,795)
"114-123"bounds: (965,808),(1043,808),(1043,825),(965,825)
"124-125"bounds: (964,840),(1043,840),(1043,857),(964,857)
"4."bounds: (363,870),(379,870),(379,887),(363,887)
"CONCORDANCE"bounds: (395,871),(544,873),(544,890),(395,888)
"TYPOLOGIQUE."bounds: (559,875),(705,877),(705,891),(559,889)
"."bounds: (714,885),(716,885),(716,887),(714,887)
"."bounds: (736,886),(738,886),(738,888),(736,888)
"126-127"bounds: (964,870),(1043,870),(1043,888),(964,888)
"5."bounds: (364,901),(379,901),(379,918),(364,918)
"CONCORDANCE"bounds: (395,901),(543,902),(543,920),(395,919)
"GÉOGRAPHIQUE..."bounds: (559,903),(743,904),(743,922),(559,921)
"128-129"bounds: (964,902),(1044,901),(1044,919),(964,920)
"6."bounds: (363,932),(379,932),(379,949),(363,949)
"CONCORDANCE"bounds: (395,932),(543,933),(543,951),(395,950)
"MUSÉOGRAPHIQUE."bounds: (559,934),(750,935),(750,953),(559,952)
"130-133"bounds: (964,933),(1043,933),(1043,950),(964,950)
"IV."bounds: (260,990),(290,990),(290,1007),(260,1007)
"INDEX"bounds: (353,990),(418,992),(418,1008),(353,1006)
"DES"bounds: (433,996),(469,997),(469,1008),(433,1007)
"SIGNES."bounds: (485,996),(560,998),(560,1009),(485,1007)
"135-326"bounds: (964,991),(1044,991),(1044,1008),(964,1008)
"V."bounds: (269,1048),(290,1048),(290,1066),(269,1066)
"PLANCHES"bounds: (352,1048),(457,1050),(457,1067),(352,1065)
"DES"bounds: (473,1054),(509,1055),(509,1067),(473,1066)
"SIGNES.."bounds: (525,1054),(615,1056),(615,1068),(525,1066)
"327-328"bounds: (964,1048),(1044,1049),(1044,1068),(964,1067)
"[ЕT"bounds: (753,1080),(817,1080),(817,1103),(753,1103)
"МICROFIСHES"bounds: (815,1088),(948,1088),(948,1098),(815,1098)
"(1)-(3)]"bounds: (965,1081),(1041,1081),(1041,1103),(965,1103)
"VI."bounds: (264,1133),(296,1133),(296,1156),(264,1156)
"TABLE"bounds: (352,1138),(418,1138),(418,1154),(352,1154)
"DES"bounds: (434,1144),(470,1144),(470,1155),(434,1155)
"MATIÈRES"bounds: (486,1140),(585,1140),(585,1155),(486,1155)
"GÉNÉRALE.."bounds: (601,1140),(725,1140),(725,1155),(601,1155)
"329-332"bounds: (963,1137),(1043,1139),(1043,1158),(963,1156)
"IMPRIMERIE"bounds: (317,1317),(386,1317),(386,1332),(317,1332)
"A."bounds: (393,1317),(407,1317),(407,1332),(393,1332)
"BONTEMPS,"bounds: (415,1321),(478,1321),(478,1333),(415,1333)
"LIMOGES"bounds: (487,1321),(536,1321),(536,1331),(487,1331)
"(FRANCE)-"bounds: (545,1321),(621,1321),(621,1334),(545,1334)
"Dépôt"bounds: (633,1319),(674,1319),(674,1334),(633,1334)
"légal"bounds: (675,1322),(705,1322),(705,1334),(675,1334)
"Septembre"bounds: (726,1322),(796,1322),(796,1335),(726,1335)
"1985"bounds: (806,1323),(830,1323),(830,1333),(806,1333)
"-"bounds: (838,1329),(851,1329),(851,1330),(838,1330)
"No"bounds: (859,1323),(875,1323),(875,1333),(859,1333)
"IMP."bounds: (885,1323),(909,1323),(909,1333),(885,1333)
":"bounds: (921,1320),(930,1320),(930,1335),(921,1335)
"2521/83"bounds: (931,1323),(976,1323),(976,1335),(931,1335)