Texts:

"HT 46 a
HT 46 b
HM48-[4,40][4,20]x o,80 cwm.
88
"bounds: (59,49),(1192,49),(1192,1510),(59,1510)
"HT"bounds: (69,49),(103,50),(103,68),(69,67)
"46"bounds: (115,50),(139,51),(139,67),(115,66)
"a"bounds: (148,56),(159,56),(159,67),(148,67)
"HT"bounds: (1100,61),(1135,61),(1135,77),(1100,77)
"46"bounds: (1146,61),(1171,61),(1171,77),(1146,77)
"b"bounds: (1180,60),(1192,60),(1192,78),(1180,78)
"HM48-[4,40][4,20]x"bounds: (233,1156),(418,1159),(418,1179),(233,1176)
"o,80"bounds: (426,1159),(457,1159),(457,1178),(426,1178)
"cwm."bounds: (459,1159),(484,1159),(484,1178),(459,1178)
"88"bounds: (59,1493),(82,1493),(82,1510),(59,1510)