Texts:

"56
09-31- 56
PH 2.41
745- 56
*HT 11b.11
81-56- 56
HT 88.41
目位NC
PH 28а.2
57-67- 56 /
НГ 33.41
11
A 537
H
'56''78'
A 577 Фи
НГ 93а,
'120''56'
227
OH E
"bounds: (156,99),(1154,99),(1154,1535),(156,1535)
"56"bounds: (1045,99),(1062,99),(1062,113),(1045,113)
"09-31-"bounds: (509,171),(558,172),(558,183),(509,182)
"56"bounds: (569,171),(583,171),(583,185),(569,185)
"PH"bounds: (709,172),(726,170),(727,181),(710,183)
"2.41"bounds: (736,166),(766,163),(768,181),(738,184)
"745-"bounds: (516,202),(557,201),(558,224),(517,225)
"56"bounds: (568,206),(583,206),(583,224),(568,224)
"*HT"bounds: (710,200),(735,200),(735,217),(710,217)
"11b.11"bounds: (746,198),(791,198),(791,217),(746,217)
"81-56-"bounds: (509,239),(558,240),(558,252),(509,251)
"56"bounds: (568,240),(583,240),(583,250),(568,250)
"HT"bounds: (709,238),(726,237),(727,250),(710,251)
"88.41"bounds: (735,234),(774,232),(775,250),(736,252)
"目"bounds: (170,259),(201,259),(201,292),(170,292)
"位"bounds: (203,259),(223,259),(223,292),(203,292)
"NC"bounds: (226,261),(252,261),(252,287),(226,287)
"PH"bounds: (704,269),(739,268),(739,285),(704,286)
"28а.2"bounds: (741,268),(775,268),(775,285),(741,285)
"57-67-"bounds: (509,272),(558,273),(558,284),(509,283)
"56"bounds: (568,273),(584,273),(584,287),(568,287)
"/"bounds: (593,273),(600,273),(600,288),(593,288)
"НГ"bounds: (709,341),(726,340),(727,352),(710,353)
"33.41"bounds: (735,335),(774,333),(775,351),(736,354)
"11"bounds: (770,367),(782,367),(782,386),(770,386)
"A"bounds: (156,340),(163,340),(163,355),(156,355)
"537"bounds: (164,341),(186,341),(186,354),(164,354)
"H"bounds: (373,341),(380,341),(380,351),(373,351)
"'56''78'"bounds: (562,340),(623,339),(623,352),(562,353)
"A"bounds: (157,372),(168,371),(169,390),(158,391)
"577"bounds: (170,371),(188,370),(189,390),(171,391)
"Фи"bounds: (215,369),(234,368),(235,387),(216,388)
"НГ"bounds: (705,371),(741,370),(741,387),(705,388)
"93а,"bounds: (743,369),(768,368),(768,386),(743,387)
"'120''56'"bounds: (520,376),(590,375),(590,386),(520,387)
"227"bounds: (1117,1517),(1154,1517),(1154,1535),(1117,1535)
"OH"bounds: (240,334),(239,357),(221,356),(222,333)
"E"bounds: (235,368),(234,391),(214,390),(215,367)