Texts:

"AUTRES DOCUMENTS
I. Za INSCRIPTIONS SUR VASES DE PIERRE
1. APODOULOU
"bounds: (299,72),(881,72),(881,748),(299,748)
"AUTRES"bounds: (435,72),(545,72),(545,93),(435,93)
"DOCUMENTS"bounds: (563,72),(736,72),(736,93),(563,93)
"I."bounds: (299,373),(330,373),(330,395),(299,395)
"Za"bounds: (330,376),(357,376),(357,392),(330,392)
"INSCRIPTIONS"bounds: (371,374),(558,372),(558,390),(371,392)
"SUR"bounds: (574,372),(623,371),(623,388),(574,389)
"VASES"bounds: (638,371),(719,370),(719,389),(638,390)
"DE"bounds: (735,370),(769,370),(769,387),(735,387)
"PIERRE"bounds: (785,369),(881,368),(881,386),(785,387)
"1."bounds: (432,709),(482,708),(482,747),(432,748)
"APODOULOU"bounds: (488,714),(744,711),(744,740),(488,743)