Texts:

"INSCRIPTIONS EN LINÉAIRE A
Wa 1337
Wa 1338
Wa 1339
HM 442. 14
HM 442. 15
HM 442.16
Wa 1340
Wa 1341
Wa 1342
HM 442,17
HM 442.18
HM 442.19
Wa 1343
Wa 1344
Wa 1345
HM 442.20
HM 442.21
HM 442.22
Wa 1346
Wa 1347
Wa 1348
HM 442. 23
HM 442. 24
HM 442.25
Wa 1349
Wa 1350
Wa 1351
HM 442.26
HM 442.27
HM 442.28
32
"bounds: (80,65),(1175,65),(1175,1515),(80,1515)
"INSCRIPTIONS"bounds: (515,67),(640,67),(640,79),(515,79)
"EN"bounds: (651,68),(673,68),(673,79),(651,79)
"LINÉAIRE"bounds: (684,65),(769,65),(769,79),(684,79)
"A"bounds: (779,69),(789,69),(789,79),(779,79)
"Wa"bounds: (242,146),(273,146),(273,160),(242,160)
"1337"bounds: (288,145),(328,145),(328,161),(288,161)
"Wa"bounds: (610,147),(641,147),(641,161),(610,161)
"1338"bounds: (655,147),(696,147),(696,161),(655,161)
"Wa"bounds: (972,149),(1003,149),(1003,163),(972,163)
"1339"bounds: (1018,148),(1059,147),(1059,161),(1018,162)
"HM"bounds: (345,339),(373,341),(372,355),(344,353)
"442."bounds: (385,341),(424,343),(423,356),(384,354)
"14"bounds: (433,344),(450,345),(449,359),(432,358)
"HM"bounds: (719,352),(742,352),(742,363),(719,363)
"442."bounds: (754,351),(794,351),(794,364),(754,364)
"15"bounds: (803,353),(821,353),(821,365),(803,365)
"HM"bounds: (1060,350),(1085,350),(1085,364),(1060,364)
"442.16"bounds: (1095,350),(1166,351),(1166,366),(1095,365)
"Wa"bounds: (242,414),(273,414),(273,429),(242,429)
"1340"bounds: (288,415),(328,415),(328,430),(288,430)
"Wa"bounds: (613,415),(644,415),(644,429),(613,429)
"1341"bounds: (658,415),(698,415),(698,430),(658,430)
"Wa"bounds: (977,416),(1008,417),(1008,431),(977,430)
"1342"bounds: (1022,415),(1063,416),(1063,431),(1022,430)
"HM"bounds: (355,618),(379,618),(379,630),(355,630)
"442,17"bounds: (389,618),(452,618),(452,631),(389,631)
"HM"bounds: (703,617),(731,617),(731,630),(703,630)
"442.18"bounds: (744,616),(823,616),(823,630),(744,630)
"HM"bounds: (1065,619),(1090,619),(1090,630),(1065,630)
"442.19"bounds: (1100,619),(1168,620),(1168,632),(1100,631)
"Wa"bounds: (245,683),(276,683),(276,696),(245,696)
"1343"bounds: (291,682),(331,682),(331,697),(291,697)
"Wa"bounds: (612,686),(643,686),(643,699),(612,699)
"1344"bounds: (658,686),(698,686),(698,700),(658,700)
"Wa"bounds: (974,687),(1005,687),(1005,701),(974,701)
"1345"bounds: (1020,687),(1060,687),(1060,701),(1020,701)
"HM"bounds: (358,884),(385,885),(385,898),(358,897)
"442.20"bounds: (397,884),(467,886),(467,900),(397,898)
"HM"bounds: (708,898),(733,898),(733,909),(708,909)
"442.21"bounds: (745,896),(808,895),(808,908),(745,909)
"HM"bounds: (1076,896),(1101,896),(1101,909),(1076,909)
"442.22"bounds: (1110,895),(1175,895),(1175,909),(1110,909)
"Wa"bounds: (244,954),(275,955),(275,970),(244,969)
"1346"bounds: (290,954),(331,955),(331,971),(290,970)
"Wa"bounds: (615,957),(646,958),(646,972),(615,971)
"1347"bounds: (660,958),(701,959),(701,974),(660,973)
"Wa"bounds: (978,956),(1009,956),(1009,970),(978,970)
"1348"bounds: (1024,955),(1064,955),(1064,970),(1024,970)
"HM"bounds: (344,1165),(367,1165),(367,1178),(344,1178)
"442."bounds: (382,1162),(420,1162),(420,1177),(382,1177)
"23"bounds: (427,1164),(443,1164),(443,1177),(427,1177)
"HM"bounds: (711,1166),(736,1166),(736,1179),(711,1179)
"442."bounds: (751,1165),(793,1165),(793,1180),(751,1180)
"24"bounds: (803,1166),(820,1166),(820,1180),(803,1180)
"HM"bounds: (1052,1162),(1074,1162),(1074,1175),(1052,1175)
"442.25"bounds: (1086,1161),(1148,1160),(1148,1172),(1086,1173)
"Wa"bounds: (247,1227),(278,1227),(278,1241),(247,1241)
"1349"bounds: (292,1227),(333,1227),(333,1242),(292,1242)
"Wa"bounds: (617,1229),(648,1229),(648,1243),(617,1243)
"1350"bounds: (663,1229),(704,1229),(704,1243),(663,1243)
"Wa"bounds: (978,1230),(1009,1230),(1009,1245),(978,1245)
"1351"bounds: (1023,1230),(1062,1230),(1062,1245),(1023,1245)
"HM"bounds: (356,1430),(383,1430),(383,1442),(356,1442)
"442.26"bounds: (393,1430),(459,1430),(459,1444),(393,1444)
"HM"bounds: (715,1426),(741,1426),(741,1440),(715,1440)
"442.27"bounds: (753,1427),(815,1428),(815,1442),(753,1441)
"HM"bounds: (1064,1429),(1090,1429),(1090,1442),(1064,1442)
"442.28"bounds: (1101,1429),(1165,1430),(1165,1444),(1101,1443)
"32"bounds: (80,1498),(103,1498),(103,1515),(80,1515)