Texts:

"KH 90
sup. mut.
.1 [1-8C
.3
Ivear[
inf. mut.
.1 races à droite.
.2 ! improbable.
КН 90
Sup. mut.
.1
Jvear I
.3
inf. mut.
43
"bounds: (142,169),(1155,169),(1155,1537),(142,1537)
"KH"bounds: (338,169),(390,169),(390,199),(338,199)
"90"bounds: (416,170),(467,170),(467,198),(416,198)
"sup."bounds: (598,200),(682,194),(684,232),(601,238)
"mut."bounds: (685,195),(752,190),(754,227),(688,232)
".1"bounds: (481,315),(518,312),(520,341),(483,344)
"[1-8C"bounds: (568,297),(707,287),(710,336),(571,346)
".3"bounds: (485,556),(519,556),(519,582),(485,582)
"Ivear["bounds: (672,536),(767,534),(768,585),(673,587)
"inf."bounds: (608,648),(672,642),(675,679),(611,685)
"mut."bounds: (691,646),(757,640),(759,663),(693,669)
".1"bounds: (567,721),(624,722),(624,756),(567,755)
"races"bounds: (626,721),(729,722),(729,755),(626,754)
"à"bounds: (742,729),(761,729),(761,751),(742,751)
"droite."bounds: (774,728),(862,729),(862,753),(774,752)
".2"bounds: (576,788),(611,789),(610,814),(575,813)
"!"bounds: (640,780),(683,781),(682,820),(639,819)
"improbable."bounds: (714,781),(885,785),(884,829),(713,825)
"КН"bounds: (142,916),(230,916),(230,953),(142,953)
"90"bounds: (232,916),(262,916),(262,953),(232,953)
"Sup."bounds: (427,989),(491,984),(493,1013),(430,1019)
"mut."bounds: (495,983),(564,977),(566,1005),(497,1011)
".1"bounds: (225,1100),(254,1100),(254,1124),(225,1124)
"Jvear"bounds: (682,1301),(763,1300),(764,1363),(683,1364)
"I"bounds: (773,1298),(793,1298),(793,1354),(773,1354)
".3"bounds: (228,1331),(256,1331),(256,1360),(228,1360)
"inf."bounds: (431,1425),(519,1418),(522,1457),(434,1464)
"mut."bounds: (521,1417),(599,1411),(602,1451),(524,1457)
"43"bounds: (1132,1519),(1155,1519),(1155,1537),(1132,1537)