Texts:

"303
A [4_7
HT 23a.1,b.1 27a.8 30.1.4 35.2' 89.5'
94a.3.4.5' 99a.1 100.41 106.11 112b.1'
130. 2.5' wc 3015b2
KH 4.23 6.83 8.33 9.4.53 11.1.33 14.2.23
303
16.1 21.1 22.23 *27[. 213 29.3 84.13
86.13
PH la.2'
KH 2.2° 5.4 6.43 11[.4]3 12.13 14.33 15.13
*16.33 23.23 35.23 57.33 58.2.5 61.43
75.2 76.2 773 86.2.33
7303
B.
A 533
平产
H/J
'41''303'
KH 11.63
A 543
'66''303'
KH 60.2
A 624
303 'D
HT Wc *3015|[a]? < 30187b?
KH 6.1.3.4.5.6.75 7a.1.3.4.5,b.2.33 8.23
9.33 16.23 33.13 38.23
HT Wc 3017b2
HT 12.5' 110a.2'
A 625
'303 'D''304+03'
A 626
303 'E'
KH 5.23 7a.23 11.2.43 14.13 20.2.43 22.13
34.13 54.13 58.3.43
A 627
KH 7h.3
303 'K'
A 630
今后
HT Wc 3016h2 3020h2
'304+03''303 'D'"
A 632
'304 7'303'
KH 13.3
A 633
*304 7 303 7'
KH 85.35
A 636 5 5
KH 2.2주
'306''303 'E'
A 647
'348' '303'
KH 11,33
286
"bounds: (64,316),(1161,316),(1161,1527),(64,1527)
"303"bounds: (670,317),(733,316),(733,347),(670,348)
"A"bounds: (433,485),(448,485),(448,512),(433,512)
"[4_7"bounds: (448,488),(487,488),(487,507),(448,507)
"HT"bounds: (801,495),(816,495),(816,506),(801,506)
"23a.1,b.1"bounds: (824,489),(902,489),(902,511),(824,511)
"27a.8"bounds: (916,488),(959,488),(959,511),(916,511)
"30.1.4"bounds: (977,488),(1028,488),(1028,510),(977,510)
"35.2'"bounds: (1046,489),(1084,489),(1084,508),(1046,508)
"89.5'"bounds: (1097,489),(1135,489),(1135,508),(1097,508)
"94a.3.4.5'"bounds: (826,522),(906,522),(906,546),(826,546)
"99a.1"bounds: (915,521),(962,521),(962,546),(915,546)
"100.41"bounds: (979,522),(1025,522),(1025,541),(979,541)
"106.11"bounds: (1039,523),(1084,523),(1084,541),(1039,541)
"112b.1'"bounds: (1098,523),(1152,523),(1152,542),(1098,542)
"130."bounds: (827,562),(855,561),(855,573),(827,574)
"2.5'"bounds: (860,556),(889,555),(889,573),(860,574)
"wc"bounds: (902,563),(917,563),(917,574),(902,574)
"3015b2"bounds: (927,557),(976,556),(976,574),(927,575)
"KH"bounds: (801,596),(815,596),(815,606),(801,606)
"4.23"bounds: (826,588),(857,588),(857,606),(826,606)
"6.83"bounds: (868,589),(899,589),(899,606),(868,606)
"8.33"bounds: (910,589),(941,589),(941,607),(910,607)
"9.4.53"bounds: (953,590),(1000,590),(1000,607),(953,607)
"11.1.33"bounds: (1013,590),(1068,590),(1068,608),(1013,608)
"14.2.23"bounds: (1081,590),(1136,590),(1136,608),(1081,608)
"303"bounds: (616,496),(639,496),(639,506),(616,506)
"16.1"bounds: (817,620),(858,620),(858,647),(817,647)
"21.1"bounds: (874,620),(910,620),(910,648),(874,648)
"22.23"bounds: (928,622),(967,622),(967,641),(928,641)
"*27[."bounds: (973,621),(1017,621),(1017,648),(973,648)
"213"bounds: (1019,621),(1049,621),(1049,648),(1019,648)
"29.3"bounds: (1051,622),(1087,622),(1087,649),(1051,649)
"84.13"bounds: (1105,623),(1144,623),(1144,649),(1105,649)
"86.13"bounds: (825,655),(865,655),(865,674),(825,674)
"PH"bounds: (800,697),(815,696),(816,707),(801,708)
"la.2'"bounds: (827,692),(864,689),(865,707),(829,710)
"KH"bounds: (800,737),(815,737),(815,747),(800,747)
"2.2°"bounds: (826,729),(856,729),(856,755),(826,755)
"5.4"bounds: (865,728),(891,728),(891,755),(865,755)
"6.43"bounds: (910,729),(941,729),(941,749),(910,749)
"11[.4]3"bounds: (953,730),(1009,730),(1009,751),(953,751)
"12.13"bounds: (1021,730),(1059,730),(1059,749),(1021,749)
"14.33"bounds: (1072,731),(1110,731),(1110,750),(1072,750)
"15.13"bounds: (1122,731),(1161,731),(1161,751),(1122,751)
"*16.33"bounds: (825,763),(873,764),(873,790),(825,789)
"23.23"bounds: (885,764),(924,765),(924,784),(885,783)
"35.23"bounds: (935,765),(975,766),(975,785),(935,784)
"57.33"bounds: (987,766),(1025,767),(1025,786),(987,785)
"58.2.5"bounds: (1031,764),(1085,765),(1085,792),(1031,791)
"61.43"bounds: (1104,766),(1144,767),(1144,793),(1104,792)
"75.2"bounds: (825,798),(865,798),(865,816),(825,816)
"76.2"bounds: (877,798),(907,798),(907,821),(877,821)
"773"bounds: (927,798),(949,798),(949,816),(927,816)
"86.2.33"bounds: (960,799),(1016,799),(1016,817),(960,817)
"7303"bounds: (601,728),(639,730),(638,754),(600,752)
"B."bounds: (429,734),(436,734),(436,745),(429,745)
"A"bounds: (200,864),(209,864),(209,879),(200,879)
"533"bounds: (213,866),(234,866),(234,877),(213,877)
"平"bounds: (270,861),(290,860),(291,880),(271,881)
"产"bounds: (296,857),(309,857),(310,879),(297,879)
"H/J"bounds: (428,867),(452,867),(452,881),(428,881)
"'41''303'"bounds: (575,872),(644,872),(644,882),(575,882)
"KH"bounds: (799,873),(814,872),(815,884),(800,885)
"11.63"bounds: (826,868),(864,865),(865,884),(827,887)
"A"bounds: (202,898),(210,898),(210,913),(202,913)
"543"bounds: (213,900),(235,900),(235,911),(213,911)
"'66''303'"bounds: (575,905),(644,906),(644,918),(575,917)
"KH"bounds: (798,906),(813,905),(813,917),(798,918)
"60.2"bounds: (823,902),(863,900),(864,917),(824,919)
"A"bounds: (198,930),(208,930),(208,946),(198,946)
"624"bounds: (212,933),(235,933),(235,944),(212,944)
"303"bounds: (613,941),(635,941),(635,950),(613,950)
"'D"bounds: (650,936),(665,936),(665,949),(650,949)
"HT"bounds: (798,941),(813,941),(813,952),(798,952)
"Wc"bounds: (824,941),(838,941),(838,951),(824,951)
"*3015|[a]?"bounds: (849,935),(922,934),(922,954),(849,955)
"<"bounds: (931,942),(937,942),(937,952),(931,952)
"30187b?"bounds: (942,935),(998,934),(998,953),(942,954)
"KH"bounds: (798,975),(813,975),(813,985),(798,985)
"6.1.3.4.5.6.75"bounds: (823,969),(939,968),(939,992),(823,993)
"7a.1.3.4.5,b.2.33"bounds: (950,970),(1091,969),(1091,990),(950,991)
"8.23"bounds: (1102,970),(1133,970),(1133,988),(1102,988)
"9.33"bounds: (824,1001),(855,1001),(855,1019),(824,1019)
"16.23"bounds: (867,1001),(905,1001),(905,1019),(867,1019)
"33.13"bounds: (916,1002),(956,1002),(956,1020),(916,1020)
"38.23"bounds: (967,1002),(1006,1002),(1006,1020),(967,1020)
"HT"bounds: (796,1034),(813,1033),(813,1044),(796,1045)
"Wc"bounds: (822,1033),(837,1032),(837,1044),(822,1045)
"3017b2"bounds: (847,1028),(896,1026),(897,1044),(848,1046)
"HT"bounds: (797,1067),(812,1067),(812,1077),(797,1077)
"12.5'"bounds: (824,1059),(860,1059),(860,1078),(824,1078)
"110a.2'"bounds: (875,1060),(928,1060),(928,1078),(875,1078)
"A"bounds: (205,1023),(213,1023),(213,1038),(205,1038)
"625"bounds: (211,1026),(234,1027),(234,1038),(211,1037)
"'303"bounds: (607,1032),(635,1032),(635,1043),(607,1043)
"'D''304+03'"bounds: (649,1031),(744,1032),(744,1044),(649,1043)
"A"bounds: (201,1056),(209,1056),(209,1071),(201,1071)
"626"bounds: (210,1059),(233,1059),(233,1071),(210,1071)
"303"bounds: (611,1067),(635,1066),(635,1076),(612,1077)
"'E'"bounds: (648,1066),(668,1065),(669,1075),(649,1076)
"KH"bounds: (797,1100),(813,1100),(813,1111),(797,1111)
"5.23"bounds: (823,1092),(854,1092),(854,1111),(823,1111)
"7a.23"bounds: (866,1093),(905,1093),(905,1112),(866,1112)
"11.2.43"bounds: (916,1093),(972,1093),(972,1112),(916,1112)
"14.13"bounds: (985,1094),(1022,1094),(1022,1113),(985,1113)
"20.2.43"bounds: (1034,1094),(1090,1094),(1090,1119),(1034,1119)
"22.13"bounds: (1102,1095),(1141,1095),(1141,1114),(1102,1114)
"34.13"bounds: (822,1127),(862,1126),(862,1149),(822,1150)
"54.13"bounds: (873,1128),(912,1127),(912,1144),(873,1145)
"58.3.43"bounds: (924,1128),(980,1127),(980,1146),(924,1147)
"A"bounds: (202,1158),(210,1158),(210,1173),(202,1173)
"627"bounds: (209,1159),(232,1159),(232,1171),(209,1171)
"KH"bounds: (796,1168),(812,1168),(812,1178),(796,1178)
"7h.3"bounds: (821,1163),(853,1163),(853,1181),(821,1181)
"303"bounds: (612,1168),(634,1168),(634,1177),(612,1177)
"'K'"bounds: (648,1167),(667,1167),(667,1177),(648,1177)
"A"bounds: (201,1191),(210,1191),(210,1207),(201,1207)
"630"bounds: (209,1193),(232,1193),(232,1204),(209,1204)
"今后"bounds: (272,1183),(310,1183),(310,1211),(272,1211)
"HT"bounds: (795,1202),(811,1202),(811,1213),(795,1213)
"Wc"bounds: (821,1202),(836,1202),(836,1213),(821,1213)
"3016h2"bounds: (846,1195),(895,1194),(895,1213),(846,1214)
"3020h2"bounds: (905,1195),(954,1194),(954,1214),(905,1215)
"'304+03''303"bounds: (539,1200),(633,1200),(633,1211),(539,1211)
"'D'""bounds: (648,1201),(675,1201),(675,1211),(648,1211)
"A"bounds: (203,1224),(212,1224),(212,1240),(203,1240)
"632"bounds: (214,1225),(232,1226),(232,1241),(214,1241)
"'304"bounds: (521,1229),(567,1230),(567,1250),(521,1249)
"7'303'"bounds: (577,1230),(641,1231),(641,1252),(577,1251)
"KH"bounds: (796,1236),(811,1236),(811,1247),(796,1247)
"13.3"bounds: (822,1231),(861,1230),(862,1247),(823,1248)
"A"bounds: (204,1259),(213,1259),(213,1274),(204,1274)
"633"bounds: (215,1260),(231,1260),(231,1275),(215,1275)
"*304"bounds: (521,1264),(566,1265),(566,1284),(521,1283)
"7"bounds: (579,1262),(594,1262),(594,1287),(579,1287)
"303"bounds: (605,1262),(637,1262),(637,1288),(605,1288)
"7'"bounds: (669,1265),(691,1265),(691,1285),(669,1285)
"KH"bounds: (795,1271),(810,1271),(810,1282),(795,1282)
"85.35"bounds: (820,1266),(860,1265),(861,1282),(821,1283)
"A"bounds: (194,1290),(205,1290),(206,1311),(195,1311)
"636"bounds: (207,1295),(230,1294),(230,1307),(207,1308)
"5"bounds: (258,1288),(282,1287),(283,1308),(259,1309)
"5"bounds: (293,1287),(309,1287),(310,1307),(294,1308)
"KH"bounds: (794,1305),(810,1304),(811,1316),(795,1317)
"2.2"bounds: (816,1298),(843,1296),(845,1317),(818,1319)
"주"bounds: (845,1295),(851,1295),(853,1315),(847,1316)
"'306''303"bounds: (563,1302),(633,1303),(633,1315),(563,1314)
"'E'"bounds: (648,1303),(674,1303),(674,1313),(648,1313)
"A"bounds: (201,1327),(210,1327),(210,1343),(201,1343)
"647"bounds: (212,1326),(230,1326),(230,1343),(212,1343)
"'348'"bounds: (562,1336),(598,1337),(598,1348),(562,1347)
"'303'"bounds: (605,1336),(640,1337),(640,1348),(605,1347)
"KH"bounds: (794,1339),(810,1338),(811,1350),(795,1351)
"11,33"bounds: (820,1333),(859,1330),(860,1348),(821,1351)
"286"bounds: (64,1508),(102,1507),(103,1526),(65,1527)