Texts:

"PK Za 11
a
éch. 1: 1
HM 134 4." able à libalions",
éch. 1:1
32
"bounds: (46,72),(915,72),(915,1533),(46,1533)
"PK"bounds: (60,74),(94,74),(94,90),(60,90)
"Za"bounds: (110,72),(137,72),(137,94),(110,94)
"11"bounds: (146,74),(166,74),(166,91),(146,91)
"a"bounds: (46,324),(55,324),(55,333),(46,333)
"éch."bounds: (578,557),(615,558),(615,574),(578,573)
"1:"bounds: (628,559),(650,560),(650,575),(628,574)
"1"bounds: (663,560),(668,560),(668,574),(663,574)
"HM"bounds: (368,833),(448,833),(448,870),(368,870)
"134"bounds: (458,833),(507,833),(507,870),(458,870)
"4.""bounds: (510,833),(572,833),(572,870),(510,870)
"able"bounds: (578,834),(680,834),(680,865),(578,865)
"à"bounds: (701,843),(720,843),(720,863),(701,863)
"libalions","bounds: (743,837),(915,837),(915,867),(743,867)
"éch."bounds: (584,1320),(622,1321),(622,1341),(584,1340)
"1:1"bounds: (627,1321),(669,1322),(669,1341),(627,1340)
"32"bounds: (58,1514),(81,1515),(80,1533),(57,1532)