Texts:

"PK Za 10
éch. 1: 1
HM 1586." Cable à libalions".
30
"bounds: (55,73),(686,73),(686,1531),(55,1531)
"PK"bounds: (59,73),(94,73),(94,90),(59,90)
"Za"bounds: (104,73),(131,73),(131,90),(104,90)
"10"bounds: (144,74),(167,74),(167,91),(144,91)
"éch."bounds: (577,702),(624,702),(624,721),(577,721)
"1:"bounds: (626,703),(654,703),(654,722),(626,722)
"1"bounds: (661,706),(666,706),(666,721),(661,721)
"HM"bounds: (313,1220),(353,1220),(353,1242),(313,1242)
"1586.""bounds: (369,1218),(442,1219),(442,1249),(369,1248)
"Cable"bounds: (444,1219),(522,1220),(522,1250),(444,1249)
"à"bounds: (531,1231),(546,1231),(546,1244),(531,1244)
"libalions"."bounds: (564,1222),(686,1223),(686,1247),(564,1246)
"30"bounds: (55,1514),(79,1514),(79,1531),(55,1531)