Texts:

"IV. Zd INSCRIPTIONS SUR SUPPORTS ARCHITECTURAUX EN STỤC
HAGHIA TRIADA
"bounds: (148,379),(1012,379),(1012,753),(148,753)
"IV."bounds: (148,384),(180,384),(180,400),(148,400)
"Zd"bounds: (198,381),(230,381),(230,404),(198,404)
"INSCRIPTIONS"bounds: (238,383),(425,382),(425,400),(238,401)
"SUR"bounds: (440,382),(489,382),(489,399),(440,399)
"SUPPORTS"bounds: (504,382),(634,381),(634,399),(504,400)
"ARCHITECTURAUX"bounds: (648,381),(887,379),(887,397),(648,399)
"EN"bounds: (900,379),(934,379),(934,396),(900,396)
"STỤC"bounds: (948,379),(1012,379),(1012,396),(948,396)
"HAGHIA"bounds: (424,726),(587,725),(587,752),(424,753)
"TRIADA"bounds: (600,724),(753,723),(753,751),(600,752)