Texts:

"HT 141
HM- -[2.30] x C4.9o] x Co,6o] cm.
HT 142
HM- -[1,70] [1,80]x 0,60 cm.
HT 144
238
HM - -[3,4o]x [5,Lo] 0, 80 cm.
"bounds: (67,66),(1045,66),(1045,1526),(67,1526)
"HT"bounds: (69,67),(101,67),(101,84),(69,84)
"141"bounds: (111,66),(144,66),(144,82),(111,82)
"HM-"bounds: (763,324),(800,324),(800,338),(763,338)
"-[2.30]"bounds: (816,323),(874,323),(874,339),(816,339)
"x"bounds: (887,320),(898,320),(898,339),(887,339)
"C4.9o]"bounds: (897,323),(944,323),(944,338),(897,338)
"x"bounds: (954,330),(958,330),(958,337),(954,337)
"Co,6o]"bounds: (967,320),(1022,320),(1022,339),(967,339)
"cm."bounds: (1024,320),(1045,320),(1045,339),(1024,339)
"HT"bounds: (68,601),(103,601),(103,617),(68,617)
"142"bounds: (117,601),(152,601),(152,617),(117,617)
"HM-"bounds: (733,852),(772,853),(772,867),(733,866)
"-[1,70]"bounds: (786,852),(839,853),(839,870),(786,869)
"[1,80]x"bounds: (863,853),(921,854),(921,871),(863,870)
"0,60"bounds: (932,854),(958,855),(958,873),(932,872)
"cm."bounds: (967,855),(990,855),(990,873),(967,873)
"HT"bounds: (69,1130),(104,1130),(104,1147),(69,1147)
"144"bounds: (119,1130),(154,1130),(154,1147),(119,1147)
"238"bounds: (67,1507),(103,1506),(103,1523),(67,1524)
"HM"bounds: (722,1511),(743,1511),(743,1524),(722,1524)
"-"bounds: (752,1516),(760,1516),(760,1518),(752,1518)
"-[3,4o]x"bounds: (779,1510),(850,1511),(850,1524),(779,1523)
"[5,Lo]"bounds: (857,1510),(906,1510),(906,1523),(857,1523)
"0,"bounds: (926,1509),(936,1509),(936,1526),(926,1526)
"80"bounds: (938,1509),(963,1509),(963,1526),(938,1526)
"cm."bounds: (958,1515),(983,1515),(983,1523),(958,1523)