Texts:

"80
PHAISTOS
80
in PH 15al
A L2_7
[47
80
НT 146.31
HT 110b.2.5
780
HT 3.1' 140.3
KH 62.13
ZA 21a.43
80
HT 51a.1
KH 61.2
80 -01-37
XPK 1.8'
公平
80 -04-37
PK 1.81
80 -07
HT 85b.5' 97a.4' 118.11
PH (?) 31a.2
780 -07
HT 3.*1.7' 69.2'
80 -17
ZA 10b.23
80 -26
HT 117a.3'
780 -26-08
TY Zg 14
80 -27
HT 55a.11
780 -27
XPH 30.21
780 -27-53-73-45/
PH 30.2
80 -28-73
HT 89.2'
PK 1.71
80 -37-17-28-04
780
-41
HT 5.21
80 -41-51
HT 43.11
80 -53
HT 128a.4
80 -53-.7-28
HT 6h.2-31
80 -53-27-28
*HT 6.2-3'
780 -58-73
KN 22c.11
-59-53-59/
KH 90, 25
780 -60
*ZA 9.2
80 -67-45-04
ZA 10b.33
263
ペン
-c+1个
"bounds: (170,324),(1167,324),(1167,1538),(170,1538)
"80"bounds: (595,324),(631,324),(631,354),(595,354)
"PHAISTOS"bounds: (348,510),(414,510),(414,519),(348,519)
"80"bounds: (496,508),(511,508),(511,518),(496,518)
"in"bounds: (703,508),(718,507),(719,523),(704,524)
"PH"bounds: (728,508),(744,507),(745,518),(729,519)
"15al"bounds: (755,502),(784,500),(785,517),(756,519)
"A"bounds: (372,543),(381,543),(381,553),(372,553)
"L2_7"bounds: (390,539),(429,539),(429,559),(390,559)
"[47"bounds: (389,565),(429,565),(429,585),(389,585)
"80"bounds: (496,542),(511,542),(511,552),(496,552)
"НT"bounds: (721,537),(759,535),(760,554),(722,556)
"146.31"bounds: (761,535),(802,533),(803,553),(762,555)
"HT"bounds: (728,575),(744,575),(744,585),(728,585)
"110b.2.5"bounds: (753,568),(820,567),(820,589),(753,590)
"780"bounds: (478,601),(513,602),(513,625),(478,624)
"HT"bounds: (729,609),(745,609),(745,619),(729,619)
"3.1'"bounds: (755,600),(784,600),(784,628),(755,628)
"140.3"bounds: (798,600),(843,600),(843,628),(798,628)
"KH"bounds: (731,642),(746,641),(747,652),(732,653)
"62.13"bounds: (755,637),(795,633),(797,652),(757,656)
"ZA"bounds: (730,676),(745,675),(746,686),(731,687)
"21a.43"bounds: (755,670),(804,666),(805,684),(756,688)
"80"bounds: (491,704),(513,704),(513,722),(491,722)
"HT"bounds: (729,709),(746,708),(746,718),(729,719)
"51a.1"bounds: (756,703),(796,702),(797,720),(757,721)
"KH"bounds: (731,742),(746,742),(746,752),(731,752)
"61.2"bounds: (758,737),(787,737),(787,753),(758,753)
"80"bounds: (497,776),(512,776),(512,785),(497,785)
"-01-37"bounds: (522,775),(570,776),(570,787),(522,786)
"XPK"bounds: (730,771),(755,771),(755,787),(730,787)
"1.8'"bounds: (766,768),(794,768),(794,787),(766,787)
"公平"bounds: (170,823),(210,823),(210,853),(170,853)
"80"bounds: (489,806),(525,807),(525,823),(489,822)
"-04-37"bounds: (527,806),(570,807),(570,824),(527,823)
"PK"bounds: (731,810),(747,808),(748,819),(732,821)
"1.81"bounds: (757,804),(787,801),(788,818),(759,821)
"80"bounds: (493,841),(524,841),(524,853),(493,853)
"-07"bounds: (523,842),(546,842),(546,852),(523,852)
"HT"bounds: (731,843),(746,843),(746,853),(731,853)
"85b.5'"bounds: (757,834),(803,833),(803,852),(757,853)
"97a.4'"bounds: (816,833),(862,832),(862,852),(816,853)
"118.11"bounds: (876,833),(921,832),(921,852),(876,853)
"PH"bounds: (723,873),(747,871),(748,892),(724,894)
"(?)"bounds: (750,871),(773,869),(774,891),(752,893)
"31a.2"bounds: (779,869),(824,866),(825,887),(780,890)
"780"bounds: (481,906),(513,906),(513,923),(481,923)
"-07"bounds: (523,909),(546,909),(546,919),(523,919)
"HT"bounds: (731,909),(748,908),(748,920),(731,921)
"3.*1.7'"bounds: (757,903),(812,901),(813,927),(758,929)
"69.2'"bounds: (825,902),(863,901),(864,919),(826,920)
"80"bounds: (490,941),(522,941),(522,954),(490,954)
"-17"bounds: (524,943),(546,943),(546,952),(524,952)
"ZA"bounds: (732,943),(747,942),(748,953),(733,954)
"10b.23"bounds: (759,939),(807,935),(808,952),(760,956)
"80"bounds: (491,975),(523,975),(523,988),(491,988)
"-26"bounds: (524,976),(547,976),(547,987),(524,987)
"HT"bounds: (731,977),(748,976),(749,987),(732,988)
"117a.3'"bounds: (759,972),(813,969),(814,987),(760,990)
"780"bounds: (489,1006),(514,1006),(514,1021),(489,1021)
"-26-08"bounds: (524,1009),(572,1009),(572,1020),(524,1020)
"TY"bounds: (732,1011),(748,1010),(749,1021),(733,1022)
"Zg"bounds: (757,1006),(777,1005),(778,1023),(758,1024)
"14"bounds: (785,1004),(798,1003),(799,1020),(786,1021)
"80"bounds: (496,1044),(514,1043),(515,1058),(497,1059)
"-27"bounds: (524,1045),(548,1044),(549,1054),(525,1055)
"HT"bounds: (733,1044),(749,1043),(750,1055),(734,1056)
"55a.11"bounds: (759,1039),(805,1035),(806,1053),(760,1057)
"780"bounds: (481,1074),(516,1074),(516,1092),(481,1092)
"-27"bounds: (525,1077),(548,1077),(548,1086),(525,1086)
"XPH"bounds: (734,1073),(758,1073),(758,1088),(734,1088)
"30.21"bounds: (768,1069),(805,1069),(805,1088),(768,1088)
"780"bounds: (483,1106),(517,1107),(517,1127),(483,1126)
"-27-53-73-45/"bounds: (524,1104),(641,1107),(640,1131),(523,1128)
"PH"bounds: (734,1111),(749,1111),(749,1121),(734,1121)
"30.2"bounds: (760,1105),(792,1104),(792,1123),(760,1124)
"80"bounds: (492,1142),(525,1141),(525,1154),(492,1155)
"-28-73"bounds: (525,1144),(573,1143),(573,1154),(525,1155)
"HT"bounds: (733,1143),(750,1142),(751,1154),(734,1155)
"89.2'"bounds: (759,1140),(798,1137),(799,1154),(760,1157)
"PK"bounds: (734,1169),(750,1169),(750,1180),(734,1180)
"1.71"bounds: (761,1162),(789,1161),(789,1179),(761,1180)
"80"bounds: (500,1169),(515,1169),(515,1179),(500,1179)
"-37-17-28-04"bounds: (525,1169),(623,1168),(623,1179),(525,1180)
"780"bounds: (483,1199),(515,1199),(515,1221),(483,1221)
"-41"bounds: (525,1203),(547,1203),(547,1212),(525,1212)
"HT"bounds: (734,1203),(750,1202),(751,1214),(735,1215)
"5.21"bounds: (759,1197),(790,1195),(791,1212),(760,1214)
"80"bounds: (498,1235),(516,1234),(516,1249),(498,1250)
"-41-51"bounds: (525,1236),(573,1235),(573,1246),(525,1247)
"HT"bounds: (733,1237),(750,1235),(751,1247),(734,1249)
"43.11"bounds: (760,1232),(799,1227),(801,1245),(762,1250)
"80"bounds: (500,1269),(518,1270),(517,1284),(499,1283)
"-53"bounds: (525,1263),(566,1265),(565,1288),(524,1286)
"HT"bounds: (735,1270),(751,1269),(752,1280),(736,1281)
"128a.4"bounds: (760,1266),(809,1263),(810,1281),(761,1284)
"80"bounds: (499,1303),(517,1303),(517,1318),(499,1318)
"-53-.7-28"bounds: (526,1299),(625,1299),(625,1318),(526,1318)
"HT"bounds: (735,1303),(751,1302),(752,1314),(736,1315)
"6h.2-31"bounds: (761,1296),(816,1293),(817,1313),(762,1316)
"80"bounds: (501,1337),(516,1337),(516,1346),(501,1346)
"-53-27-28"bounds: (526,1336),(600,1336),(600,1347),(526,1347)
"*HT"bounds: (736,1331),(760,1330),(761,1347),(737,1348)
"6.2-3'"bounds: (770,1329),(824,1327),(825,1347),(771,1349)
"780"bounds: (484,1366),(516,1366),(516,1387),(484,1387)
"-58-73"bounds: (526,1370),(575,1370),(575,1387),(526,1387)
"KN"bounds: (736,1371),(752,1370),(753,1381),(737,1382)
"22c.11"bounds: (762,1365),(808,1362),(809,1380),(763,1383)
"-59-53-59/"bounds: (526,1400),(617,1400),(617,1418),(526,1418)
"KH"bounds: (736,1405),(752,1403),(753,1414),(737,1416)
"90,"bounds: (761,1405),(782,1403),(783,1415),(762,1417)
"25"bounds: (787,1397),(802,1395),(804,1412),(789,1414)
"780"bounds: (485,1434),(525,1432),(526,1453),(486,1455)
"-60"bounds: (526,1439),(550,1438),(550,1448),(526,1449)
"*ZA"bounds: (731,1429),(769,1429),(769,1451),(731,1451)
"9.2"bounds: (772,1429),(802,1429),(802,1449),(772,1449)
"80"bounds: (495,1470),(528,1469),(528,1484),(495,1485)
"-67-45-04"bounds: (526,1472),(601,1471),(601,1482),(526,1483)
"ZA"bounds: (737,1473),(752,1472),(753,1484),(738,1485)
"10b.33"bounds: (763,1468),(811,1465),(812,1483),(764,1486)
"263"bounds: (1130,1520),(1167,1520),(1167,1538),(1130,1538)
"ペン"bounds: (503,1397),(514,1426),(493,1434),(482,1405)
"-c"bounds: (213,903),(213,939),(192,939),(192,903)
"+"bounds: (213,941),(213,953),(192,953),(192,941)
"1"bounds: (214,958),(214,983),(195,983),(195,958)
"个"bounds: (212,995),(212,1016),(194,1016),(194,995)