Texts:

"REMERCIEMENTS
Ont droit à l'expression de notre gratitude en tête de ce chapitre,
outre les personnes qui ont exécuté la photographie de certaines pièces ou
qui nous l'ont aimablement procurée (nous les citons à la p. 11), les collègues
et amis dont les noms suivent G. Cadogan (PYR 2), J. Chadwick (HS
Zg 1), J. Crouwel (HT (P) We 3022), C. Davaras (MA 10), E. Hallager
(KH 79+89, KH 88, KH 90, KH Wc 2115, KH Wc 2117, KH Wc 2118),
A. Ioannidou-Karetsou (I0 Za 3, 10 Za 4, I0 Za 5, IO Za 6, 10 Za 7,
IO Za 8, IO Za 9, IO Zb 10), R. Janko (HS Zg 1), A. Lembessi (SY Za 1,
SY Za 2, SY Za 3), D. Levi (IO Za 2, SY Za 1, SY Za 2), A. C. Renfrew
(MI 2), C. J. Ruijgh (HT (P) Wc 3022), I. Sakellarakis (I0 Za 3, IO Za 4,
1O Za 5, I0 Za 6, IO Za 7, IO Za 8, I0 Za 9, IO Zb 10, PYR 2, SY
Za 3), I. Tzedakis (HT Wa 1733 + 1845, KH We 2117, KH We 2118),
M. Vlasaki (KH 79+89, KH 88, KH 90, KH 91, KH Wc 2044+ fr., KH
We 2115, KH Wc 2117, KH Wc 2118).
"bounds: (159,400),(964,400),(964,910),(159,910)
"REMERCIEMENTS"bounds: (455,400),(675,400),(675,417),(455,417)
"Ont"bounds: (217,486),(255,486),(255,502),(217,502)
"droit"bounds: (270,485),(319,485),(319,502),(270,502)
"à"bounds: (334,487),(343,487),(343,502),(334,502)
"l'expression"bounds: (358,485),(480,485),(480,507),(358,507)
"de"bounds: (496,485),(517,485),(517,502),(496,502)
"notre"bounds: (532,489),(585,489),(585,502),(532,502)
"gratitude"bounds: (600,485),(695,485),(695,507),(600,507)
"en"bounds: (711,492),(732,492),(732,501),(711,501)
"tête"bounds: (744,483),(791,483),(791,509),(744,509)
"de"bounds: (801,486),(822,486),(822,501),(801,501)
"ce"bounds: (838,492),(856,492),(856,501),(838,501)
"chapitre,"bounds: (872,485),(962,485),(962,507),(872,507)
"outre"bounds: (167,520),(221,520),(221,533),(167,533)
"les"bounds: (232,517),(257,517),(257,534),(232,534)
"personnes"bounds: (269,522),(369,521),(369,537),(269,538)
"qui"bounds: (381,516),(411,516),(411,538),(381,538)
"ont"bounds: (424,520),(456,520),(456,533),(424,533)
"exécuté"bounds: (468,517),(545,517),(545,533),(468,533)
"la"bounds: (556,516),(572,516),(572,533),(556,533)
"photographie"bounds: (584,516),(721,515),(721,537),(584,538)
"de"bounds: (733,516),(755,516),(755,533),(733,533)
"certaines"bounds: (766,516),(857,516),(857,533),(766,533)
"pièces"bounds: (869,516),(928,516),(928,537),(869,537)
"ou"bounds: (940,523),(962,523),(962,533),(940,533)
"qui"bounds: (168,547),(199,547),(199,569),(168,569)
"nous"bounds: (208,554),(254,554),(254,564),(208,564)
"l'ont"bounds: (263,547),(310,547),(310,564),(263,564)
"aimablement"bounds: (319,547),(453,547),(453,564),(319,564)
"procurée"bounds: (461,548),(550,548),(550,569),(461,569)
"(nous"bounds: (559,547),(612,547),(612,569),(559,569)
"les"bounds: (620,547),(645,547),(645,563),(620,563)
"citons"bounds: (654,547),(713,547),(713,564),(654,564)
"à"bounds: (723,548),(732,548),(732,564),(723,564)
"la"bounds: (740,547),(757,547),(757,564),(740,564)
"p."bounds: (765,554),(782,554),(782,569),(765,569)
"11),"bounds: (793,547),(829,547),(829,569),(793,569)
"les"bounds: (838,547),(862,547),(862,564),(838,564)
"collègues"bounds: (872,547),(963,547),(963,569),(872,569)
"et"bounds: (167,582),(185,582),(185,595),(167,595)
"amis"bounds: (199,578),(245,578),(245,595),(199,595)
"dont"bounds: (260,579),(306,579),(306,595),(260,595)
"les"bounds: (319,579),(343,579),(343,594),(319,594)
"noms"bounds: (357,585),(410,585),(410,594),(357,594)
"suivent"bounds: (424,578),(499,578),(499,594),(424,594)
"G."bounds: (530,578),(550,578),(550,594),(530,594)
"Cadogan"bounds: (566,578),(654,578),(654,600),(566,600)
"(PYR"bounds: (664,576),(728,576),(728,600),(664,600)
"2),"bounds: (739,576),(766,576),(766,600),(739,600)
"J."bounds: (772,576),(803,576),(803,600),(772,600)
"Chadwick"bounds: (808,578),(909,578),(909,595),(808,595)
"(HS"bounds: (923,577),(963,577),(963,600),(923,600)
"Zg"bounds: (171,605),(205,605),(205,632),(171,632)
"1),"bounds: (211,608),(236,608),(236,631),(211,631)
"J."bounds: (252,609),(268,609),(268,626),(252,626)
"Crouwel"bounds: (283,609),(366,609),(366,626),(283,626)
"(HT"bounds: (380,608),(422,608),(422,631),(380,631)
"(P)"bounds: (436,608),(458,608),(458,631),(436,631)
"We"bounds: (472,608),(507,608),(507,626),(472,626)
"3022),"bounds: (520,608),(583,608),(583,631),(520,631)
"C."bounds: (598,609),(615,609),(615,625),(598,625)
"Davaras"bounds: (631,609),(715,609),(715,625),(631,625)
"(MA"bounds: (730,608),(775,608),(775,631),(730,631)
"10),"bounds: (788,608),(825,608),(825,631),(788,631)
"E."bounds: (840,609),(860,609),(860,625),(840,625)
"Hallager"bounds: (876,609),(964,609),(964,631),(876,631)
"(KH"bounds: (170,640),(216,640),(216,660),(170,660)
"79+89,"bounds: (226,640),(308,640),(308,660),(226,660)
"KH"bounds: (319,640),(357,640),(357,656),(319,656)
"88,"bounds: (367,639),(395,639),(395,659),(367,659)
"KH"bounds: (407,640),(445,640),(445,656),(407,656)
"90,"bounds: (455,639),(484,639),(484,659),(455,659)
"KH"bounds: (495,640),(534,640),(534,656),(495,656)
"Wc"bounds: (543,639),(579,639),(579,656),(543,656)
"2115,"bounds: (589,639),(642,639),(642,659),(589,659)
"KH"bounds: (654,639),(692,639),(692,656),(654,656)
"Wc"bounds: (701,640),(736,640),(736,656),(701,656)
"2117,"bounds: (746,639),(799,639),(799,659),(746,659)
"KH"bounds: (811,640),(850,640),(850,656),(811,656)
"Wc"bounds: (857,640),(892,640),(892,656),(857,656)
"2118),"bounds: (901,639),(962,639),(962,660),(901,660)
"A."bounds: (159,667),(208,667),(208,690),(159,690)
"Ioannidou-Karetsou"bounds: (210,667),(416,667),(416,690),(210,690)
"(I0"bounds: (426,667),(496,667),(496,690),(426,690)
"Za"bounds: (498,667),(512,667),(512,690),(498,690)
"3,"bounds: (515,670),(531,670),(531,690),(515,690)
"10"bounds: (545,670),(570,670),(570,687),(545,687)
"Za"bounds: (583,670),(612,670),(612,687),(583,687)
"4,"bounds: (623,670),(639,670),(639,690),(623,690)
"I0"bounds: (653,670),(678,670),(678,687),(653,687)
"Za"bounds: (694,667),(724,667),(724,690),(694,690)
"5,"bounds: (731,670),(747,670),(747,690),(731,690)
"IO"bounds: (761,670),(786,670),(786,687),(761,687)
"Za"bounds: (799,670),(828,670),(828,687),(799,687)
"6,"bounds: (839,670),(855,670),(855,690),(839,690)
"10"bounds: (869,670),(894,670),(894,687),(869,687)
"Za"bounds: (918,667),(940,667),(940,690),(918,690)
"7,"bounds: (946,670),(963,670),(963,690),(946,690)
"IO"bounds: (159,698),(218,698),(218,722),(159,722)
"Za"bounds: (220,698),(243,698),(243,722),(220,722)
"8,"bounds: (244,701),(261,701),(261,722),(244,722)
"IO"bounds: (271,701),(297,701),(297,718),(271,718)
"Za"bounds: (307,701),(336,701),(336,718),(307,718)
"9,"bounds: (344,701),(361,701),(361,721),(344,721)
"IO"bounds: (372,701),(397,701),(397,718),(372,718)
"Zb"bounds: (408,701),(437,701),(437,719),(408,719)
"10),"bounds: (446,701),(483,701),(483,722),(446,722)
"R."bounds: (494,702),(515,702),(515,718),(494,718)
"Janko"bounds: (527,702),(589,702),(589,718),(527,718)
"(HS"bounds: (600,701),(640,701),(640,722),(600,722)
"Zg"bounds: (658,698),(684,698),(684,722),(658,722)
"1),"bounds: (688,701),(712,701),(712,722),(688,722)
"A."bounds: (724,702),(744,702),(744,718),(724,718)
"Lembessi"bounds: (755,701),(850,701),(850,718),(755,718)
"(SY"bounds: (863,701),(899,701),(899,722),(863,722)
"Za"bounds: (909,701),(937,701),(937,718),(909,718)
"1,"bounds: (946,701),(963,701),(963,721),(946,721)
"SY"bounds: (171,728),(207,728),(207,752),(171,752)
"Za"bounds: (208,732),(236,732),(236,749),(208,749)
"2,"bounds: (245,732),(262,732),(262,752),(245,752)
"SY"bounds: (275,732),(302,732),(302,750),(275,750)
"Za"bounds: (310,728),(345,728),(345,752),(310,752)
"3),"bounds: (349,732),(374,732),(374,752),(349,752)
"D."bounds: (386,733),(407,733),(407,749),(386,749)
"Levi"bounds: (419,732),(463,732),(463,749),(419,749)
"(IO"bounds: (474,732),(508,732),(508,752),(474,752)
"Za"bounds: (518,732),(547,732),(547,749),(518,749)
"2,"bounds: (556,732),(572,732),(572,752),(556,752)
"SY"bounds: (584,731),(612,731),(612,749),(584,749)
"Za"bounds: (618,728),(657,728),(657,752),(618,752)
"1,"bounds: (664,732),(680,732),(680,752),(664,752)
"SY"bounds: (694,731),(722,731),(722,749),(694,749)
"Za"bounds: (734,732),(762,732),(762,749),(734,749)
"2),"bounds: (773,732),(797,732),(797,752),(773,752)
"A."bounds: (811,733),(831,733),(831,749),(811,749)
"C."bounds: (845,732),(862,732),(862,749),(845,749)
"Renfrew"bounds: (877,732),(963,732),(963,749),(877,749)
"(MI"bounds: (170,763),(206,763),(206,785),(170,785)
"2),"bounds: (215,763),(239,763),(239,785),(215,785)
"C."bounds: (251,764),(268,764),(268,780),(251,780)
"J."bounds: (280,764),(296,764),(296,780),(280,780)
"Ruijgh"bounds: (309,764),(379,764),(379,785),(309,785)
"(HT"bounds: (389,763),(431,763),(431,786),(389,786)
"(P)"bounds: (443,763),(465,763),(465,785),(443,785)
"Wc"bounds: (477,763),(512,763),(512,780),(477,780)
"3022),"bounds: (523,763),(584,763),(584,785),(523,785)
"I."bounds: (596,760),(617,760),(617,786),(596,786)
"Sakellarakis"bounds: (624,763),(749,763),(749,780),(624,780)
"(I0"bounds: (762,763),(795,763),(795,785),(762,785)
"Za"bounds: (807,763),(836,763),(836,780),(807,780)
"3,"bounds: (846,763),(863,763),(863,783),(846,783)
"IO"bounds: (875,763),(901,763),(901,780),(875,780)
"Za"bounds: (910,763),(939,763),(939,780),(910,780)
"4,"bounds: (946,763),(963,763),(963,783),(946,783)
"1O"bounds: (159,791),(220,791),(220,815),(159,815)
"Za"bounds: (222,791),(241,791),(241,815),(222,815)
"5,"bounds: (245,794),(262,794),(262,814),(245,814)
"I0"bounds: (275,794),(300,794),(300,811),(275,811)
"Za"bounds: (306,791),(345,791),(345,815),(306,815)
"6,"bounds: (351,794),(368,794),(368,814),(351,814)
"IO"bounds: (380,794),(406,794),(406,811),(380,811)
"Za"bounds: (420,794),(448,794),(448,811),(420,811)
"7,"bounds: (460,794),(476,794),(476,814),(460,814)
"IO"bounds: (490,794),(516,794),(516,811),(490,811)
"Za"bounds: (530,794),(558,794),(558,811),(530,811)
"8,"bounds: (570,794),(586,794),(586,814),(570,814)
"I0"bounds: (597,791),(657,791),(657,815),(597,815)
"Za"bounds: (659,791),(674,791),(674,815),(659,815)
"9,"bounds: (680,794),(697,794),(697,814),(680,814)
"IO"bounds: (711,794),(737,794),(737,811),(711,811)
"Zb"bounds: (753,794),(782,794),(782,811),(753,811)
"10,"bounds: (797,793),(825,793),(825,815),(797,815)
"PYR"bounds: (840,794),(890,794),(890,811),(840,811)
"2,"bounds: (902,794),(919,794),(919,814),(902,814)
"SY"bounds: (937,793),(964,793),(964,811),(937,811)
"Za"bounds: (169,825),(198,825),(198,842),(169,842)
"3),"bounds: (212,825),(236,825),(236,847),(212,847)
"I."bounds: (252,822),(275,822),(275,847),(252,847)
"Tzedakis"bounds: (283,825),(374,825),(374,841),(283,841)
"(HT"bounds: (392,825),(433,825),(433,847),(392,847)
"Wa"bounds: (443,825),(481,825),(481,842),(443,842)
"1733"bounds: (493,825),(540,825),(540,842),(493,842)
"+"bounds: (550,827),(568,827),(568,845),(550,845)
"1845,"bounds: (579,824),(632,824),(632,845),(579,845)
"KH"bounds: (644,825),(683,825),(683,841),(644,841)
"We"bounds: (693,825),(729,825),(729,842),(693,842)
"2117,"bounds: (740,825),(793,825),(793,845),(740,845)
"KH"bounds: (806,825),(845,825),(845,841),(806,841)
"We"bounds: (854,825),(890,825),(890,842),(854,842)
"2118),"bounds: (902,824),(963,824),(963,847),(902,847)
"M."bounds: (173,856),(196,856),(196,873),(173,873)
"Vlasaki"bounds: (205,856),(281,856),(281,873),(205,873)
"(KH"bounds: (291,855),(337,855),(337,877),(291,877)
"79+89,"bounds: (344,855),(426,855),(426,876),(344,876)
"KH"bounds: (439,856),(477,856),(477,872),(439,872)
"88,"bounds: (490,856),(519,856),(519,876),(490,876)
"KH"bounds: (534,855),(573,855),(573,872),(534,872)
"90,"bounds: (583,855),(612,855),(612,876),(583,876)
"KH"bounds: (623,855),(661,855),(661,872),(623,872)
"91,"bounds: (672,855),(701,855),(701,876),(672,876)
"KH"bounds: (713,856),(752,856),(752,872),(713,872)
"Wc"bounds: (760,856),(795,856),(795,873),(760,873)
"2044+"bounds: (806,855),(878,855),(878,873),(806,873)
"fr.,"bounds: (885,856),(913,856),(913,877),(885,877)
"KH"bounds: (926,855),(964,855),(964,872),(926,872)
"We"bounds: (172,883),(218,883),(218,910),(172,910)
"2115,"bounds: (215,886),(268,886),(268,907),(215,907)
"KH"bounds: (281,886),(320,886),(320,903),(281,903)
"Wc"bounds: (328,883),(377,883),(377,910),(328,910)
"2117,"bounds: (373,886),(426,886),(426,906),(373,906)
"KH"bounds: (438,886),(477,886),(477,903),(438,903)
"Wc"bounds: (487,886),(522,886),(522,904),(487,904)
"2118)."bounds: (533,886),(594,886),(594,909),(533,909)