Texts:

"INTRODUCTION
XIX
Рарарosto-
lou-Godart-
No d'inven-
Hallager-
Date de
Lieu de
GORILA
Pålsson
taire
Olivier
trouvaille
trouvaille
1975
Khania M.
1976
кн 79
кН 80
кн 81
кН 82
79
1973
Pl. A. Aik.
79
O. Katré
O. Katré
О. Katre
О. Katre
О. Katre
O. Katré
O. Katré
O. Katré
80
1975
80
81
1975
81
82
1975
82
KH 83
83
1975
83
KH 84
84
1975
84
KH 85
85
1975
85
86
KH 86
KH 87
86
1975
87
1975
87
O. Katré
O. Katré
О. Katre
О. Katre
О. Katre
0. Katré
О. Кatre
О. Katre
О. Кatre
О. Katre
O. Katré
O. Katré
O. Katré
O. Katré
O. Katré
O. Katré
О. Katre
O. Katré
О. Katre
O. Katré
1001
KH Wa 1001
KH Wa 1002
KH Wa 1003
1973
1001
1002
1973
1002
1973
1973
1003
1003
1004
1005
1004
KH Wa 1004
KH Wa 1005
1973
1005
1006
KH Wa 1006
KH Wa 1007
KH Wa 1008
1006
1973
1007
1973
1007
1008
1973
1008
1009
KH Wa 1009
KH Wa 1010
1009
1973
1010
1973
1010
KH Wa 1011
1011
1973
1011
1012
KH Wa 1012
KH Wa 1013
1012
1973
1013
1973
1013
KH Wa 1014
1014
1973
1014
KH Wa 1015
1015
1973
1015
KH Wa 1016
1016
1973
1016
KH Wa 1017
1017
1973
1017
KH Wa 1018
KH Wa 1019
KH Wa 1020
1018
1973
1018
1019
1973
1019
1020
1973
1020
"bounds: (181,193),(961,193),(961,1106),(181,1106)
"INTRODUCTION"bounds: (497,193),(624,193),(624,202),(497,202)
"XIX"bounds: (930,193),(961,193),(961,202),(930,202)
"Рарарosto-"bounds: (494,264),(578,264),(578,277),(494,277)
"lou-Godart-"bounds: (492,283),(579,283),(579,294),(492,294)
"No"bounds: (851,266),(889,266),(889,283),(851,283)
"d'inven-"bounds: (891,266),(946,266),(946,283),(891,283)
"Hallager-"bounds: (403,270),(471,270),(471,284),(403,284)
"Date"bounds: (621,284),(655,284),(655,294),(621,294)
"de"bounds: (663,284),(678,284),(678,294),(663,294)
"Lieu"bounds: (748,284),(780,284),(780,294),(748,294)
"de"bounds: (788,284),(804,284),(804,294),(788,294)
"GORILA"bounds: (210,290),(265,290),(265,301),(210,301)
"Pålsson"bounds: (410,290),(465,291),(465,302),(410,301)
"taire"bounds: (886,290),(919,289),(919,301),(886,302)
"Olivier"bounds: (511,303),(561,302),(561,314),(511,315)
"trouvaille"bounds: (613,304),(684,304),(684,315),(613,315)
"trouvaille"bounds: (741,304),(812,303),(812,314),(741,315)
"1975"bounds: (422,311),(454,311),(454,321),(422,321)
"Khania"bounds: (863,310),(916,310),(916,321),(863,321)
"M."bounds: (926,311),(941,311),(941,321),(926,321)
"1976"bounds: (521,324),(553,323),(553,334),(521,335)
"кн"bounds: (217,381),(254,382),(254,400),(217,399)
"79"bounds: (249,383),(268,383),(268,398),(249,398)
"кН"bounds: (214,406),(257,407),(257,427),(214,426)
"80"bounds: (259,407),(270,407),(270,426),(259,426)
"кн"bounds: (218,431),(255,431),(255,449),(218,449)
"81"bounds: (257,431),(271,431),(271,449),(257,449)
"кН"bounds: (214,453),(257,453),(257,472),(214,472)
"82"bounds: (250,457),(269,457),(269,471),(250,471)
"79"bounds: (428,383),(447,383),(447,397),(428,397)
"1973"bounds: (631,383),(669,382),(669,396),(631,397)
"Pl."bounds: (729,383),(751,383),(751,397),(729,397)
"A."bounds: (761,383),(778,383),(778,397),(761,397)
"Aik."bounds: (789,383),(823,383),(823,396),(789,396)
"79"bounds: (893,382),(911,382),(911,396),(893,396)
"O."bounds: (743,405),(770,405),(770,423),(743,423)
"Katré"bounds: (766,406),(815,405),(815,421),(766,422)
"O."bounds: (744,429),(771,429),(771,447),(744,447)
"Katré"bounds: (766,431),(816,431),(816,446),(766,446)
"О."bounds: (739,455),(766,455),(766,473),(739,473)
"Katre"bounds: (767,456),(816,456),(816,470),(767,470)
"О."bounds: (738,479),(767,479),(767,497),(738,497)
"Katre"bounds: (766,480),(816,480),(816,495),(766,495)
"О."bounds: (740,503),(767,503),(767,521),(740,521)
"Katre"bounds: (767,505),(816,505),(816,519),(767,519)
"O."bounds: (744,527),(770,527),(770,544),(744,544)
"Katré"bounds: (768,529),(816,529),(816,543),(768,543)
"O."bounds: (744,550),(772,550),(772,569),(744,569)
"Katré"bounds: (767,554),(817,554),(817,567),(767,567)
"O."bounds: (745,577),(772,576),(772,594),(745,595)
"Katré"bounds: (767,578),(817,577),(817,593),(767,594)
"80"bounds: (527,407),(546,407),(546,421),(527,421)
"1975"bounds: (631,407),(669,406),(669,420),(631,421)
"80"bounds: (892,407),(912,407),(912,420),(892,420)
"81"bounds: (527,432),(543,432),(543,446),(527,446)
"1975"bounds: (631,431),(669,430),(669,445),(631,446)
"81"bounds: (893,431),(909,431),(909,445),(893,445)
"82"bounds: (527,456),(546,456),(546,470),(527,470)
"1975"bounds: (632,456),(669,456),(669,470),(632,470)
"82"bounds: (893,456),(913,456),(913,470),(893,470)
"KH"bounds: (209,481),(242,481),(242,495),(209,495)
"83"bounds: (250,481),(269,481),(269,496),(250,496)
"83"bounds: (527,481),(546,481),(546,494),(527,494)
"1975"bounds: (631,481),(670,481),(670,494),(631,494)
"83"bounds: (893,480),(912,480),(912,494),(893,494)
"KH"bounds: (210,505),(242,505),(242,519),(210,519)
"84"bounds: (250,505),(270,505),(270,519),(250,519)
"84"bounds: (527,505),(546,505),(546,519),(527,519)
"1975"bounds: (632,505),(670,505),(670,519),(632,519)
"84"bounds: (893,504),(913,504),(913,518),(893,518)
"KH"bounds: (210,530),(242,530),(242,543),(210,543)
"85"bounds: (251,529),(270,529),(270,544),(251,544)
"85"bounds: (527,529),(546,529),(546,543),(527,543)
"1975"bounds: (632,529),(670,529),(670,543),(632,543)
"85"bounds: (893,529),(913,529),(913,542),(893,542)
"86"bounds: (894,553),(913,553),(913,567),(894,567)
"KH"bounds: (210,554),(242,554),(242,568),(210,568)
"86"bounds: (251,554),(270,554),(270,569),(251,569)
"KH"bounds: (210,579),(243,579),(243,593),(210,593)
"87"bounds: (251,578),(270,578),(270,593),(251,593)
"86"bounds: (527,554),(547,554),(547,567),(527,567)
"1975"bounds: (632,554),(670,553),(670,567),(632,568)
"87"bounds: (528,578),(546,578),(546,592),(528,592)
"1975"bounds: (633,577),(670,576),(670,591),(633,592)
"87"bounds: (894,578),(913,578),(913,592),(894,592)
"O."bounds: (744,624),(770,624),(770,642),(744,642)
"Katré"bounds: (768,626),(817,625),(817,640),(768,641)
"O."bounds: (746,649),(773,649),(773,667),(746,667)
"Katré"bounds: (769,652),(817,652),(817,665),(769,665)
"О."bounds: (740,673),(769,673),(769,691),(740,691)
"Katre"bounds: (768,676),(817,675),(817,689),(768,690)
"О."bounds: (740,697),(769,696),(769,715),(740,716)
"Katre"bounds: (768,700),(818,699),(818,713),(768,714)
"О."bounds: (741,722),(770,722),(770,740),(741,740)
"Katre"bounds: (769,725),(818,725),(818,738),(769,738)
"0."bounds: (745,747),(774,747),(774,766),(745,766)
"Katré"bounds: (769,749),(818,749),(818,762),(769,762)
"О."bounds: (740,770),(769,770),(769,788),(740,788)
"Кatre"bounds: (770,774),(818,774),(818,787),(770,787)
"О."bounds: (741,795),(770,795),(770,813),(741,813)
"Katre"bounds: (769,798),(819,798),(819,811),(769,811)
"О."bounds: (741,820),(770,819),(770,837),(741,838)
"Кatre"bounds: (769,822),(819,821),(819,836),(769,837)
"О."bounds: (740,845),(767,845),(767,863),(740,863)
"Katre"bounds: (770,846),(819,845),(819,860),(770,861)
"O."bounds: (746,868),(772,868),(772,885),(746,885)
"Katré"bounds: (770,871),(819,871),(819,884),(770,884)
"O."bounds: (747,893),(774,893),(774,911),(747,911)
"Katré"bounds: (770,895),(819,894),(819,908),(770,909)
"O."bounds: (746,916),(775,916),(775,935),(746,935)
"Katré"bounds: (770,919),(820,919),(820,932),(770,932)
"O."bounds: (746,940),(774,940),(774,959),(746,959)
"Katré"bounds: (771,943),(820,943),(820,957),(771,957)
"O."bounds: (746,964),(775,964),(775,983),(746,983)
"Katré"bounds: (770,968),(820,968),(820,981),(770,981)
"O."bounds: (746,988),(774,988),(774,1007),(746,1007)
"Katré"bounds: (771,992),(820,992),(820,1005),(771,1005)
"О."bounds: (743,1013),(772,1013),(772,1031),(743,1031)
"Katre"bounds: (771,1016),(820,1016),(820,1030),(771,1030)
"O."bounds: (748,1036),(777,1036),(777,1055),(748,1055)
"Katré"bounds: (779,1036),(824,1036),(824,1055),(779,1055)
"О."bounds: (743,1061),(772,1061),(772,1079),(743,1079)
"Katre"bounds: (771,1065),(821,1065),(821,1078),(771,1078)
"O."bounds: (748,1087),(775,1086),(776,1104),(749,1105)
"Katré"bounds: (771,1088),(820,1086),(821,1102),(772,1104)
"1001"bounds: (520,626),(555,625),(555,640),(520,641)
"KH"bounds: (181,627),(213,627),(213,641),(181,641)
"Wa"bounds: (222,628),(251,628),(251,642),(222,642)
"1001"bounds: (260,627),(299,627),(299,642),(260,642)
"KH"bounds: (181,651),(213,651),(213,665),(181,665)
"Wa"bounds: (222,651),(251,651),(251,667),(222,667)
"1002"bounds: (260,651),(300,651),(300,666),(260,666)
"KH"bounds: (181,676),(213,676),(213,690),(181,690)
"Wa"bounds: (222,676),(251,676),(251,690),(222,690)
"1003"bounds: (260,675),(300,675),(300,691),(260,691)
"1973"bounds: (633,627),(671,626),(671,640),(633,641)
"1001"bounds: (886,627),(921,627),(921,640),(886,640)
"1002"bounds: (520,651),(558,650),(558,665),(520,666)
"1973"bounds: (633,651),(671,650),(671,664),(633,665)
"1002"bounds: (886,651),(924,651),(924,665),(886,665)
"1973"bounds: (633,675),(671,674),(671,689),(633,690)
"1973"bounds: (633,699),(671,698),(671,713),(633,714)
"1003"bounds: (520,676),(558,675),(558,689),(520,690)
"1003"bounds: (887,675),(924,674),(924,688),(887,689)
"1004"bounds: (520,700),(558,698),(559,713),(521,715)
"1005"bounds: (520,723),(559,725),(558,740),(519,738)
"1004"bounds: (887,699),(924,699),(924,713),(887,713)
"KH"bounds: (181,700),(214,700),(214,714),(181,714)
"Wa"bounds: (222,700),(252,700),(252,715),(222,715)
"1004"bounds: (260,700),(301,700),(301,714),(260,714)
"KH"bounds: (181,724),(214,724),(214,738),(181,738)
"Wa"bounds: (222,725),(252,725),(252,739),(222,739)
"1005"bounds: (260,725),(300,725),(300,739),(260,739)
"1973"bounds: (633,724),(672,724),(672,738),(633,738)
"1005"bounds: (887,724),(924,723),(924,737),(887,738)
"1006"bounds: (887,748),(925,748),(925,762),(887,762)
"KH"bounds: (181,749),(214,749),(214,763),(181,763)
"Wa"bounds: (223,749),(252,749),(252,764),(223,764)
"1006"bounds: (261,749),(301,749),(301,764),(261,764)
"KH"bounds: (182,773),(214,773),(214,787),(182,787)
"Wa"bounds: (223,773),(252,773),(252,788),(223,788)
"1007"bounds: (261,774),(301,774),(301,788),(261,788)
"KH"bounds: (182,797),(214,797),(214,811),(182,811)
"Wa"bounds: (223,798),(253,798),(253,812),(223,812)
"1008"bounds: (261,797),(301,797),(301,813),(261,813)
"1006"bounds: (520,749),(559,748),(559,762),(520,763)
"1973"bounds: (634,749),(672,749),(672,762),(634,762)
"1007"bounds: (521,772),(559,773),(559,789),(521,788)
"1973"bounds: (634,773),(672,773),(672,787),(634,787)
"1007"bounds: (885,771),(922,770),(922,788),(885,789)
"1008"bounds: (521,798),(559,798),(559,811),(521,811)
"1973"bounds: (634,797),(672,797),(672,811),(634,811)
"1008"bounds: (887,797),(925,797),(925,810),(887,810)
"1009"bounds: (888,820),(926,821),(926,836),(888,835)
"KH"bounds: (182,822),(215,822),(215,836),(182,836)
"Wa"bounds: (223,822),(253,822),(253,837),(223,837)
"1009"bounds: (262,822),(301,822),(301,837),(262,837)
"KH"bounds: (182,846),(215,846),(215,860),(182,860)
"Wa"bounds: (223,847),(253,847),(253,861),(223,861)
"1010"bounds: (262,847),(301,847),(301,861),(262,861)
"1009"bounds: (521,822),(559,822),(559,836),(521,836)
"1973"bounds: (634,822),(672,821),(672,835),(634,836)
"1010"bounds: (522,846),(560,845),(560,859),(522,860)
"1973"bounds: (635,846),(672,845),(672,859),(635,860)
"1010"bounds: (887,845),(926,844),(926,859),(887,860)
"KH"bounds: (182,871),(215,871),(215,884),(182,884)
"Wa"bounds: (224,871),(253,871),(253,885),(224,885)
"1011"bounds: (262,871),(301,871),(301,885),(262,885)
"1011"bounds: (521,871),(557,870),(557,884),(521,885)
"1973"bounds: (635,871),(673,870),(673,883),(635,884)
"1011"bounds: (888,870),(924,869),(924,883),(888,884)
"1012"bounds: (888,894),(927,895),(927,909),(888,908)
"KH"bounds: (182,895),(215,895),(215,909),(182,909)
"Wa"bounds: (224,896),(253,896),(253,910),(224,910)
"1012"bounds: (262,895),(302,895),(302,909),(262,909)
"KH"bounds: (183,919),(215,919),(215,933),(183,933)
"Wa"bounds: (224,919),(253,919),(253,934),(224,934)
"1013"bounds: (262,919),(302,919),(302,934),(262,934)
"1012"bounds: (522,895),(560,894),(560,908),(522,909)
"1973"bounds: (635,895),(673,895),(673,909),(635,909)
"1013"bounds: (522,919),(560,918),(560,932),(522,933)
"1973"bounds: (635,919),(673,918),(673,932),(635,933)
"1013"bounds: (888,919),(926,918),(926,932),(888,933)
"KH"bounds: (183,943),(215,943),(215,957),(183,957)
"Wa"bounds: (224,944),(253,944),(253,958),(224,958)
"1014"bounds: (262,943),(302,943),(302,958),(262,958)
"1014"bounds: (522,944),(559,943),(559,956),(522,957)
"1973"bounds: (635,943),(673,942),(673,956),(635,957)
"1014"bounds: (888,943),(926,941),(927,955),(889,957)
"KH"bounds: (183,968),(216,968),(216,982),(183,982)
"Wa"bounds: (224,968),(254,968),(254,983),(224,983)
"1015"bounds: (263,968),(302,968),(302,983),(263,983)
"1015"bounds: (522,967),(560,966),(560,981),(522,982)
"1973"bounds: (635,967),(673,966),(673,981),(635,982)
"1015"bounds: (889,967),(927,967),(927,980),(889,980)
"KH"bounds: (183,992),(216,992),(216,1006),(183,1006)
"Wa"bounds: (225,993),(254,993),(254,1007),(225,1007)
"1016"bounds: (263,992),(302,992),(302,1007),(263,1007)
"1016"bounds: (523,992),(560,991),(560,1005),(523,1006)
"1973"bounds: (636,993),(673,991),(674,1005),(637,1007)
"1016"bounds: (889,991),(927,991),(927,1005),(889,1005)
"KH"bounds: (183,1017),(216,1017),(216,1031),(183,1031)
"Wa"bounds: (224,1017),(254,1017),(254,1031),(224,1031)
"1017"bounds: (263,1017),(302,1017),(302,1031),(263,1031)
"1017"bounds: (522,1016),(560,1015),(560,1030),(522,1031)
"1973"bounds: (636,1016),(674,1015),(674,1030),(636,1031)
"1017"bounds: (889,1016),(926,1016),(926,1030),(889,1030)
"KH"bounds: (183,1041),(216,1041),(216,1055),(183,1055)
"Wa"bounds: (225,1041),(254,1041),(254,1056),(225,1056)
"1018"bounds: (263,1040),(302,1040),(302,1056),(263,1056)
"KH"bounds: (183,1065),(216,1065),(216,1079),(183,1079)
"Wa"bounds: (225,1065),(254,1065),(254,1080),(225,1080)
"1019"bounds: (263,1065),(302,1065),(302,1080),(263,1080)
"KH"bounds: (181,1087),(219,1087),(219,1106),(181,1106)
"Wa"bounds: (230,1087),(255,1087),(255,1106),(230,1106)
"1020"bounds: (263,1090),(303,1090),(303,1104),(263,1104)
"1018"bounds: (523,1041),(561,1041),(561,1054),(523,1054)
"1973"bounds: (636,1040),(674,1040),(674,1054),(636,1054)
"1018"bounds: (888,1040),(926,1040),(926,1053),(888,1053)
"1019"bounds: (523,1065),(561,1066),(561,1079),(523,1078)
"1973"bounds: (637,1065),(674,1065),(674,1079),(637,1079)
"1019"bounds: (889,1064),(927,1064),(927,1078),(889,1078)
"1020"bounds: (524,1089),(562,1088),(562,1103),(524,1104)
"1973"bounds: (637,1089),(675,1089),(675,1103),(637,1103)
"1020"bounds: (889,1089),(928,1089),(928,1102),(889,1102)