Texts:

"PYR 1
A. Nik. M. 6524 - 4,90 x 3,60 x 1,20 cm.;
Compée
bas.
en
PYR 1
PYR 1
90
.4
2 La demièie dizaine estr
certaine bien que clao me
þotiion inhabituelle.
322
LE
"bounds: (67,63),(1116,63),(1116,1522),(67,1522)
"PYR"bounds: (71,63),(121,63),(121,79),(71,79)
"1"bounds: (137,63),(144,63),(144,79),(137,79)
"A."bounds: (708,594),(749,595),(748,612),(707,611)
"Nik."bounds: (751,595),(782,596),(781,613),(750,612)
"M."bounds: (782,597),(800,598),(799,614),(781,613)
"6524"bounds: (808,599),(844,600),(844,614),(808,613)
"-"bounds: (853,608),(858,608),(858,610),(853,610)
"4,90"bounds: (867,602),(895,603),(894,618),(867,617)
"x"bounds: (902,608),(908,608),(908,616),(902,616)
"3,60"bounds: (914,603),(955,604),(955,618),(914,617)
"x"bounds: (957,602),(965,602),(964,619),(956,619)
"1,20"bounds: (967,602),(998,603),(997,621),(966,620)
"cm.;"bounds: (1000,603),(1034,604),(1033,622),(999,621)
"Compée"bounds: (715,632),(770,632),(770,649),(715,649)
"bas."bounds: (815,628),(844,628),(844,644),(815,644)
"en"bounds: (784,637),(803,637),(803,643),(784,643)
"PYR"bounds: (101,876),(156,876),(156,895),(101,895)
"1"bounds: (179,876),(190,876),(190,895),(179,895)
"PYR"bounds: (625,875),(668,876),(668,893),(625,892)
"1"bounds: (680,877),(692,877),(692,892),(680,892)
"90"bounds: (1095,923),(1116,923),(1116,938),(1095,938)
".4"bounds: (197,947),(218,947),(218,962),(197,962)
"2"bounds: (295,1087),(306,1087),(306,1109),(295,1109)
"La"bounds: (305,1087),(327,1087),(327,1106),(305,1106)
"demièie"bounds: (342,1090),(417,1092),(417,1109),(342,1107)
"dizaine"bounds: (430,1092),(508,1094),(508,1112),(430,1110)
"estr"bounds: (520,1094),(550,1095),(550,1109),(520,1108)
"certaine"bounds: (262,1132),(341,1133),(341,1151),(262,1150)
"bien"bounds: (361,1131),(402,1132),(402,1150),(361,1149)
"que"bounds: (418,1138),(459,1139),(459,1153),(418,1152)
"clao"bounds: (471,1134),(521,1135),(521,1151),(471,1150)
"me"bounds: (527,1140),(572,1141),(572,1150),(527,1149)
"þotiion"bounds: (265,1169),(336,1168),(336,1198),(265,1199)
"inhabituelle."bounds: (360,1170),(513,1168),(513,1191),(360,1193)
"322"bounds: (67,1505),(103,1505),(103,1522),(67,1522)
"LE"bounds: (1067,922),(1066,955),(1035,954),(1036,921)