Texts:

"PI (2) 5la
PH(?) 5Ab
Sup. mut.
Sup. mut
.1
}法21义1
1个命10平4,L
.2
2
正?!个"丰2乳
.3
剧主月月 Y」キCE
.3
4 [][ nf些
中Fofi[
]t 学A
.4
.5
.4 Moraceo à gaucha et a choite de hl.
4 Put.
特!C]-0.
Sthe
PH(?)31 a
PH(?) 31 6
Aup. mut.
Sup. mut.
J个。
.4
と平
.1
t 主
.2
耳1
史
.3
3国月
正
年4
.3
.3
3 キCHE
.3
半?
.3
.4
1
.4
5
.4
4
升 3[
州 lo上立
年4[
.5
.4
319
王
产
"bounds: (55,208),(1174,208),(1174,1535),(55,1535)
"PI"bounds: (55,210),(79,210),(79,223),(55,223)
"(2)"bounds: (86,210),(110,210),(110,226),(86,226)
"5la"bounds: (117,208),(148,208),(148,223),(117,223)
"PH(?)"bounds: (659,210),(715,209),(715,226),(659,227)
"5Ab"bounds: (721,210),(756,210),(756,223),(721,223)
"Sup."bounds: (241,240),(278,241),(278,261),(241,260)
"mut."bounds: (283,240),(321,241),(321,261),(283,260)
"Sup."bounds: (876,244),(908,243),(908,260),(876,261)
"mut"bounds: (910,244),(940,243),(940,259),(910,260)
".1"bounds: (732,279),(749,279),(749,291),(732,291)
"}"bounds: (788,320),(837,320),(837,359),(788,359)
"法"bounds: (839,320),(871,320),(871,359),(839,359)
"21"bounds: (882,326),(953,326),(953,355),(882,355)
"义"bounds: (958,320),(1005,320),(1005,359),(958,359)
"1"bounds: (1007,320),(1019,320),(1019,359),(1007,359)
"1"bounds: (168,338),(209,338),(209,385),(168,385)
"个"bounds: (211,338),(241,338),(241,385),(211,385)
"命"bounds: (248,344),(291,344),(291,379),(248,379)
"10"bounds: (310,347),(373,347),(373,378),(310,378)
"平"bounds: (388,347),(413,347),(413,378),(388,378)
"4"bounds: (432,338),(461,338),(461,377),(432,377)
","bounds: (472,356),(475,356),(475,369),(472,369)
"L"bounds: (500,344),(529,344),(529,381),(500,381)
".2"bounds: (729,342),(744,342),(744,355),(729,355)
"2"bounds: (125,360),(138,360),(138,374),(125,374)
"正"bounds: (804,384),(831,384),(832,421),(805,421)
"?"bounds: (844,389),(869,389),(869,416),(844,416)
"!"bounds: (882,395),(887,395),(887,414),(882,414)
"个"bounds: (914,386),(943,386),(943,415),(914,415)
"""bounds: (954,388),(973,388),(973,415),(954,415)
"丰"bounds: (988,383),(1005,383),(1005,416),(988,416)
"2"bounds: (1018,385),(1029,385),(1029,414),(1018,414)
"乳"bounds: (1044,384),(1071,384),(1071,417),(1044,417)
".3"bounds: (733,401),(746,401),(746,414),(733,414)
"剧"bounds: (190,404),(215,404),(215,437),(190,437)
"主"bounds: (244,406),(265,406),(265,437),(244,437)
"月"bounds: (280,406),(293,406),(293,439),(280,439)
"月"bounds: (308,405),(323,405),(323,438),(308,438)
"Y"bounds: (344,405),(417,405),(417,434),(344,434)
"」"bounds: (432,417),(433,417),(433,430),(432,430)
"キ"bounds: (452,405),(467,405),(467,436),(452,436)
"CE"bounds: (484,406),(523,406),(523,437),(484,437)
".3"bounds: (125,419),(139,419),(139,435),(125,435)
"4"bounds: (736,456),(749,456),(749,475),(736,475)
"["bounds: (776,441),(801,441),(802,480),(777,480)
"]"bounds: (803,441),(815,441),(816,480),(804,480)
"["bounds: (817,440),(847,439),(848,478),(818,479)
"nf"bounds: (890,444),(1007,442),(1008,472),(891,474)
"些"bounds: (1026,440),(1065,439),(1066,470),(1027,471)
"中"bounds: (790,496),(837,496),(837,535),(790,535)
"Fofi"bounds: (839,496),(1023,497),(1023,536),(839,535)
"["bounds: (1025,497),(1037,497),(1037,536),(1025,536)
"]"bounds: (250,464),(267,464),(267,495),(250,495)
"t"bounds: (301,462),(343,462),(343,497),(301,497)
"学"bounds: (367,463),(461,464),(461,497),(367,496)
"A"bounds: (463,460),(528,460),(528,502),(463,502)
".4"bounds: (125,478),(138,478),(138,494),(125,494)
".5"bounds: (742,518),(751,518),(751,532),(742,532)
".4"bounds: (183,544),(199,544),(199,555),(183,555)
"Moraceo"bounds: (211,538),(259,538),(259,554),(211,554)
"à"bounds: (266,546),(274,546),(274,555),(266,555)
"gaucha"bounds: (284,543),(331,543),(331,559),(284,559)
"et"bounds: (344,538),(363,538),(363,559),(344,559)
"a"bounds: (366,538),(378,538),(378,559),(366,559)
"choite"bounds: (387,542),(427,542),(427,555),(387,555)
"de"bounds: (439,546),(459,546),(459,556),(439,556)
"hl."bounds: (476,538),(502,538),(502,559),(476,559)
"4"bounds: (767,607),(779,605),(781,618),(769,620)
"Put."bounds: (786,598),(813,593),(817,618),(791,623)
"特"bounds: (869,599),(894,598),(895,622),(870,623)
"!"bounds: (907,602),(911,602),(911,615),(907,615)
"C"bounds: (919,602),(931,602),(932,617),(920,617)
"]"bounds: (935,600),(942,600),(943,615),(936,615)
"-0"bounds: (946,600),(1008,598),(1009,615),(947,617)
"."bounds: (1013,611),(1015,611),(1015,613),(1013,613)
"Sthe"bounds: (815,608),(848,608),(848,620),(815,620)
"PH(?)31"bounds: (62,721),(129,721),(129,738),(62,738)
"a"bounds: (137,727),(149,727),(149,735),(137,735)
"PH(?)"bounds: (660,727),(705,727),(705,743),(660,743)
"31"bounds: (710,728),(727,728),(727,743),(710,743)
"6"bounds: (735,727),(744,727),(744,743),(735,743)
"Aup."bounds: (208,737),(248,734),(249,756),(209,759)
"mut."bounds: (250,734),(292,731),(293,753),(251,756)
"Sup."bounds: (787,785),(833,784),(833,803),(787,804)
"mut."bounds: (840,784),(882,783),(882,799),(840,800)
"J"bounds: (1060,815),(1073,814),(1076,846),(1063,848)
"个"bounds: (1076,815),(1109,812),(1112,844),(1079,848)
"。"bounds: (1125,815),(1134,814),(1135,829),(1127,830)
".4"bounds: (673,827),(691,827),(691,840),(673,840)
"と"bounds: (122,885),(149,885),(149,913),(122,913)
"平"bounds: (165,882),(184,882),(184,914),(165,914)
".1"bounds: (675,884),(693,884),(693,899),(675,899)
"t"bounds: (584,897),(527,899),(526,872),(583,870)
"主"bounds: (516,900),(495,901),(494,873),(515,872)
".2"bounds: (674,942),(687,942),(687,956),(674,956)
"耳"bounds: (518,996),(544,996),(544,1024),(518,1024)
"1"bounds: (559,997),(571,997),(571,1012),(559,1012)
"史"bounds: (710,980),(771,979),(771,1018),(710,1019)
".3"bounds: (81,1016),(95,1015),(96,1031),(82,1032)
"3"bounds: (126,1056),(141,1056),(142,1087),(127,1087)
"国"bounds: (150,1059),(165,1059),(165,1086),(150,1086)
"月"bounds: (176,1057),(191,1057),(192,1086),(177,1086)
"正"bounds: (960,1046),(989,1046),(989,1077),(960,1077)
"年"bounds: (1086,1048),(1124,1048),(1124,1077),(1086,1077)
"4"bounds: (1129,1051),(1144,1051),(1144,1067),(1129,1067)
".3"bounds: (672,1060),(686,1060),(686,1074),(672,1074)
".3"bounds: (81,1074),(93,1073),(94,1089),(82,1090)
"3"bounds: (81,1133),(95,1132),(96,1148),(82,1149)
"キ"bounds: (118,1117),(149,1114),(152,1153),(121,1156)
"CHE"bounds: (174,1118),(197,1116),(200,1149),(177,1151)
".3"bounds: (673,1120),(685,1120),(685,1133),(673,1133)
"半"bounds: (725,1159),(751,1159),(751,1191),(725,1191)
"?"bounds: (762,1162),(773,1162),(773,1191),(762,1191)
".3"bounds: (672,1178),(685,1178),(686,1192),(673,1192)
".4"bounds: (83,1191),(98,1191),(98,1208),(83,1208)
"1"bounds: (557,1228),(568,1228),(568,1242),(557,1242)
".4"bounds: (671,1233),(685,1233),(685,1250),(671,1250)
"5"bounds: (556,1291),(570,1291),(570,1306),(556,1306)
".4"bounds: (670,1292),(686,1292),(686,1309),(670,1309)
"4"bounds: (83,1309),(96,1309),(96,1325),(83,1325)
"升"bounds: (526,1346),(545,1346),(546,1382),(527,1382)
"3"bounds: (559,1352),(567,1352),(567,1365),(559,1365)
"["bounds: (574,1347),(583,1347),(583,1378),(574,1378)
"州"bounds: (780,1338),(809,1338),(809,1369),(780,1369)
"lo"bounds: (819,1339),(840,1339),(840,1367),(819,1367)
"上"bounds: (849,1338),(860,1338),(860,1368),(849,1368)
"立"bounds: (874,1337),(892,1337),(892,1367),(874,1367)
"年"bounds: (1102,1340),(1118,1340),(1118,1369),(1102,1369)
"4"bounds: (1130,1343),(1142,1343),(1142,1355),(1130,1355)
"["bounds: (1154,1339),(1165,1339),(1165,1368),(1154,1368)
".5"bounds: (669,1353),(679,1353),(679,1367),(669,1367)
".4"bounds: (83,1368),(97,1368),(97,1383),(83,1383)
"319"bounds: (1138,1518),(1174,1518),(1174,1535),(1138,1535)
"王"bounds: (991,1027),(991,1078),(958,1078),(958,1027)
"产"bounds: (571,1173),(571,1198),(550,1198),(550,1173)