Texts:

"TABLE DES MATIÈRES
AVANT-PROPOS..
IX
INTRODUCTION.
XI-XXIII
TABLETTES, NODULES ET RONDELLES
EDITES EN 1975 Ет 1976
1. ARKHANÈS..
1-19
2. КНANIA
I. TABLETTES...
II. NODULES..
III. RONDELLES.
21-101
103-111
113-146
3. ZAKROS..
147-209
"bounds: (170,395),(971,395),(971,912),(170,912)
"TABLE"bounds: (419,399),(500,398),(500,415),(419,416)
"DES"bounds: (520,399),(567,399),(567,416),(520,416)
"MATIÈRES"bounds: (587,396),(717,395),(717,416),(587,417)
"AVANT-PROPOS.."bounds: (170,510),(342,512),(342,528),(170,526)
"IX"bounds: (918,515),(938,515),(938,525),(918,525)
"INTRODUCTION."bounds: (171,548),(333,550),(333,566),(171,564)
"XI-XXIII"bounds: (884,553),(967,553),(967,562),(884,562)
"TABLETTES,"bounds: (317,632),(439,632),(439,651),(317,651)
"NODULES"bounds: (455,638),(547,638),(547,648),(455,648)
"ET"bounds: (561,632),(589,632),(589,651),(561,651)
"RONDELLES"bounds: (601,637),(717,637),(717,647),(601,647)
"EDITES"bounds: (393,663),(463,663),(463,678),(393,678)
"EN"bounds: (479,669),(503,669),(503,678),(479,678)
"1975"bounds: (520,662),(566,662),(566,678),(520,678)
"Ет"bounds: (581,669),(604,669),(604,678),(581,678)
"1976"bounds: (620,662),(665,662),(665,678),(620,678)
"1."bounds: (245,726),(259,726),(259,743),(245,743)
"ARKHANÈS.."bounds: (275,726),(405,727),(405,744),(275,743)
"1-19"bounds: (915,725),(957,725),(957,743),(915,743)
"2."bounds: (245,764),(260,764),(260,780),(245,780)
"КНANIA"bounds: (278,764),(359,764),(359,780),(278,780)
"I."bounds: (317,793),(344,793),(344,815),(317,815)
"TABLETTES..."bounds: (344,795),(479,796),(479,813),(344,812)
"II."bounds: (301,823),(339,824),(339,846),(301,845)
"NODULES.."bounds: (346,826),(460,828),(460,844),(346,842)
"III."bounds: (295,855),(338,856),(338,878),(295,877)
"RONDELLES."bounds: (346,857),(475,859),(475,875),(346,873)
"21-101"bounds: (902,794),(969,795),(969,813),(902,812)
"103-111"bounds: (891,825),(968,824),(968,842),(891,843)
"113-146"bounds: (891,857),(970,857),(970,873),(891,873)
"3."bounds: (245,895),(261,895),(261,911),(245,911)
"ZAKROS.."bounds: (277,895),(373,895),(373,911),(277,911)
"147-209"bounds: (892,893),(971,894),(971,912),(892,911)