Texts:

"ÉTUDES CRÉTOISES
PUBLIÉES PAR L'ÉCOLE FRANÇAISE D'ATHENES
ТОМЕ ХXI, 3
RECUEIL DES INSCRIPTIONS
EN LINÉAIRE A
VOLUME 3
TABLETTES, NODULES ET RONDELLES
ÉDITÉS EN 1975 ET 1976
"bounds: (250,394),(885,394),(885,919),(250,919)
"ÉTUDES"bounds: (399,396),(528,395),(528,420),(399,421)
"CRÉTOISES"bounds: (550,395),(730,394),(730,419),(550,420)
"PUBLIÉES"bounds: (359,445),(440,445),(440,458),(359,458)
"PAR"bounds: (452,448),(482,448),(482,458),(452,458)
"L'ÉCOLE"bounds: (492,444),(561,444),(561,457),(492,457)
"FRANÇAISE"bounds: (572,447),(664,447),(664,460),(572,460)
"D'ATHENES"bounds: (676,442),(770,442),(770,456),(676,456)
"ТОМЕ"bounds: (494,484),(568,485),(568,507),(494,506)
"ХXI,"bounds: (574,485),(641,486),(641,507),(574,506)
"3"bounds: (643,486),(651,486),(651,501),(643,501)
"RECUEIL"bounds: (250,622),(439,622),(439,653),(250,653)
"DES"bounds: (468,622),(543,622),(543,653),(468,653)
"INSCRIPTIONS"bounds: (574,620),(885,620),(885,651),(574,651)
"EN"bounds: (392,686),(453,686),(453,717),(392,717)
"LINÉAIRE"bounds: (482,681),(685,679),(685,717),(482,719)
"A"bounds: (716,685),(743,685),(743,714),(716,714)
"VOLUME"bounds: (507,772),(605,772),(605,788),(507,788)
"3"bounds: (619,772),(628,772),(628,788),(619,788)
"TABLETTES,"bounds: (264,849),(439,848),(439,876),(264,877)
"NODULES"bounds: (463,849),(611,848),(611,870),(463,871)
"ET"bounds: (632,848),(669,848),(669,869),(632,869)
"RONDELLES"bounds: (690,848),(872,847),(872,870),(690,871)
"ÉDITÉS"bounds: (402,887),(498,888),(498,919),(402,918)
"EN"bounds: (512,894),(553,894),(553,914),(512,914)
"1975"bounds: (576,893),(626,893),(626,915),(576,915)
"ET"bounds: (648,893),(683,893),(683,914),(648,914)
"1976"bounds: (706,892),(756,892),(756,914),(706,914)