Texts:

"81
781 -27
HT 53h.41
81 -27-65
HT 117b.11
781 -27-65
HT 39.21
781 -302
HT 79/"+ 783.3
HT 10a.1' 86a.1-2,b[. 1-21' 95a.3,b.3'
**2
81 -30-58
主本
81 -89
ZA 14.33
781 -51-53
*PH (?) 31b.21
81 -56-
нT 101.41
81 -56-06-69
HT 47a.1-2' 119.31
3月Z目
81 -56-53-57
HT 24a,1
HT 1.3' *422+759.3 49a.6-7
81 -56-55
88.5' 117a.3' 122a.6.7
PH(?) 31a.31
781 -56-55
HT 3.6'
3月月
81 -56-56
HT 88.4
781 -58-03
81 -59
XZA 13.13
HT 115h.41
81 -60
ARKH 2.13
ZA 20.43
HT 117a.2-31
81 -50-23
主业PY
81 -69-70-27
ZA 8.23
*ZA 27.23
81 -73-06-78
HT Wc 3014a-b2
781 -73-06-78L
HT 54a.2'
781 -77
*MI 2.25
781 -79-06
нТ 64.11
81 -79-30
HT 13.4' 85a.41
781 -80-02
HT 96a.5'
81 -80-65
нT 20.1-21
81 -81-01-6O
HT 117a.71
81 -305/
HT 27a.5'
81 -321
ZA 18a.13
}3目T立T非[
E
7- 81 -56-06-69-06-04
AP Za 2.14
01- 81 -06
нT 103.41
F3PI
HT 103.4-5' *104.1-2'
01- 81 -09-24
01- 81 -09-24L
*iT 103.21
上3P王O
IT 104,1-21
*KN Z£ 314
01- 81 -09-24-37
01- 81 -73-24
08- 81 -65-03-118
PA 1'
08- 81 -69-361
TY 3a.71
268
"bounds: (66,91),(1162,91),(1162,1529),(66,1529)
"81"bounds: (1148,91),(1162,91),(1162,104),(1148,104)
"781"bounds: (572,151),(609,152),(609,176),(572,175)
"-27"bounds: (611,154),(652,155),(652,176),(611,175)
"HT"bounds: (822,157),(838,155),(839,166),(823,168)
"53h.41"bounds: (848,154),(896,149),(898,167),(850,172)
"81"bounds: (584,191),(602,190),(602,205),(584,206)
"-27-65"bounds: (611,192),(660,190),(660,201),(611,203)
"HT"bounds: (822,190),(838,188),(839,201),(824,203)
"117b.11"bounds: (850,188),(905,182),(907,199),(852,205)
"781"bounds: (578,222),(600,222),(600,237),(578,237)
"-27-65"bounds: (612,225),(660,225),(660,235),(612,235)
"HT"bounds: (822,224),(839,223),(840,234),(823,235)
"39.21"bounds: (848,217),(887,215),(888,233),(849,235)
"781"bounds: (570,255),(603,255),(603,274),(570,274)
"-302"bounds: (612,255),(652,255),(652,273),(612,273)
"HT"bounds: (822,257),(839,257),(839,268),(822,268)
"79/"+"bounds: (844,249),(893,248),(893,276),(845,277)
"783.3"bounds: (896,248),(940,247),(940,275),(897,276)
"HT"bounds: (823,290),(839,290),(839,301),(823,301)
"10a.1'"bounds: (851,281),(896,281),(896,302),(851,302)
"86a.1-2,b[."bounds: (908,286),(997,287),(997,304),(908,303)
"1-21'"bounds: (1002,283),(1039,283),(1039,302),(1002,302)
"95a.3,b.3'"bounds: (1052,281),(1132,282),(1132,311),(1052,310)
"**2"bounds: (253,282),(316,282),(316,305),(253,305)
"81"bounds: (587,292),(601,291),(601,302),(587,303)
"-30-58"bounds: (611,292),(660,290),(660,302),(611,304)
"主"bounds: (255,318),(265,318),(265,338),(255,338)
"本"bounds: (274,311),(292,311),(292,343),(274,343)
"81"bounds: (585,326),(603,326),(603,341),(585,341)
"-89"bounds: (612,327),(636,327),(636,344),(612,344)
"ZA"bounds: (824,324),(839,323),(839,334),(824,335)
"14.33"bounds: (850,317),(889,315),(890,334),(851,336)
"781"bounds: (569,358),(602,356),(603,378),(570,380)
"-51-53"bounds: (612,360),(661,357),(662,376),(613,379)
"*PH"bounds: (818,353),(849,352),(850,374),(819,375)
"(?)"bounds: (851,351),(872,350),(873,373),(852,374)
"31b.21"bounds: (882,352),(929,350),(930,369),(883,371)
"81"bounds: (585,394),(603,394),(603,409),(585,409)
"-56-"bounds: (612,390),(661,389),(661,409),(612,410)
"нT"bounds: (822,391),(839,390),(840,402),(823,403)
"101.41"bounds: (850,387),(896,383),(897,401),(852,405)
"81"bounds: (585,427),(602,427),(602,441),(585,441)
"-56-06-69"bounds: (612,427),(686,425),(686,437),(612,439)
"HT"bounds: (823,425),(839,425),(839,437),(823,437)
"47a.1-2'"bounds: (850,418),(913,417),(913,436),(850,437)
"119.31"bounds: (926,418),(972,417),(972,435),(926,436)
"3"bounds: (255,451),(269,451),(269,472),(255,472)
"月"bounds: (277,451),(289,451),(289,472),(277,472)
"Z"bounds: (301,451),(310,451),(310,471),(301,471)
"目"bounds: (322,450),(334,450),(334,472),(322,472)
"81"bounds: (585,460),(602,459),(603,474),(586,475)
"-56-53-57"bounds: (612,460),(686,457),(686,470),(612,473)
"HT"bounds: (823,460),(839,459),(840,469),(824,470)
"24a,1"bounds: (850,454),(896,451),(897,468),(851,471)
"HT"bounds: (824,492),(840,492),(840,503),(824,503)
"1.3'"bounds: (851,484),(879,484),(879,503),(851,503)
"*422+759.3"bounds: (891,484),(998,484),(998,511),(891,511)
"49a.6-7"bounds: (1005,481),(1068,481),(1068,513),(1005,513)
"81"bounds: (585,494),(603,493),(604,508),(586,509)
"-56-55"bounds: (612,495),(661,493),(661,503),(612,505)
"88.5'"bounds: (850,518),(888,518),(888,536),(850,536)
"117a.3'"bounds: (902,518),(955,517),(955,535),(902,536)
"122a.6.7"bounds: (970,518),(1039,517),(1039,535),(970,536)
"PH(?)"bounds: (824,559),(863,556),(864,572),(825,575)
"31a.31"bounds: (874,554),(922,551),(923,570),(875,573)
"781"bounds: (571,591),(604,591),(604,609),(571,609)
"-56-55"bounds: (613,595),(662,594),(662,604),(613,605)
"HT"bounds: (823,593),(840,592),(841,603),(824,604)
"3.6'"bounds: (849,587),(880,585),(881,602),(850,604)
"3"bounds: (253,614),(265,614),(265,636),(253,636)
"月"bounds: (273,615),(285,615),(285,638),(273,638)
"月"bounds: (298,614),(308,614),(308,637),(298,637)
"81"bounds: (586,629),(603,628),(604,642),(587,643)
"-56-56"bounds: (612,628),(662,626),(663,638),(613,640)
"HT"bounds: (824,625),(840,624),(841,636),(825,637)
"88.4"bounds: (850,621),(882,618),(884,638),(852,641)
"781"bounds: (569,656),(611,654),(612,679),(570,681)
"-58-03"bounds: (613,659),(679,656),(680,675),(614,678)
"81"bounds: (587,695),(605,694),(606,709),(588,710)
"-59"bounds: (614,689),(641,688),(642,710),(615,711)
"XZA"bounds: (825,654),(849,653),(850,670),(826,671)
"13.13"bounds: (861,652),(899,651),(900,670),(862,671)
"HT"bounds: (824,693),(841,692),(841,702),(824,703)
"115h.41"bounds: (852,687),(906,684),(907,702),(853,705)
"81"bounds: (588,727),(602,727),(602,737),(588,737)
"-60"bounds: (613,727),(638,726),(638,736),(613,737)
"ARKH"bounds: (823,724),(858,722),(859,736),(824,738)
"2.13"bounds: (868,719),(899,717),(900,735),(869,737)
"ZA"bounds: (825,761),(840,760),(841,771),(826,772)
"20.43"bounds: (851,753),(890,751),(891,771),(852,773)
"HT"bounds: (824,785),(841,784),(841,795),(824,796)
"117a.2-31"bounds: (852,780),(923,777),(924,796),(853,799)
"81"bounds: (586,785),(612,784),(613,799),(587,800)
"-50-23"bounds: (614,787),(663,785),(663,796),(614,798)
"主"bounds: (248,814),(262,814),(262,835),(248,835)
"业"bounds: (269,813),(285,813),(285,835),(269,835)
"PY"bounds: (295,812),(333,811),(333,835),(295,836)
"81"bounds: (587,821),(605,821),(605,834),(587,834)
"-69-70-27"bounds: (614,820),(688,818),(688,829),(614,831)
"ZA"bounds: (825,818),(840,817),(841,830),(826,831)
"8.23"bounds: (850,813),(882,811),(883,828),(851,831)
"*ZA"bounds: (825,847),(849,847),(849,864),(825,864)
"27.23"bounds: (860,845),(900,844),(900,862),(860,863)
"81"bounds: (588,888),(606,888),(606,902),(588,902)
"-73-06-78"bounds: (615,888),(688,886),(688,898),(615,900)
"HT"bounds: (825,887),(842,886),(843,896),(826,897)
"Wc"bounds: (851,886),(866,885),(867,898),(852,899)
"3014a-b2"bounds: (876,880),(942,876),(943,895),(877,899)
"781"bounds: (573,918),(606,918),(606,937),(573,937)
"-73-06-78L"bounds: (615,918),(706,918),(706,936),(615,936)
"HT"bounds: (825,920),(841,919),(842,930),(826,931)
"54a.2'"bounds: (851,915),(898,912),(899,930),(852,933)
"781"bounds: (567,946),(615,946),(615,973),(567,973)
"-77"bounds: (615,952),(655,952),(655,969),(615,969)
"*MI"bounds: (826,948),(848,948),(848,966),(826,966)
"2.25"bounds: (861,947),(892,946),(892,964),(861,965)
"781"bounds: (573,985),(606,985),(606,1004),(573,1004)
"-79-06"bounds: (615,985),(681,985),(681,1003),(615,1003)
"нТ"bounds: (818,983),(856,981),(857,1000),(819,1002)
"64.11"bounds: (858,981),(893,979),(894,998),(859,1000)
"81"bounds: (590,1023),(604,1022),(604,1032),(590,1033)
"-79-30"bounds: (615,1023),(664,1021),(664,1032),(615,1034)
"HT"bounds: (826,1022),(842,1022),(842,1032),(826,1032)
"13.4'"bounds: (854,1014),(890,1013),(890,1031),(854,1032)
"85a.41"bounds: (902,1014),(949,1013),(949,1031),(902,1032)
"781"bounds: (572,1051),(607,1050),(607,1070),(572,1071)
"-80-02"bounds: (616,1056),(664,1055),(664,1068),(616,1069)
"HT"bounds: (825,1055),(842,1054),(843,1065),(826,1066)
"96a.5'"bounds: (852,1050),(898,1047),(899,1065),(853,1068)
"81"bounds: (588,1090),(606,1089),(607,1104),(589,1105)
"-80-65"bounds: (615,1090),(664,1087),(665,1099),(616,1102)
"нT"bounds: (826,1089),(842,1088),(842,1099),(826,1100)
"20.1-21"bounds: (852,1082),(907,1080),(908,1098),(853,1100)
"81"bounds: (591,1124),(605,1124),(605,1133),(591,1133)
"-81-01-6O"bounds: (616,1123),(690,1123),(690,1134),(616,1134)
"HT"bounds: (825,1122),(842,1121),(843,1133),(826,1134)
"117a.71"bounds: (853,1118),(907,1114),(908,1132),(854,1136)
"81"bounds: (589,1157),(607,1157),(607,1172),(589,1172)
"-305/"bounds: (616,1153),(664,1153),(664,1171),(616,1171)
"HT"bounds: (826,1156),(842,1155),(843,1166),(827,1167)
"27a.5'"bounds: (851,1150),(899,1147),(900,1165),(852,1168)
"81"bounds: (589,1191),(607,1191),(607,1205),(589,1205)
"-321"bounds: (616,1190),(647,1190),(647,1200),(616,1200)
"ZA"bounds: (827,1190),(840,1189),(841,1200),(828,1201)
"18a.13"bounds: (853,1185),(900,1182),(901,1199),(854,1202)
"}"bounds: (234,1213),(247,1213),(247,1235),(234,1235)
"3"bounds: (252,1214),(263,1214),(263,1235),(252,1235)
"目"bounds: (274,1213),(286,1213),(286,1236),(274,1236)
"T"bounds: (297,1213),(312,1213),(312,1234),(297,1234)
"立"bounds: (316,1214),(338,1214),(338,1236),(316,1236)
"T"bounds: (344,1212),(358,1212),(358,1234),(344,1234)
"非"bounds: (365,1210),(384,1210),(384,1235),(365,1235)
"["bounds: (386,1211),(395,1211),(395,1234),(386,1234)
"E"bounds: (474,1224),(480,1224),(480,1234),(474,1234)
"7-"bounds: (557,1221),(581,1221),(581,1239),(557,1239)
"81"bounds: (590,1225),(608,1225),(608,1241),(590,1241)
"-56-06-69-06-04"bounds: (616,1221),(758,1220),(758,1239),(616,1240)
"AP"bounds: (825,1223),(842,1222),(842,1233),(825,1234)
"Za"bounds: (851,1219),(871,1218),(872,1236),(852,1237)
"2.14"bounds: (878,1218),(909,1217),(910,1234),(879,1235)
"01-"bounds: (558,1258),(581,1258),(581,1268),(558,1268)
"81"bounds: (592,1258),(605,1258),(605,1268),(592,1268)
"-06"bounds: (616,1258),(639,1258),(639,1268),(616,1268)
"нT"bounds: (826,1257),(843,1256),(843,1267),(826,1268)
"103.41"bounds: (854,1249),(899,1248),(900,1268),(855,1269)
"F3PI"bounds: (229,1279),(310,1279),(310,1302),(229,1302)
"HT"bounds: (827,1291),(843,1291),(843,1302),(827,1302)
"103.4-5'"bounds: (854,1281),(916,1282),(916,1303),(854,1302)
"*104.1-2'"bounds: (937,1281),(1009,1282),(1009,1311),(937,1310)
"01-"bounds: (557,1292),(581,1292),(581,1302),(557,1302)
"81"bounds: (593,1292),(605,1292),(605,1302),(593,1302)
"-09-24"bounds: (617,1291),(665,1291),(665,1302),(617,1302)
"01-"bounds: (557,1326),(581,1326),(581,1336),(557,1336)
"81"bounds: (589,1326),(608,1326),(608,1341),(589,1341)
"-09-24L"bounds: (616,1322),(682,1322),(682,1341),(616,1341)
"*iT"bounds: (826,1319),(851,1318),(851,1336),(826,1337)
"103.21"bounds: (862,1318),(908,1317),(908,1337),(862,1338)
"上"bounds: (228,1346),(238,1346),(238,1369),(228,1369)
"3P"bounds: (251,1345),(286,1345),(286,1373),(251,1373)
"王"bounds: (295,1346),(310,1346),(310,1369),(295,1369)
"O"bounds: (319,1346),(333,1346),(333,1369),(319,1369)
"IT"bounds: (821,1353),(853,1351),(854,1375),(822,1377)
"104,1-21"bounds: (854,1354),(916,1351),(917,1370),(855,1373)
"*KN"bounds: (827,1388),(851,1388),(851,1405),(827,1405)
"Z£"bounds: (861,1393),(875,1393),(875,1404),(861,1404)
"314"bounds: (886,1385),(909,1385),(909,1405),(886,1405)
"01-"bounds: (558,1360),(581,1360),(581,1370),(558,1370)
"81"bounds: (592,1359),(605,1359),(605,1370),(592,1370)
"-09-24-37"bounds: (616,1360),(690,1360),(690,1370),(616,1370)
"01-"bounds: (557,1394),(581,1394),(581,1404),(557,1404)
"81"bounds: (591,1394),(605,1394),(605,1404),(591,1404)
"-73-24"bounds: (616,1394),(664,1394),(664,1405),(616,1405)
"08-"bounds: (557,1428),(581,1428),(581,1440),(557,1440)
"81"bounds: (591,1428),(605,1428),(605,1440),(591,1440)
"-65-03-118"bounds: (616,1428),(699,1428),(699,1440),(616,1440)
"PA"bounds: (826,1428),(842,1428),(842,1441),(826,1441)
"1'"bounds: (853,1420),(865,1420),(865,1440),(853,1440)
"08-"bounds: (557,1466),(581,1466),(581,1477),(557,1477)
"81"bounds: (589,1467),(607,1467),(607,1483),(589,1483)
"-69-361"bounds: (611,1461),(673,1461),(673,1484),(611,1484)
"TY"bounds: (825,1466),(842,1464),(843,1477),(826,1479)
"3a.71"bounds: (850,1461),(890,1457),(892,1477),(852,1481)
"268"bounds: (66,1511),(103,1511),(103,1529),(66,1529)