Texts:

"XXVI
INSCRIPTIONS EN LINÉAIRE A
No d'inventaire
Pugliese
1945
GORILA
Raccords
Bennett
Brice
Pugliese
Raison-Pope
1958
1961
1963
1971
HM
Pigorini
HT 91
91
91
91
1318
HT 92
92
92
92
1324
+frr. LG
+1541+ fr.
LG
HT 93
93
93
93
1307
HT 94
94
94
94
1316
HT 95
HT 96
95
+149 WB
95+149
96
95+149
95+149
1320
96
96
1329
HT 97
97
97[+]109*
97[+]109? 97[+]109
97
1330
HT 98
98
98
98
1331
HT 99
99
99
99
1334
HT 100
HT 101
100
100
100
1306
101
101
101
1308
HT 102
102
102
102
1310
HT 103
HT 104
103
103
103
1315
104
104
104
1317
HT 105
105
105
105
1321
HT 106
106
106
106
1323
HT 107
HT 108
107
107
107
1325
108
+fr. ELB
108+fr.
108+fr.
109
108+fr.
109[+]97 ? 109[+]97
110+fr.
1326
HT 109
109
1333
HT 110
110
+fr. ELB
110+fr.
110+fr.
1319
HT 111
111
111
111
1327
HT 112
112
112
112
1346
1332
HT 113
113
113
113
113 bis 95
(HT 113 bis)
HT 113 ter
HT 114
= 149 b
= 149 b
113 ter
113 ter b
113 ter
113 ter
114
114
114
83735
HT 115
115
115
115
1360
HT 116
116
116
116
1361
HT 117
117
118
117
117
1364
HT 118
118
118
83734
HT 119
119
119
119
1362
HT 120
120
120
120
1363
HT 121
121
121
121
1365
HT 122
HT 123
122
122
122
1366
123
+124 ELB
123
123+124
(124+123)
123+124
(124+123) (124+123) (124+123)
125
123+124
123+124 1367+1371
(HT 124)
HT 125
124
125
125
* MP, Nestor,
* cf. ci-dessus,
p. 69
р. ххII
:::::::::::土::::
"bounds: (169,185),(1148,185),(1148,1336),(169,1336)
"XXVI"bounds: (262,185),(304,185),(304,195),(262,195)
"INSCRIPTIONS"bounds: (527,187),(643,187),(643,197),(527,197)
"EN"bounds: (656,188),(677,188),(677,197),(656,197)
"LINÉAIRE"bounds: (691,185),(771,185),(771,198),(691,198)
"A"bounds: (784,190),(794,190),(794,199),(784,199)
"No"bounds: (999,253),(1036,254),(1036,269),(999,268)
"d'inventaire"bounds: (1038,253),(1121,254),(1121,270),(1038,269)
"Pugliese"bounds: (306,264),(365,263),(365,276),(306,277)
"1945"bounds: (320,283),(352,284),(352,295),(320,294)
"GORILA"bounds: (195,269),(249,269),(249,280),(195,280)
"Raccords"bounds: (408,271),(475,272),(475,282),(408,281)
"Bennett"bounds: (524,265),(583,265),(583,276),(524,276)
"Brice"bounds: (654,266),(691,266),(691,276),(654,276)
"Pugliese"bounds: (763,266),(823,265),(823,280),(763,281)
"Raison-Pope"bounds: (860,267),(953,268),(953,282),(860,281)
"1958"bounds: (538,285),(570,285),(570,296),(538,296)
"1961"bounds: (657,286),(687,286),(687,297),(657,297)
"1963"bounds: (778,287),(809,287),(809,298),(778,298)
"1971"bounds: (891,288),(920,288),(920,299),(891,299)
"HM"bounds: (1007,295),(1032,295),(1032,306),(1007,306)
"Pigorini"bounds: (1091,296),(1148,296),(1148,310),(1091,310)
"HT"bounds: (170,348),(198,348),(198,363),(170,363)
"91"bounds: (206,348),(225,348),(225,364),(206,364)
"91"bounds: (315,350),(332,350),(332,363),(315,363)
"91"bounds: (669,352),(685,352),(685,366),(669,366)
"91"bounds: (789,353),(805,353),(805,367),(789,367)
"1318"bounds: (1000,355),(1038,355),(1038,369),(1000,369)
"HT"bounds: (170,373),(198,373),(198,387),(170,387)
"92"bounds: (206,373),(226,373),(226,387),(206,387)
"92"bounds: (315,374),(335,374),(335,388),(315,388)
"92"bounds: (669,376),(688,376),(688,390),(669,390)
"92"bounds: (789,377),(808,377),(808,391),(789,391)
"1324"bounds: (1000,377),(1038,378),(1038,393),(1000,392)
"+frr."bounds: (384,398),(435,396),(436,418),(385,420)
"LG"bounds: (446,399),(471,398),(472,413),(447,414)
"+1541+"bounds: (392,423),(467,423),(467,440),(392,440)
"fr."bounds: (474,424),(492,424),(492,442),(474,442)
"LG"bounds: (467,448),(492,448),(492,462),(467,462)
"HT"bounds: (171,397),(198,397),(198,411),(171,411)
"93"bounds: (206,397),(226,397),(226,411),(206,411)
"93"bounds: (315,398),(334,398),(334,412),(315,412)
"93"bounds: (669,400),(688,400),(688,414),(669,414)
"93"bounds: (789,401),(808,401),(808,415),(789,415)
"1307"bounds: (1000,403),(1038,403),(1038,417),(1000,417)
"HT"bounds: (171,421),(198,421),(198,435),(171,435)
"94"bounds: (207,422),(226,422),(226,436),(207,436)
"94"bounds: (315,422),(334,422),(334,436),(315,436)
"94"bounds: (669,424),(688,424),(688,439),(669,439)
"94"bounds: (789,425),(808,425),(808,439),(789,439)
"1316"bounds: (1001,427),(1038,427),(1038,441),(1001,441)
"HT"bounds: (171,469),(199,470),(199,485),(171,484)
"95"bounds: (207,469),(226,470),(225,486),(207,485)
"HT"bounds: (171,494),(198,494),(198,508),(171,508)
"96"bounds: (206,494),(226,494),(226,509),(206,509)
"95"bounds: (315,471),(334,471),(334,485),(315,485)
"+149"bounds: (391,472),(439,471),(439,487),(391,488)
"WB"bounds: (448,472),(480,472),(480,485),(448,485)
"95+149"bounds: (637,473),(708,472),(708,489),(637,490)
"96"bounds: (670,497),(689,497),(689,511),(670,511)
"95+149"bounds: (758,473),(829,474),(829,491),(758,490)
"95+149"bounds: (871,475),(941,475),(941,491),(871,491)
"1320"bounds: (1000,476),(1038,476),(1038,490),(1000,490)
"96"bounds: (315,495),(335,495),(335,509),(315,509)
"96"bounds: (789,498),(808,498),(808,512),(789,512)
"1329"bounds: (1000,499),(1038,500),(1038,515),(1000,514)
"HT"bounds: (171,518),(198,518),(198,532),(171,532)
"97"bounds: (206,518),(226,518),(226,533),(206,533)
"97"bounds: (316,519),(334,519),(334,533),(316,533)
"97[+]109*"bounds: (385,518),(482,517),(482,538),(385,539)
"97[+]109?"bounds: (742,520),(843,521),(843,544),(742,543)
"97[+]109"bounds: (865,523),(950,524),(950,543),(865,542)
"97"bounds: (670,522),(688,522),(688,535),(670,535)
"1330"bounds: (1000,524),(1038,524),(1038,538),(1000,538)
"HT"bounds: (171,542),(198,542),(198,556),(171,556)
"98"bounds: (206,542),(226,542),(226,557),(206,557)
"98"bounds: (316,544),(334,544),(334,557),(316,557)
"98"bounds: (670,546),(689,546),(689,559),(670,559)
"98"bounds: (789,547),(808,547),(808,560),(789,560)
"1331"bounds: (1000,548),(1036,548),(1036,562),(1000,562)
"HT"bounds: (171,565),(198,566),(197,581),(170,580)
"99"bounds: (206,566),(226,567),(225,583),(205,582)
"99"bounds: (316,568),(335,568),(335,581),(316,581)
"99"bounds: (670,570),(689,570),(689,584),(670,584)
"99"bounds: (789,571),(808,571),(808,584),(789,584)
"1334"bounds: (1000,572),(1037,571),(1037,586),(1000,587)
"HT"bounds: (171,590),(199,591),(199,607),(171,606)
"100"bounds: (207,590),(236,591),(236,606),(207,605)
"HT"bounds: (171,614),(198,615),(198,630),(171,629)
"101"bounds: (207,614),(236,615),(236,631),(207,630)
"100"bounds: (307,592),(335,592),(335,605),(307,605)
"100"bounds: (661,595),(689,595),(689,607),(661,607)
"100"bounds: (781,595),(808,595),(808,608),(781,608)
"1306"bounds: (1000,596),(1038,597),(1038,611),(1000,610)
"101"bounds: (307,616),(332,616),(332,630),(307,630)
"101"bounds: (661,619),(685,619),(685,633),(661,633)
"101"bounds: (781,620),(806,620),(806,633),(781,633)
"1308"bounds: (1000,621),(1038,620),(1038,635),(1000,636)
"HT"bounds: (171,639),(198,639),(198,653),(171,653)
"102"bounds: (207,639),(236,639),(236,655),(207,655)
"102"bounds: (307,641),(335,641),(335,654),(307,654)
"102"bounds: (661,643),(689,643),(689,657),(661,657)
"102"bounds: (781,644),(808,644),(808,658),(781,658)
"1310"bounds: (1000,645),(1038,646),(1038,660),(1000,659)
"HT"bounds: (170,664),(198,664),(198,678),(170,678)
"103"bounds: (207,663),(236,663),(236,679),(207,679)
"HT"bounds: (171,687),(198,687),(198,702),(171,702)
"104"bounds: (207,688),(236,688),(236,702),(207,702)
"103"bounds: (307,665),(334,665),(334,678),(307,678)
"103"bounds: (661,667),(688,666),(688,680),(661,681)
"103"bounds: (781,668),(808,668),(808,681),(781,681)
"1315"bounds: (1000,670),(1038,671),(1038,685),(1000,684)
"104"bounds: (307,689),(334,689),(334,703),(307,703)
"104"bounds: (661,691),(688,691),(688,705),(661,705)
"104"bounds: (781,693),(807,693),(807,706),(781,706)
"1317"bounds: (1000,694),(1037,694),(1037,708),(1000,708)
"HT"bounds: (170,712),(198,712),(198,726),(170,726)
"105"bounds: (207,712),(236,712),(236,727),(207,727)
"105"bounds: (307,713),(334,713),(334,727),(307,727)
"105"bounds: (661,715),(688,714),(688,728),(661,729)
"105"bounds: (781,717),(808,717),(808,730),(781,730)
"1321"bounds: (1000,718),(1035,718),(1035,732),(1000,732)
"HT"bounds: (170,736),(198,736),(198,750),(170,750)
"106"bounds: (206,736),(235,736),(235,751),(206,751)
"106"bounds: (307,738),(335,738),(335,751),(307,751)
"106"bounds: (661,740),(688,740),(688,754),(661,754)
"106"bounds: (780,741),(808,741),(808,754),(780,754)
"1323"bounds: (1000,743),(1037,743),(1037,757),(1000,757)
"HT"bounds: (170,761),(198,761),(198,775),(170,775)
"107"bounds: (206,761),(235,761),(235,776),(206,776)
"HT"bounds: (170,785),(198,785),(198,799),(170,799)
"108"bounds: (206,785),(236,785),(236,800),(206,800)
"107"bounds: (307,762),(334,762),(334,776),(307,776)
"107"bounds: (661,764),(688,765),(688,778),(661,777)
"107"bounds: (780,765),(808,765),(808,779),(780,779)
"1325"bounds: (1000,767),(1037,767),(1037,781),(1000,781)
"108"bounds: (307,787),(334,787),(334,800),(307,800)
"+fr."bounds: (385,786),(427,784),(428,804),(386,806)
"ELB"bounds: (437,787),(478,785),(479,801),(438,803)
"108+fr."bounds: (520,784),(588,788),(587,807),(519,803)
"108+fr."bounds: (639,787),(707,789),(706,808),(638,806)
"109"bounds: (661,812),(688,813),(688,828),(661,827)
"108+fr."bounds: (759,789),(826,789),(826,808),(759,808)
"109[+]97"bounds: (746,811),(832,812),(832,834),(746,833)
"?"bounds: (834,812),(843,812),(843,834),(834,834)
"109[+]97"bounds: (865,813),(948,814),(948,833),(865,832)
"110+fr."bounds: (758,838),(826,838),(826,857),(758,857)
"1326"bounds: (1000,791),(1037,791),(1037,805),(1000,805)
"HT"bounds: (170,810),(198,810),(198,824),(170,824)
"109"bounds: (206,810),(236,810),(236,824),(206,824)
"109"bounds: (307,811),(334,811),(334,824),(307,824)
"1333"bounds: (999,815),(1037,815),(1037,829),(999,829)
"HT"bounds: (170,834),(198,834),(198,848),(170,848)
"110"bounds: (206,834),(236,834),(236,848),(206,848)
"110"bounds: (307,835),(334,835),(334,849),(307,849)
"+fr."bounds: (391,835),(426,834),(427,853),(392,854)
"ELB"bounds: (437,836),(477,834),(478,849),(438,851)
"110+fr."bounds: (520,834),(588,837),(587,857),(519,854)
"110+fr."bounds: (639,835),(707,837),(706,857),(638,855)
"1319"bounds: (1000,840),(1037,840),(1037,854),(1000,854)
"HT"bounds: (170,858),(198,858),(198,872),(170,872)
"111"bounds: (206,858),(235,858),(235,873),(206,873)
"111"bounds: (307,860),(332,860),(332,873),(307,873)
"111"bounds: (661,862),(686,862),(686,875),(661,875)
"111"bounds: (781,863),(805,863),(805,876),(781,876)
"1327"bounds: (999,864),(1037,864),(1037,879),(999,879)
"HT"bounds: (170,882),(198,882),(198,897),(170,897)
"112"bounds: (206,882),(236,882),(236,897),(206,897)
"112"bounds: (307,884),(334,884),(334,897),(307,897)
"112"bounds: (660,886),(688,886),(688,900),(660,900)
"112"bounds: (780,887),(808,887),(808,901),(780,901)
"1346"bounds: (999,888),(1037,889),(1037,906),(999,905)
"1332"bounds: (999,912),(1037,912),(1037,927),(999,927)
"HT"bounds: (170,907),(198,907),(198,921),(170,921)
"113"bounds: (206,907),(235,907),(235,921),(206,921)
"113"bounds: (306,908),(334,908),(334,922),(306,922)
"113"bounds: (660,910),(688,910),(688,924),(660,924)
"113"bounds: (780,911),(807,911),(807,925),(780,925)
"113"bounds: (306,932),(334,932),(334,946),(306,946)
"bis"bounds: (344,932),(366,932),(366,946),(344,946)
"95"bounds: (384,929),(407,929),(407,948),(384,948)
"(HT"bounds: (170,931),(205,931),(205,947),(170,947)
"113"bounds: (215,931),(242,931),(242,945),(215,945)
"bis)"bounds: (251,932),(279,932),(279,948),(251,948)
"HT"bounds: (170,955),(198,955),(198,969),(170,969)
"113"bounds: (206,955),(235,955),(235,970),(206,970)
"ter"bounds: (244,956),(264,956),(264,969),(244,969)
"HT"bounds: (170,979),(197,979),(197,994),(170,994)
"114"bounds: (206,979),(235,979),(235,994),(206,994)
"="bounds: (652,933),(662,933),(662,949),(652,949)
"149"bounds: (664,932),(687,932),(687,949),(664,949)
"b"bounds: (697,934),(704,934),(704,948),(697,948)
"="bounds: (770,934),(780,934),(780,950),(770,950)
"149"bounds: (781,935),(808,935),(808,949),(781,949)
"b"bounds: (817,935),(824,935),(824,949),(817,949)
"113"bounds: (306,956),(334,956),(334,970),(306,970)
"ter"bounds: (343,957),(363,957),(363,970),(343,970)
"113"bounds: (517,957),(544,957),(544,971),(517,971)
"ter"bounds: (554,958),(573,958),(573,972),(554,972)
"b"bounds: (583,958),(590,958),(590,972),(583,972)
"113"bounds: (660,959),(688,960),(688,973),(660,972)
"ter"bounds: (697,959),(717,959),(717,972),(697,972)
"113"bounds: (780,959),(807,959),(807,973),(780,973)
"ter"bounds: (816,960),(836,960),(836,974),(816,974)
"114"bounds: (306,981),(333,981),(333,994),(306,994)
"114"bounds: (660,983),(687,983),(687,997),(660,997)
"114"bounds: (780,984),(806,984),(806,998),(780,998)
"83735"bounds: (1091,985),(1141,985),(1141,999),(1091,999)
"HT"bounds: (170,1004),(197,1004),(197,1018),(170,1018)
"115"bounds: (206,1004),(235,1004),(235,1018),(206,1018)
"115"bounds: (306,1005),(333,1005),(333,1019),(306,1019)
"115"bounds: (660,1007),(687,1007),(687,1021),(660,1021)
"115"bounds: (780,1008),(807,1008),(807,1022),(780,1022)
"1360"bounds: (999,1010),(1037,1009),(1037,1023),(999,1024)
"HT"bounds: (170,1027),(197,1028),(197,1043),(170,1042)
"116"bounds: (206,1028),(235,1029),(235,1043),(206,1042)
"116"bounds: (306,1029),(333,1029),(333,1043),(306,1043)
"116"bounds: (661,1032),(687,1032),(687,1045),(661,1045)
"116"bounds: (780,1031),(808,1033),(807,1048),(779,1046)
"1361"bounds: (999,1033),(1034,1034),(1033,1048),(999,1047)
"HT"bounds: (170,1052),(197,1052),(197,1066),(170,1066)
"117"bounds: (206,1053),(235,1053),(235,1067),(206,1067)
"117"bounds: (658,1057),(687,1052),(689,1069),(661,1074)
"118"bounds: (660,1080),(687,1079),(687,1093),(660,1094)
"117"bounds: (306,1054),(333,1054),(333,1068),(306,1068)
"117"bounds: (779,1056),(807,1057),(806,1072),(778,1071)
"1364"bounds: (999,1059),(1036,1059),(1036,1072),(999,1072)
"HT"bounds: (170,1077),(197,1077),(197,1091),(170,1091)
"118"bounds: (206,1076),(235,1076),(235,1091),(206,1091)
"118"bounds: (306,1078),(333,1078),(333,1092),(306,1092)
"118"bounds: (779,1082),(807,1081),(807,1095),(779,1096)
"83734"bounds: (1091,1081),(1141,1082),(1141,1098),(1091,1097)
"HT"bounds: (170,1101),(197,1101),(197,1115),(170,1115)
"119"bounds: (206,1101),(235,1101),(235,1116),(206,1116)
"119"bounds: (306,1103),(333,1103),(333,1116),(306,1116)
"119"bounds: (660,1104),(687,1103),(688,1118),(661,1119)
"119"bounds: (779,1106),(806,1103),(807,1118),(780,1121)
"1362"bounds: (999,1107),(1037,1107),(1037,1121),(999,1121)
"HT"bounds: (170,1126),(197,1126),(197,1140),(170,1140)
"120"bounds: (206,1126),(235,1126),(235,1140),(206,1140)
"120"bounds: (306,1127),(333,1127),(333,1141),(306,1141)
"120"bounds: (660,1129),(687,1129),(687,1143),(660,1143)
"120"bounds: (779,1130),(807,1130),(807,1144),(779,1144)
"1363"bounds: (999,1132),(1036,1132),(1036,1146),(999,1146)
"HT"bounds: (170,1150),(197,1150),(197,1164),(170,1164)
"121"bounds: (205,1150),(234,1150),(234,1165),(205,1165)
"121"bounds: (306,1151),(331,1151),(331,1165),(306,1165)
"121"bounds: (660,1153),(685,1154),(685,1168),(660,1167)
"121"bounds: (780,1154),(803,1154),(803,1168),(780,1168)
"1365"bounds: (998,1156),(1036,1156),(1036,1170),(998,1170)
"HT"bounds: (169,1174),(197,1174),(197,1189),(169,1189)
"122"bounds: (205,1175),(235,1175),(235,1190),(205,1190)
"HT"bounds: (169,1198),(197,1199),(197,1215),(169,1214)
"123"bounds: (205,1199),(235,1200),(235,1216),(205,1215)
"122"bounds: (305,1176),(333,1176),(333,1190),(305,1190)
"122"bounds: (659,1178),(687,1178),(687,1192),(659,1192)
"122"bounds: (779,1179),(806,1179),(806,1193),(779,1193)
"1366"bounds: (999,1180),(1036,1180),(1036,1194),(999,1194)
"123"bounds: (305,1200),(333,1201),(333,1216),(305,1215)
"+124"bounds: (389,1201),(437,1201),(437,1218),(389,1218)
"ELB"bounds: (447,1201),(487,1201),(487,1215),(447,1215)
"123"bounds: (384,1224),(417,1226),(416,1241),(383,1239)
"123+124"bounds: (513,1201),(592,1202),(592,1219),(513,1218)
"(124+123)"bounds: (505,1226),(598,1226),(598,1244),(505,1244)
"123+124"bounds: (633,1201),(712,1202),(712,1219),(633,1218)
"(124+123)"bounds: (625,1226),(717,1227),(717,1245),(625,1244)
"(124+123)"bounds: (744,1227),(837,1228),(837,1246),(744,1245)
"(124+123)"bounds: (857,1228),(950,1229),(950,1248),(857,1247)
"125"bounds: (659,1251),(686,1251),(686,1265),(659,1265)
"123+124"bounds: (752,1203),(831,1204),(831,1221),(752,1220)
"123+124"bounds: (865,1204),(944,1204),(944,1220),(865,1220)
"1367+1371"bounds: (960,1202),(1066,1202),(1066,1222),(960,1222)
"(HT"bounds: (169,1223),(204,1224),(204,1243),(169,1242)
"124)"bounds: (215,1224),(248,1225),(248,1242),(215,1242)
"HT"bounds: (169,1248),(196,1248),(196,1262),(169,1262)
"125"bounds: (205,1248),(234,1248),(234,1263),(205,1263)
"124"bounds: (305,1225),(332,1225),(332,1239),(305,1239)
"125"bounds: (305,1249),(332,1249),(332,1263),(305,1263)
"125"bounds: (778,1252),(805,1252),(805,1266),(778,1266)
"*"bounds: (405,1295),(415,1295),(415,1312),(405,1312)
"MP,"bounds: (417,1295),(436,1295),(436,1313),(417,1313)
"Nestor,"bounds: (441,1299),(489,1300),(489,1313),(441,1312)
"*"bounds: (862,1298),(871,1298),(871,1314),(862,1314)
"cf."bounds: (873,1298),(888,1298),(888,1314),(873,1314)
"ci-dessus,"bounds: (890,1298),(956,1299),(956,1316),(890,1315)
"p."bounds: (392,1322),(403,1322),(403,1332),(392,1332)
"69"bounds: (412,1319),(427,1319),(427,1329),(412,1329)
"р."bounds: (856,1324),(873,1324),(873,1336),(856,1336)
"ххII"bounds: (877,1325),(913,1324),(913,1333),(877,1334)
":::::::::::"bounds: (921,542),(921,813),(888,813),(888,542)
"土"bounds: (921,815),(921,841),(888,841),(888,815)
"::::"bounds: (921,843),(921,932),(888,932),(888,843)