Texts:

"PH 13
a
HM 1514 - [3,30]x 2.4ox 0.90em.
b
302
1514
"bounds: (65,61),(1033,61),(1033,1521),(65,1521)
"PH"bounds: (68,61),(102,61),(102,77),(68,77)
"13"bounds: (115,61),(136,61),(136,77),(115,77)
"a"bounds: (67,340),(79,341),(78,353),(66,352)
"HM"bounds: (773,419),(799,419),(799,434),(773,434)
"1514"bounds: (809,419),(854,419),(854,435),(809,435)
"-"bounds: (860,429),(864,429),(864,430),(860,430)
"[3,30]x"bounds: (868,417),(933,417),(933,436),(868,436)
"2.4ox"bounds: (935,417),(976,417),(976,436),(935,436)
"0.90em."bounds: (978,422),(1033,422),(1033,433),(978,433)
"b"bounds: (65,748),(77,748),(77,766),(65,766)
"302"bounds: (66,1505),(102,1505),(102,1521),(66,1521)
"1514"bounds: (325,360),(323,402),(305,401),(307,359)