Texts:

"CABINET DU DY
OLE FRANGAISE
OLE T RANCIAIS
Cefael
collections de l'école française d'athènes en ligne
OU DIRE
"bounds: (36,91),(384,91),(384,311),(36,311)
"CABINET"bounds: (99,257),(188,273),(182,307),(93,291)
"DU"bounds: (195,271),(215,268),(220,299),(200,303)
"DY"bounds: (226,266),(235,264),(242,294),(233,296)
"OLE"bounds: (77,162),(132,127),(152,158),(97,193)
"FRANGAISE"bounds: (154,99),(320,118),(314,170),(148,151)
"OLE"bounds: (65,186),(161,163),(164,175),(68,199)
"T"bounds: (154,123),(172,119),(184,170),(166,175)
"RANCIAIS"bounds: (174,118),(286,91),(298,144),(187,171)
"Cefael"bounds: (36,166),(273,164),(274,233),(37,235)
"collections"bounds: (73,241),(141,241),(141,251),(73,251)
"de"bounds: (147,241),(158,241),(158,251),(147,251)
"l'école"bounds: (165,240),(205,240),(205,251),(165,251)
"française"bounds: (213,240),(267,240),(267,253),(213,253)
"d'athènes"bounds: (276,240),(331,240),(331,251),(276,251)
"en"bounds: (338,243),(349,243),(349,251),(338,251)
"ligne"bounds: (356,240),(384,240),(384,254),(356,254)
"OU"bounds: (174,277),(218,261),(230,295),(186,311)
"DIRE"bounds: (214,263),(266,244),(278,278),(226,297)