Texts:

"INTRODUCTION
XXIX
.4 Mallia.
Cinq tablettes et fragments trouvés par L. Renaudin et J. Charbon-
neaux, en 1923, dans le palais, dans la pièce actuellement dénommée
III 8.
Raison-Pope No inventaire
Chapouthier
1930
Pugliese
Bennett
Brice
GORILA
1945
1958
1961
1971
HM
МА 1
МА 2
МА 4
МА 6
МА 1
L. 1
M 1*
IV 10
1387
IV 11
1394
L. 2**
Н. 26
Н. 28, Н. 31
Н. 29
M 2
MA 2
МА 4
MA 6
1377
1380
28+31
MA 9***
1382
Mais n'est pas « a sezione triangolare » (contrairement à MA 2).
** L. 3 de Chapouthier 1930 (= M 3 de Pugliese 1945, III 11 de Brice 1961), éminemment
douteux, n'a pas été retenu.
*** Tant qu'à prendre MA 4
laisser H. 29 de côté; rappelons toutefois que ces trois numéros sont les seuls pour lesquels nous avons
fait preuve de laxisme, en compagnie
MA 6 avec Raison-Pope 1971, il n'y avait pas de raison de
la majorité de ceux qui viennent du « vano 25 » de Phaistos.
.5 Palaikastro.
Une tablette trouvée par R. C. Bosanquet en 1903, en ß 13.
Brice
Raison-Pope
No inventaire
Pugliese
1945
GORILA
1961
1971
HM
РК 1
Рс 1
IV 5
РK 1
86
.6 Раpoura.
Une tablette trouvée par un paysan peu avant 1906.
Raison-Pope
1971
Pugliese
Brice
No inventaire
GORILA
1945
1961
HM
PA 1
«Ре 2»
IV 7
РА 1
1336
"bounds: (162,184),(960,184),(960,1315),(162,1315)
"INTRODUCTION"bounds: (495,187),(623,186),(623,194),(495,195)
"XXIX"bounds: (914,184),(957,184),(957,193),(914,193)
".4"bounds: (166,238),(184,238),(184,254),(166,254)
"Mallia."bounds: (200,237),(273,237),(273,254),(200,254)
"Cinq"bounds: (212,285),(258,285),(258,307),(212,307)
"tablettes"bounds: (270,284),(360,283),(360,301),(270,302)
"et"bounds: (374,287),(391,287),(391,300),(374,300)
"fragments"bounds: (404,284),(507,283),(507,305),(404,306)
"trouvés"bounds: (520,285),(596,284),(596,300),(520,301)
"par"bounds: (609,289),(642,289),(642,304),(609,304)
"L."bounds: (656,282),(674,282),(674,299),(656,299)
"Renaudin"bounds: (689,282),(789,281),(789,298),(689,299)
"et"bounds: (802,285),(819,285),(819,298),(802,298)
"J."bounds: (833,281),(849,281),(849,298),(833,298)
"Charbon-"bounds: (863,280),(957,279),(957,297),(863,298)
"neaux,"bounds: (162,323),(230,322),(230,336),(162,337)
"en"bounds: (248,323),(269,323),(269,331),(248,331)
"1923,"bounds: (288,315),(338,314),(338,336),(288,337)
"dans"bounds: (357,315),(402,315),(402,331),(357,331)
"le"bounds: (419,315),(434,315),(434,331),(419,331)
"palais,"bounds: (452,314),(517,313),(517,335),(452,336)
"dans"bounds: (535,314),(580,314),(580,330),(535,330)
"la"bounds: (597,314),(613,314),(613,330),(597,330)
"pièce"bounds: (632,313),(681,312),(681,333),(632,334)
"actuellement"bounds: (698,313),(831,312),(831,329),(698,330)
"dénommée"bounds: (848,312),(957,311),(957,328),(848,329)
"III"bounds: (165,347),(192,347),(192,363),(165,363)
"8."bounds: (203,347),(218,347),(218,363),(203,363)
"Raison-Pope"bounds: (741,408),(836,407),(836,421),(741,422)
"No"bounds: (844,403),(867,403),(867,421),(844,421)
"inventaire"bounds: (879,403),(949,402),(949,420),(879,421)
"Chapouthier"bounds: (323,410),(415,408),(415,423),(323,425)
"1930"bounds: (354,430),(385,429),(385,440),(354,441)
"Pugliese"bounds: (453,410),(513,410),(513,424),(453,424)
"Bennett"bounds: (552,409),(612,409),(612,419),(552,419)
"Brice"bounds: (662,408),(699,408),(699,419),(662,419)
"GORILA"bounds: (208,422),(263,422),(263,432),(208,432)
"1945"bounds: (467,430),(499,430),(499,440),(467,440)
"1958"bounds: (567,429),(599,429),(599,440),(567,440)
"1961"bounds: (667,428),(696,428),(696,439),(667,439)
"1971"bounds: (773,428),(802,427),(802,438),(773,439)
"HM"bounds: (888,427),(913,427),(913,437),(888,437)
"МА"bounds: (774,487),(804,487),(804,506),(774,506)
"1"bounds: (806,490),(810,490),(810,504),(806,504)
"МА"bounds: (773,511),(808,512),(808,530),(773,529)
"2"bounds: (810,512),(814,512),(814,530),(810,530)
"МА"bounds: (770,537),(808,537),(808,554),(770,554)
"4"bounds: (810,537),(814,537),(814,554),(810,554)
"МА"bounds: (772,561),(807,560),(807,578),(772,579)
"6"bounds: (809,560),(813,560),(813,578),(809,578)
"МА"bounds: (204,491),(239,491),(239,508),(204,508)
"1"bounds: (236,493),(244,493),(244,507),(236,507)
"L."bounds: (307,490),(345,490),(345,508),(307,508)
"1"bounds: (344,494),(348,494),(348,507),(344,507)
"M"bounds: (462,492),(475,492),(475,505),(462,505)
"1*"bounds: (488,493),(502,493),(502,506),(488,506)
"IV"bounds: (658,491),(679,491),(679,505),(658,505)
"10"bounds: (690,491),(707,491),(707,504),(690,504)
"1387"bounds: (882,489),(919,489),(919,503),(882,503)
"IV"bounds: (659,515),(679,515),(679,529),(659,529)
"11"bounds: (690,516),(704,516),(704,529),(690,529)
"1394"bounds: (882,513),(920,513),(920,527),(882,527)
"L."bounds: (316,517),(332,517),(332,531),(316,531)
"2**"bounds: (342,517),(369,516),(369,530),(342,531)
"Н."bounds: (319,538),(345,538),(345,557),(319,557)
"26"bounds: (346,541),(364,541),(364,555),(346,555)
"Н."bounds: (319,563),(345,562),(345,582),(319,583)
"28,"bounds: (346,566),(370,565),(370,581),(346,582)
"Н."bounds: (381,565),(399,565),(399,580),(381,580)
"31"bounds: (409,566),(425,566),(425,580),(409,580)
"Н."bounds: (320,588),(346,588),(346,607),(320,607)
"29"bounds: (346,590),(365,590),(365,605),(346,605)
"M"bounds: (463,516),(475,516),(475,530),(463,530)
"2"bounds: (486,517),(494,517),(494,530),(486,530)
"MA"bounds: (197,517),(228,517),(228,531),(197,531)
"2"bounds: (236,517),(245,517),(245,532),(236,532)
"МА"bounds: (203,539),(240,539),(240,558),(203,558)
"4"bounds: (242,539),(247,539),(247,558),(242,558)
"MA"bounds: (196,566),(228,565),(228,580),(196,581)
"6"bounds: (236,566),(245,566),(245,581),(236,581)
"1377"bounds: (882,537),(920,536),(920,551),(882,552)
"1380"bounds: (882,561),(920,560),(920,575),(882,576)
"28+31"bounds: (551,564),(610,563),(610,581),(551,582)
"MA"bounds: (197,591),(228,590),(228,605),(197,606)
"9***"bounds: (236,591),(273,590),(273,604),(236,605)
"1382"bounds: (882,587),(920,586),(920,600),(882,601)
"Mais"bounds: (231,640),(264,640),(264,651),(231,651)
"n'est"bounds: (272,639),(306,639),(306,651),(272,651)
"pas"bounds: (314,643),(337,643),(337,653),(314,653)
"«"bounds: (346,637),(355,637),(355,653),(346,653)
"a"bounds: (356,643),(362,643),(362,650),(356,650)
"sezione"bounds: (370,640),(422,640),(422,650),(370,650)
"triangolare"bounds: (431,639),(512,638),(512,652),(431,653)
"»"bounds: (519,642),(523,642),(523,649),(519,649)
"(contrairement"bounds: (531,638),(642,637),(642,651),(531,652)
"à"bounds: (651,638),(657,638),(657,648),(651,648)
"MA"bounds: (665,636),(691,636),(691,648),(665,648)
"2)."bounds: (698,636),(715,636),(715,650),(698,650)
"**"bounds: (205,658),(246,658),(246,675),(205,675)
"L."bounds: (248,658),(258,658),(258,675),(248,675)
"3"bounds: (266,660),(272,660),(272,670),(266,670)
"de"bounds: (284,659),(299,659),(299,670),(284,670)
"Chapouthier"bounds: (311,660),(404,659),(404,672),(311,673)
"1930"bounds: (417,659),(448,659),(448,669),(417,669)
"(="bounds: (460,659),(479,659),(479,672),(460,672)
"M"bounds: (489,659),(500,659),(500,669),(489,669)
"3"bounds: (508,659),(514,659),(514,669),(508,669)
"de"bounds: (526,658),(541,658),(541,669),(526,669)
"Pugliese"bounds: (554,658),(614,658),(614,672),(554,672)
"1945,"bounds: (627,657),(664,657),(664,670),(627,670)
"III"bounds: (677,657),(696,657),(696,667),(677,667)
"11"bounds: (705,657),(718,657),(718,667),(705,667)
"de"bounds: (731,657),(746,657),(746,667),(731,667)
"Brice"bounds: (758,656),(795,656),(795,667),(758,667)
"1961),"bounds: (809,656),(851,656),(851,669),(809,669)
"éminemment"bounds: (862,655),(960,654),(960,665),(862,666)
"douteux,"bounds: (164,679),(229,678),(229,693),(164,694)
"n'a"bounds: (236,679),(257,679),(257,690),(236,690)
"pas"bounds: (265,683),(288,683),(288,693),(265,693)
"été"bounds: (295,680),(315,680),(315,690),(295,690)
"retenu."bounds: (322,679),(373,679),(373,690),(322,690)
"***"bounds: (210,696),(248,696),(248,713),(210,713)
"Tant"bounds: (249,700),(284,700),(284,710),(249,710)
"qu'à"bounds: (295,700),(326,700),(326,713),(295,713)
"prendre"bounds: (337,699),(394,699),(394,713),(337,713)
"MA"bounds: (405,698),(431,698),(431,710),(405,710)
"4"bounds: (437,698),(444,698),(444,710),(437,710)
"laisser"bounds: (163,720),(209,720),(209,731),(163,731)
"H."bounds: (217,717),(241,717),(241,733),(217,733)
"29"bounds: (243,717),(258,717),(258,733),(243,733)
"de"bounds: (265,719),(281,719),(281,730),(265,730)
"côté;"bounds: (289,719),(327,719),(327,732),(289,732)
"rappelons"bounds: (337,719),(408,719),(408,732),(337,732)
"toutefois"bounds: (417,718),(481,718),(481,730),(417,730)
"que"bounds: (489,721),(514,721),(514,731),(489,731)
"ces"bounds: (523,721),(544,721),(544,729),(523,729)
"trois"bounds: (552,718),(584,718),(584,728),(552,728)
"numéros"bounds: (592,718),(655,718),(655,728),(592,728)
"sont"bounds: (663,717),(693,717),(693,727),(663,727)
"les"bounds: (702,716),(719,716),(719,727),(702,727)
"seuls"bounds: (727,716),(762,716),(762,727),(727,727)
"pour"bounds: (770,719),(803,719),(803,730),(770,730)
"lesquels"bounds: (811,715),(868,715),(868,730),(811,730)
"nous"bounds: (876,718),(910,718),(910,725),(876,725)
"avons"bounds: (918,718),(960,718),(960,725),(918,725)
"fait"bounds: (164,740),(189,740),(189,751),(164,751)
"preuve"bounds: (196,740),(246,740),(246,754),(196,754)
"de"bounds: (253,739),(268,739),(268,750),(253,750)
"laxisme,"bounds: (275,739),(337,739),(337,753),(275,753)
"en"bounds: (344,742),(359,742),(359,750),(344,750)
"compagnie"bounds: (367,740),(447,739),(447,752),(367,753)
"MA"bounds: (479,698),(504,698),(504,710),(479,710)
"6"bounds: (511,698),(518,698),(518,710),(511,710)
"avec"bounds: (529,701),(561,701),(561,708),(529,708)
"Raison-Pope"bounds: (573,698),(667,697),(667,711),(573,712)
"1971,"bounds: (680,697),(716,697),(716,710),(680,710)
"il"bounds: (728,697),(735,697),(735,707),(728,707)
"n'y"bounds: (747,696),(768,696),(768,709),(747,709)
"avait"bounds: (780,696),(817,696),(817,706),(780,706)
"pas"bounds: (828,698),(852,698),(852,709),(828,709)
"de"bounds: (863,695),(878,695),(878,706),(863,706)
"raison"bounds: (889,695),(932,695),(932,706),(889,706)
"de"bounds: (944,695),(959,695),(959,706),(944,706)
"la"bounds: (476,737),(493,737),(493,752),(476,752)
"majorité"bounds: (496,738),(558,737),(558,750),(496,751)
"de"bounds: (566,738),(581,738),(581,748),(566,748)
"ceux"bounds: (589,740),(622,740),(622,749),(589,749)
"qui"bounds: (629,737),(652,737),(652,750),(629,750)
"viennent"bounds: (659,737),(723,736),(723,747),(659,748)
"du"bounds: (731,736),(748,736),(748,747),(731,747)
"«"bounds: (756,740),(760,740),(760,746),(756,746)
"vano"bounds: (767,738),(802,738),(802,747),(767,747)
"25"bounds: (809,736),(825,736),(825,746),(809,746)
"»"bounds: (832,739),(836,739),(836,745),(832,745)
"de"bounds: (843,736),(859,736),(859,746),(843,746)
"Phaistos."bounds: (866,734),(933,733),(933,746),(866,747)
".5"bounds: (169,832),(187,832),(187,848),(169,848)
"Palaikastro."bounds: (202,831),(323,831),(323,848),(202,848)
"Une"bounds: (216,879),(254,879),(254,895),(216,895)
"tablette"bounds: (265,878),(345,878),(345,894),(265,894)
"trouvée"bounds: (356,878),(433,878),(433,894),(356,894)
"par"bounds: (444,884),(477,884),(477,899),(444,899)
"R."bounds: (488,877),(509,877),(509,893),(488,893)
"C."bounds: (520,874),(552,874),(552,899),(520,899)
"Bosanquet"bounds: (550,877),(658,877),(658,898),(550,898)
"en"bounds: (669,882),(690,882),(690,891),(669,891)
"1903,"bounds: (702,874),(753,874),(753,895),(702,895)
"en"bounds: (764,881),(785,881),(785,891),(764,891)
"ß"bounds: (796,876),(804,876),(804,894),(796,894)
"13."bounds: (815,874),(842,874),(842,890),(815,890)
"Brice"bounds: (558,939),(596,940),(596,951),(558,950)
"Raison-Pope"bounds: (683,938),(777,938),(777,952),(683,952)
"No"bounds: (833,937),(851,937),(851,948),(833,948)
"inventaire"bounds: (858,936),(934,935),(934,947),(858,948)
"Pugliese"bounds: (394,941),(455,941),(455,955),(394,955)
"1945"bounds: (409,960),(441,959),(441,971),(409,972)
"GORILA"bounds: (230,951),(285,952),(285,963),(230,962)
"1961"bounds: (562,960),(592,960),(592,970),(562,970)
"1971"bounds: (715,958),(745,958),(745,969),(715,969)
"HM"bounds: (870,957),(895,957),(895,967),(870,967)
"РК"bounds: (237,1004),(275,1005),(275,1023),(237,1022)
"1"bounds: (277,1005),(281,1005),(281,1023),(277,1023)
"Рс"bounds: (409,1005),(438,1005),(438,1023),(409,1023)
"1"bounds: (438,1008),(441,1008),(441,1021),(438,1021)
"IV"bounds: (559,1006),(579,1006),(579,1019),(559,1019)
"5"bounds: (588,1006),(597,1006),(597,1019),(588,1019)
"РK"bounds: (706,1005),(748,1005),(748,1018),(706,1018)
"1"bounds: (750,1001),(752,1001),(752,1019),(750,1019)
"86"bounds: (872,1003),(891,1003),(891,1017),(872,1017)
".6"bounds: (170,1124),(189,1124),(189,1141),(170,1141)
"Раpoura."bounds: (204,1123),(296,1124),(296,1147),(204,1146)
"Une"bounds: (216,1171),(256,1171),(256,1187),(216,1187)
"tablette"bounds: (268,1170),(348,1170),(348,1187),(268,1187)
"trouvée"bounds: (360,1170),(438,1170),(438,1186),(360,1186)
"par"bounds: (450,1176),(483,1176),(483,1189),(450,1189)
"un"bounds: (495,1176),(519,1176),(519,1185),(495,1185)
"paysan"bounds: (531,1175),(604,1175),(604,1189),(531,1189)
"peu"bounds: (615,1175),(651,1175),(651,1189),(615,1189)
"avant"bounds: (663,1171),(721,1171),(721,1184),(663,1184)
"1906."bounds: (734,1168),(785,1168),(785,1183),(734,1183)
"Raison-Pope"bounds: (685,1230),(779,1232),(779,1246),(685,1244)
"1971"bounds: (719,1250),(748,1251),(748,1263),(719,1262)
"Pugliese"bounds: (396,1233),(456,1232),(456,1246),(396,1247)
"Brice"bounds: (560,1231),(597,1230),(597,1242),(560,1243)
"No"bounds: (834,1230),(852,1230),(852,1240),(834,1240)
"inventaire"bounds: (860,1229),(935,1228),(935,1240),(860,1241)
"GORILA"bounds: (232,1243),(287,1243),(287,1254),(232,1254)
"1945"bounds: (411,1253),(442,1253),(442,1264),(411,1264)
"1961"bounds: (564,1252),(593,1252),(593,1263),(564,1263)
"HM"bounds: (872,1250),(896,1250),(896,1260),(872,1260)
"PA"bounds: (236,1300),(262,1300),(262,1315),(236,1315)
"1"bounds: (271,1300),(279,1300),(279,1315),(271,1315)
"«Ре"bounds: (387,1297),(437,1297),(437,1315),(387,1315)
"2»"bounds: (437,1299),(458,1299),(458,1313),(437,1313)
"IV"bounds: (560,1299),(580,1299),(580,1312),(560,1312)
"7"bounds: (590,1298),(598,1298),(598,1312),(590,1312)
"РА"bounds: (715,1295),(742,1295),(742,1312),(715,1312)
"1"bounds: (744,1298),(747,1298),(747,1311),(744,1311)
"1336"bounds: (865,1296),(903,1296),(903,1310),(865,1310)