Texts:

"INSCRIPTIONS EN LINÉAIRE A
Wa 1516
Wa 1517
Wa 1518
HM 452.4
HM 452.5
HM 452.6
Wa 1519
Wa 1520
Wa 1521
HM 452.7
HM 452.8
HM 452.9
Wa 1522
Wa 1523
Wa 1524
HM 452. 10
HM 452. 11
HM 452.12
Wa 1525
Wa 1526
Wa 1527
HM 452.13
HM 452.14
HM 452.15
Wa 1528
Wa 1529
Wa 1530
HM 452.16
HM 452.17
HM 452.18
44
"bounds: (71,67),(1165,67),(1165,1521),(71,1521)
"INSCRIPTIONS"bounds: (505,70),(629,70),(629,81),(505,81)
"EN"bounds: (641,71),(663,71),(663,81),(641,81)
"LINÉAIRE"bounds: (674,67),(758,67),(758,82),(674,82)
"A"bounds: (769,72),(779,72),(779,82),(769,82)
"Wa"bounds: (223,147),(254,146),(254,160),(223,161)
"1516"bounds: (268,146),(309,145),(309,161),(268,162)
"Wa"bounds: (591,152),(622,152),(622,166),(591,166)
"1517"bounds: (636,152),(677,152),(677,167),(636,167)
"Wa"bounds: (952,153),(983,154),(983,168),(952,167)
"1518"bounds: (998,153),(1039,154),(1039,169),(998,168)
"HM"bounds: (341,350),(366,351),(365,367),(340,366)
"452.4"bounds: (377,351),(431,353),(430,368),(376,366)
"HM"bounds: (706,357),(729,357),(729,371),(706,371)
"452.5"bounds: (739,358),(787,359),(787,373),(739,372)
"HM"bounds: (1060,357),(1083,357),(1083,371),(1060,371)
"452.6"bounds: (1093,357),(1141,358),(1141,372),(1093,371)
"Wa"bounds: (227,414),(257,414),(257,429),(227,429)
"1519"bounds: (272,415),(313,415),(313,429),(272,429)
"Wa"bounds: (596,416),(627,416),(627,431),(596,431)
"1520"bounds: (642,417),(683,417),(683,432),(642,432)
"Wa"bounds: (956,419),(987,419),(987,433),(956,433)
"1521"bounds: (1002,418),(1041,418),(1041,434),(1002,434)
"HM"bounds: (348,619),(375,620),(374,635),(347,634)
"452.7"bounds: (386,621),(433,623),(432,637),(385,635)
"HM"bounds: (703,632),(725,633),(725,644),(703,643)
"452.8"bounds: (737,631),(782,632),(782,646),(737,645)
"HM"bounds: (1065,632),(1093,632),(1093,644),(1065,644)
"452.9"bounds: (1105,630),(1152,629),(1152,642),(1105,643)
"Wa"bounds: (225,685),(257,685),(257,699),(225,699)
"1522"bounds: (271,684),(312,684),(312,699),(271,699)
"Wa"bounds: (595,687),(626,688),(626,702),(595,701)
"1523"bounds: (641,687),(681,688),(681,704),(641,703)
"Wa"bounds: (955,688),(987,689),(987,703),(955,702)
"1524"bounds: (1001,689),(1042,690),(1042,705),(1001,704)
"HM"bounds: (342,896),(363,896),(363,907),(342,907)
"452."bounds: (374,895),(406,896),(406,910),(374,909)
"10"bounds: (412,898),(435,899),(435,910),(412,909)
"HM"bounds: (696,891),(722,893),(721,907),(695,905)
"452."bounds: (733,896),(766,899),(765,910),(732,907)
"11"bounds: (773,899),(793,901),(792,911),(772,909)
"HM"bounds: (1039,894),(1073,895),(1072,914),(1038,913)
"452.12"bounds: (1085,897),(1165,899),(1164,915),(1085,913)
"Wa"bounds: (223,955),(255,955),(255,969),(223,969)
"1525"bounds: (269,955),(309,955),(309,969),(269,969)
"Wa"bounds: (593,956),(624,957),(624,972),(593,971)
"1526"bounds: (638,957),(679,958),(679,973),(638,972)
"Wa"bounds: (955,959),(986,959),(986,973),(955,973)
"1527"bounds: (1001,959),(1042,959),(1042,973),(1001,973)
"HM"bounds: (331,1158),(358,1160),(357,1175),(330,1173)
"452.13"bounds: (372,1160),(440,1164),(439,1178),(371,1174)
"HM"bounds: (701,1166),(728,1166),(728,1180),(701,1180)
"452.14"bounds: (737,1166),(807,1166),(807,1179),(737,1179)
"HM"bounds: (1063,1168),(1088,1168),(1088,1181),(1063,1181)
"452.15"bounds: (1099,1167),(1155,1167),(1155,1182),(1099,1182)
"Wa"bounds: (225,1227),(257,1227),(257,1242),(225,1242)
"1528"bounds: (271,1227),(312,1227),(312,1242),(271,1242)
"Wa"bounds: (594,1230),(625,1230),(625,1244),(594,1244)
"1529"bounds: (640,1230),(680,1231),(680,1246),(640,1245)
"Wa"bounds: (957,1229),(989,1229),(989,1243),(957,1243)
"1530"bounds: (1003,1229),(1044,1229),(1044,1243),(1003,1243)
"HM"bounds: (346,1429),(371,1430),(370,1443),(345,1442)
"452.16"bounds: (380,1429),(440,1432),(439,1446),(379,1443)
"HM"bounds: (693,1424),(720,1425),(719,1440),(692,1439)
"452.17"bounds: (735,1423),(802,1425),(801,1443),(734,1441)
"HM"bounds: (1058,1428),(1083,1429),(1082,1444),(1057,1443)
"452.18"bounds: (1097,1430),(1158,1433),(1157,1448),(1096,1445)
"44"bounds: (71,1504),(95,1504),(95,1521),(71,1521)