Texts:

"ÉCOLE FR ANÇAISE D'ATHENES
ÉTUDES CRÉTOISES, XXI, 2
RECUEIL DES INSCRIPTIONS
EN LINÉAIRE A
VOLUME 2
NODULES, SCELLÉS ET RONDELLES
ÉDITÉS AVANT 1970
PAR
LOUIS GODART ET JEAN-PIERRE OLIVIER
Dépositaire :
LIBRAIRIE ORIENTALISTE PAUL GEUTHNER
12, RUE VAVIN, PARIS VIe
1979
"bounds: (173,181),(936,181),(936,1337),(173,1337)
"ÉCOLE"bounds: (343,185),(415,185),(415,200),(343,200)
"FR"bounds: (440,181),(471,181),(471,205),(440,205)
"ANÇAISE"bounds: (485,181),(600,181),(600,205),(485,205)
"D'ATHENES"bounds: (624,184),(786,184),(786,202),(624,202)
"ÉTUDES"bounds: (365,229),(470,231),(470,254),(365,252)
"CRÉTOISES,"bounds: (489,230),(641,232),(641,257),(489,255)
"XXI,"bounds: (661,233),(719,234),(719,258),(661,257)
"2"bounds: (735,235),(747,235),(747,253),(735,253)
"RECUEIL"bounds: (173,463),(395,463),(395,500),(173,500)
"DES"bounds: (431,463),(523,463),(523,500),(431,500)
"INSCRIPTIONS"bounds: (560,463),(936,463),(936,501),(560,501)
"EN"bounds: (355,543),(427,543),(427,580),(355,580)
"LINÉAIRE"bounds: (455,536),(695,536),(695,580),(455,580)
"A"bounds: (725,543),(760,543),(760,579),(725,579)
"VOLUME"bounds: (482,654),(600,654),(600,672),(482,672)
"2"bounds: (621,654),(632,654),(632,672),(621,672)
"NODULES,"bounds: (239,749),(417,748),(417,780),(239,781)
"SCELLÉS"bounds: (441,744),(588,743),(588,779),(441,780)
"ET"bounds: (602,749),(644,749),(644,772),(602,772)
"RONDELLES"bounds: (667,748),(874,747),(874,772),(667,773)
"ÉDITÉS"bounds: (383,792),(503,793),(503,822),(383,821)
"AVANT"bounds: (526,796),(649,797),(649,823),(526,822)
"1970"bounds: (672,796),(732,797),(732,824),(672,823)
"PAR"bounds: (540,858),(575,857),(575,870),(540,871)
"LOUIS"bounds: (310,902),(377,902),(377,918),(310,918)
"GODART"bounds: (394,902),(493,902),(493,918),(394,918)
"ET"bounds: (509,902),(536,902),(536,917),(509,917)
"JEAN-PIERRE"bounds: (553,902),(697,902),(697,918),(553,918)
"OLIVIER"bounds: (714,902),(806,902),(806,918),(714,918)
"Dépositaire"bounds: (494,1195),(610,1196),(610,1219),(494,1218)
":"bounds: (617,1203),(621,1203),(621,1213),(617,1213)
"LIBRAIRIE"bounds: (262,1233),(399,1233),(399,1250),(262,1250)
"ORIENTALISTE"bounds: (418,1234),(608,1234),(608,1250),(418,1250)
"PAUL"bounds: (628,1234),(694,1234),(694,1250),(628,1250)
"GEUTHNER"bounds: (713,1234),(856,1234),(856,1250),(713,1250)
"12,"bounds: (418,1267),(445,1267),(445,1285),(418,1285)
"RUE"bounds: (461,1272),(499,1272),(499,1281),(461,1281)
"VAVIN,"bounds: (515,1272),(582,1272),(582,1285),(515,1285)
"PARIS"bounds: (597,1267),(674,1267),(674,1285),(597,1285)
"VIe"bounds: (670,1268),(697,1268),(697,1281),(670,1281)
"1979"bounds: (536,1320),(581,1320),(581,1337),(536,1337)