Texts:

"34
34 -37-53
KN Zc 6.14
34 -65-04-73/
ZA 6a.1-25
E
[.7- 34 -50-39
TY 2.11
IJ-
34 -59-24
*HT 135b.11
A (4
本く半
10- 34 -41
HT 15.1' 140.1.2'
39- 34 -04
нT 116а.41
41-51- 34 -81-73
НT 110 а.11
199
"bounds: (181,323),(1161,323),(1161,1535),(181,1535)
"34"bounds: (587,323),(626,323),(626,353),(587,353)
"34"bounds: (540,506),(559,506),(559,522),(540,522)
"-37-53"bounds: (568,506),(616,505),(616,517),(568,518)
"KN"bounds: (727,505),(743,504),(744,515),(728,516)
"Zc"bounds: (751,501),(776,500),(777,519),(752,520)
"6.14"bounds: (778,499),(809,498),(810,515),(779,517)
"34"bounds: (541,540),(557,540),(557,553),(541,553)
"-65-04-73/"bounds: (568,535),(659,533),(659,551),(568,553)
"ZA"bounds: (728,539),(743,539),(743,550),(728,550)
"6a.1-25"bounds: (753,534),(810,533),(810,550),(753,551)
"E"bounds: (382,571),(389,571),(389,582),(382,582)
"[.7-"bounds: (483,569),(532,569),(532,587),(483,587)
"34"bounds: (543,573),(557,573),(557,583),(543,583)
"-50-39"bounds: (568,573),(616,573),(616,583),(568,583)
"TY"bounds: (727,573),(742,573),(742,584),(727,584)
"2.11"bounds: (754,566),(782,566),(782,583),(754,583)
"IJ-"bounds: (467,602),(533,603),(533,623),(467,622)
"34"bounds: (543,607),(557,607),(557,617),(543,617)
"-59-24"bounds: (568,603),(633,604),(633,623),(568,622)
"*HT"bounds: (727,602),(751,602),(751,617),(727,617)
"135b.11"bounds: (763,599),(816,599),(816,617),(763,617)
"A"bounds: (191,628),(215,628),(215,659),(191,659)
"(4"bounds: (218,628),(258,628),(258,660),(218,660)
"本"bounds: (182,658),(200,658),(199,689),(181,689)
"く"bounds: (210,657),(222,657),(221,686),(209,686)
"半"bounds: (231,662),(248,662),(247,687),(230,687)
"10-"bounds: (510,640),(532,640),(532,650),(510,650)
"34"bounds: (543,640),(557,640),(557,650),(543,650)
"-41"bounds: (568,640),(590,640),(590,650),(568,650)
"HT"bounds: (727,640),(743,640),(743,651),(727,651)
"15.1'"bounds: (755,632),(791,632),(791,651),(755,651)
"140.1.2'"bounds: (805,633),(867,632),(867,651),(805,652)
"39-"bounds: (500,671),(544,671),(544,686),(500,686)
"34"bounds: (543,674),(557,674),(557,683),(543,683)
"-04"bounds: (568,674),(590,674),(590,684),(568,684)
"нT"bounds: (726,674),(743,673),(743,684),(726,685)
"116а.41"bounds: (754,667),(807,665),(808,684),(755,686)
"41-51-"bounds: (484,706),(532,707),(532,718),(484,717)
"34"bounds: (543,707),(559,707),(559,720),(543,720)
"-81-73"bounds: (568,706),(616,707),(616,718),(568,717)
"НT"bounds: (726,707),(743,706),(744,717),(727,718)
"110"bounds: (754,707),(776,706),(777,718),(755,719)
"а.11"bounds: (786,701),(817,699),(818,715),(787,717)
"199"bounds: (1127,1518),(1161,1518),(1161,1535),(1127,1535)