Texts:

"CONCORDANCE GÉNÉRALE
109
N° D'ÉDITION
No D'INVENTAIRE
DATATION
SCRIBE
GORILA
KNOSSOS
1, р. 256
1, р. 258
2, р. 84
4, р. 75
4, р. 76
4, р. 118
4, р. 122
KN 1
HM 1267
MM III B
KN 2
HM 705
MM III B?
НМ 413
нм 2631
НМ 2600
нМ 2630
НМ 2629
KN Wc 3
MM III B
KN Zb 4
MM III B
KN Zb 5
KN Zc 6
KN Zc 7
(KN 8-9)
KN Za 10
(KN 11-12)
KN ZI 13
(KN 14-15)
KN Ze 16
MM III?
MM III?
vacantes
нM 2100
MR I
4, р. 8
vacantes
НМ 530
MM III-MR IA
4, р. 152
vacantes
Képhala. Tombe à
4, р. 138
tholos
НM 2394
НМ 2597
AM 1938.872
4,
4, р. 12
4, р. 14
4, р. 77
4, р. 164
1, р. 260
10
KN Za 17
KN Za 18
KN Za 19
MR I A
KN Zb 20
KN Zg <21>
KN 22
(KN 23)
[KN ( ?) Wc
<24>
HM 14278
HM?
MR I A
НМ «5800»
vacans
= HT We 3004
2, р. 84]
2, р. 84]
2, р. 85
4, р. 78
1, р. 262
2, р. 85
2, р. 85
4, р. 154
1, р. 264
2, p. 82
4, р. 79
4, р. 80
[KN Wc 25*
KN (P) Wc 28
KN Zb <27>
KN 28
нМ 343
Coll. privée
MM III B
нМ 708
нМ 344
нМ 345
НМ 540
НМ «1533 >
Нм 666
MM III B?
MM III B
KN We 29
KN Wc 30
KN ZI 31
KN (P) 32
KN Wb 33
KN Zb 34
KN Zb 35
MM III B
MR I A
NM 1160
Palais de Knossos. Ma-
gasin des pithos à mé-
daillons
KN Zb <36>
KN Zb <37>
KN Zb <38>
KN Zb <39>
4, р. 82
4, p. 82
4, р. 82
4, р. 82
4, р. 83
KN Zb 40
HM 21391
MR II?
КОРНINAS
KO Za 1
KO (P) Zf 2
4, р. 18
4, р. 158
нМ 2627
Khania M. 385
KYTHÉRA
4, р. 166
MM III B-
MR I A
KY Zg 1
Khora M.
* Non inscrit.
12
"bounds: (184,181),(963,181),(963,1373),(184,1373)
"CONCORDANCE"bounds: (450,186),(574,184),(574,196),(450,198)
"GÉNÉRALE"bounds: (588,182),(677,181),(677,196),(588,197)
"109"bounds: (934,181),(963,181),(963,195),(934,195)
"N°"bounds: (184,250),(228,250),(228,265),(184,265)
"D'ÉDITION"bounds: (230,249),(295,249),(295,265),(230,265)
"No"bounds: (358,250),(399,250),(399,263),(358,263)
"D'INVENTAIRE"bounds: (403,250),(499,251),(499,265),(403,264)
"DATATION"bounds: (574,252),(649,251),(649,261),(574,262)
"SCRIBE"bounds: (726,251),(777,252),(777,262),(726,261)
"GORILA"bounds: (864,250),(919,250),(919,261),(864,261)
"KNOSSOS"bounds: (526,304),(604,304),(604,317),(526,317)
"1,"bounds: (839,328),(861,327),(862,343),(840,344)
"р."bounds: (866,332),(878,332),(878,343),(866,343)
"256"bounds: (889,329),(914,328),(914,339),(889,340)
"1,"bounds: (840,349),(862,348),(863,364),(841,365)
"р."bounds: (866,348),(881,347),(882,363),(867,364)
"258"bounds: (889,348),(914,347),(915,360),(890,361)
"2,"bounds: (843,369),(855,368),(856,382),(844,383)
"р."bounds: (866,372),(879,371),(879,382),(866,383)
"84"bounds: (889,368),(905,367),(906,380),(890,381)
"4,"bounds: (843,390),(855,389),(856,402),(844,403)
"р."bounds: (866,392),(879,391),(879,402),(866,403)
"75"bounds: (890,389),(906,388),(906,399),(890,400)
"4,"bounds: (844,410),(855,410),(855,423),(844,423)
"р."bounds: (867,412),(879,412),(879,423),(867,423)
"76"bounds: (891,409),(906,409),(906,420),(891,420)
"4,"bounds: (844,430),(856,430),(856,443),(844,443)
"р."bounds: (867,433),(879,433),(879,443),(867,443)
"118"bounds: (892,430),(915,429),(915,440),(892,441)
"4,"bounds: (844,450),(856,450),(856,464),(844,464)
"р."bounds: (867,452),(879,452),(879,464),(867,464)
"122"bounds: (892,449),(916,448),(916,460),(892,461)
"KN"bounds: (190,332),(214,331),(214,343),(190,344)
"1"bounds: (225,331),(232,331),(232,343),(225,343)
"HM"bounds: (345,331),(370,331),(370,341),(345,341)
"1267"bounds: (383,331),(415,331),(415,341),(383,341)
"MM"bounds: (564,329),(592,329),(592,341),(564,341)
"III"bounds: (598,329),(618,329),(618,341),(598,341)
"B"bounds: (624,329),(634,329),(634,341),(624,341)
"KN"bounds: (190,352),(214,352),(214,364),(190,364)
"2"bounds: (225,352),(232,352),(232,364),(225,364)
"HM"bounds: (345,351),(370,351),(370,362),(345,362)
"705"bounds: (383,351),(406,351),(406,362),(383,362)
"MM"bounds: (565,350),(591,350),(591,361),(565,361)
"III"bounds: (601,350),(620,350),(620,361),(601,361)
"B?"bounds: (629,350),(649,350),(649,361),(629,361)
"НМ"bounds: (344,369),(387,368),(387,384),(344,385)
"413"bounds: (389,368),(407,368),(407,384),(389,384)
"нм"bounds: (344,389),(387,389),(387,405),(344,405)
"2631"bounds: (389,389),(415,389),(415,405),(389,405)
"НМ"bounds: (348,410),(385,409),(385,424),(348,425)
"2600"bounds: (387,409),(417,408),(417,423),(387,424)
"нМ"bounds: (349,430),(385,430),(385,444),(349,444)
"2630"bounds: (382,432),(416,432),(416,442),(382,442)
"НМ"bounds: (348,450),(385,450),(385,463),(348,463)
"2629"bounds: (383,452),(416,452),(416,463),(383,463)
"KN"bounds: (190,372),(214,372),(214,385),(190,385)
"Wc"bounds: (225,372),(249,372),(249,385),(225,385)
"3"bounds: (259,371),(266,371),(266,384),(259,384)
"MM"bounds: (564,370),(592,370),(592,382),(564,382)
"III"bounds: (599,369),(619,369),(619,382),(599,382)
"B"bounds: (626,369),(637,369),(637,382),(626,382)
"KN"bounds: (190,393),(214,393),(214,405),(190,405)
"Zb"bounds: (225,393),(244,393),(244,405),(225,405)
"4"bounds: (254,392),(262,392),(262,404),(254,404)
"MM"bounds: (564,410),(593,410),(593,422),(564,422)
"III"bounds: (600,410),(620,410),(620,422),(600,422)
"B"bounds: (626,410),(637,410),(637,422),(626,422)
"KN"bounds: (190,412),(215,412),(215,425),(190,425)
"Zb"bounds: (225,412),(244,412),(244,425),(225,425)
"5"bounds: (254,412),(262,412),(262,425),(254,425)
"KN"bounds: (190,433),(215,433),(215,445),(190,445)
"Zc"bounds: (228,431),(253,431),(253,446),(228,446)
"6"bounds: (254,433),(261,433),(261,445),(254,445)
"KN"bounds: (191,453),(215,453),(215,465),(191,465)
"Zc"bounds: (227,451),(251,451),(251,467),(227,467)
"7"bounds: (254,453),(261,453),(261,465),(254,465)
"(KN"bounds: (201,473),(231,472),(231,486),(201,487)
"8-9)"bounds: (243,473),(270,472),(270,485),(243,486)
"KN"bounds: (191,493),(215,493),(215,505),(191,505)
"Za"bounds: (225,492),(245,492),(245,505),(225,505)
"10"bounds: (255,492),(271,492),(271,504),(255,504)
"(KN"bounds: (201,513),(232,513),(232,527),(201,527)
"11-12)"bounds: (245,513),(288,513),(288,526),(245,526)
"KN"bounds: (191,533),(215,533),(215,544),(191,544)
"ZI"bounds: (227,530),(248,530),(248,546),(227,546)
"13"bounds: (253,532),(269,532),(269,544),(253,544)
"(KN"bounds: (201,553),(232,553),(232,567),(201,567)
"14-15)"bounds: (246,552),(288,552),(288,565),(246,565)
"KN"bounds: (191,572),(216,572),(216,585),(191,585)
"Ze"bounds: (227,570),(248,570),(248,586),(227,586)
"16"bounds: (255,572),(271,572),(271,584),(255,584)
"MM"bounds: (565,431),(591,431),(591,442),(565,442)
"III?"bounds: (602,430),(632,430),(632,442),(602,442)
"MM"bounds: (566,451),(591,451),(591,462),(566,462)
"III?"bounds: (602,450),(632,450),(632,462),(602,462)
"vacantes"bounds: (345,472),(404,472),(404,483),(345,483)
"нM"bounds: (349,489),(387,489),(387,505),(349,505)
"2100"bounds: (389,489),(418,489),(418,505),(389,505)
"MR"bounds: (566,491),(591,491),(591,502),(566,502)
"I"bounds: (604,491),(607,491),(607,501),(604,501)
"4,"bounds: (844,490),(856,489),(857,502),(845,503)
"р."bounds: (867,492),(880,491),(881,503),(868,504)
"8"bounds: (890,490),(898,490),(898,501),(890,501)
"vacantes"bounds: (345,512),(404,512),(404,523),(345,523)
"НМ"bounds: (347,530),(388,529),(388,544),(347,545)
"530"bounds: (390,528),(407,528),(407,543),(390,544)
"MM"bounds: (566,530),(594,530),(594,542),(566,542)
"III-MR"bounds: (598,529),(653,529),(653,543),(598,543)
"IA"bounds: (658,529),(679,529),(679,541),(658,541)
"4,"bounds: (845,529),(857,529),(857,543),(845,543)
"р."bounds: (868,532),(880,532),(880,542),(868,542)
"152"bounds: (893,529),(916,529),(916,540),(893,540)
"vacantes"bounds: (345,553),(404,552),(404,563),(345,564)
"Képhala."bounds: (346,572),(414,571),(414,585),(346,586)
"Tombe"bounds: (425,571),(476,570),(476,583),(425,584)
"à"bounds: (488,571),(495,571),(495,582),(488,582)
"4,"bounds: (845,569),(858,568),(859,582),(846,583)
"р."bounds: (868,572),(881,571),(882,583),(869,584)
"138"bounds: (893,569),(916,568),(917,579),(894,580)
"tholos"bounds: (355,592),(399,591),(399,602),(355,603)
"НM"bounds: (350,608),(388,608),(388,624),(350,624)
"2394"bounds: (390,608),(417,608),(417,624),(390,624)
"НМ"bounds: (350,629),(389,629),(389,644),(350,644)
"2597"bounds: (391,629),(419,629),(419,645),(391,645)
"AM"bounds: (351,650),(377,650),(377,663),(351,663)
"1938.872"bounds: (384,651),(448,650),(448,662),(384,663)
"4,"bounds: (846,609),(857,609),(857,622),(846,622)
"4,"bounds: (846,629),(857,629),(857,642),(846,642)
"р."bounds: (869,631),(881,631),(881,642),(869,642)
"12"bounds: (893,628),(908,628),(908,639),(893,639)
"4,"bounds: (846,649),(858,649),(858,663),(846,663)
"р."bounds: (869,651),(881,651),(881,662),(869,662)
"14"bounds: (894,648),(908,648),(908,658),(894,658)
"4,"bounds: (846,669),(858,669),(858,681),(846,681)
"р."bounds: (869,671),(881,671),(881,682),(869,682)
"77"bounds: (893,668),(908,667),(908,678),(893,679)
"4,"bounds: (846,689),(858,689),(858,702),(847,702)
"р."bounds: (869,692),(881,692),(881,703),(869,703)
"164"bounds: (894,688),(917,687),(917,699),(894,700)
"1,"bounds: (848,709),(858,709),(859,722),(849,722)
"р."bounds: (869,712),(881,711),(881,722),(869,723)
"260"bounds: (893,707),(918,706),(919,719),(894,720)
"10"bounds: (893,609),(908,608),(908,619),(893,620)
"KN"bounds: (192,612),(216,612),(216,625),(192,625)
"Za"bounds: (227,612),(246,612),(246,625),(227,625)
"17"bounds: (256,612),(272,612),(272,625),(256,625)
"KN"bounds: (192,632),(216,632),(216,644),(192,644)
"Za"bounds: (227,632),(246,632),(246,644),(227,644)
"18"bounds: (257,631),(272,631),(272,644),(257,644)
"KN"bounds: (192,652),(216,652),(216,664),(192,664)
"Za"bounds: (227,652),(246,652),(246,664),(227,664)
"19"bounds: (257,652),(273,652),(273,664),(257,664)
"MR"bounds: (567,670),(594,670),(594,681),(567,681)
"I"bounds: (607,667),(617,667),(617,684),(607,684)
"A"bounds: (620,669),(631,669),(631,681),(620,681)
"KN"bounds: (192,672),(217,672),(217,684),(192,684)
"Zb"bounds: (227,671),(246,671),(246,684),(227,684)
"20"bounds: (256,671),(273,671),(273,684),(256,684)
"KN"bounds: (192,692),(217,692),(217,705),(192,705)
"Zg"bounds: (227,692),(247,692),(247,706),(227,706)
"<21>"bounds: (259,692),(306,691),(306,703),(259,704)
"KN"bounds: (193,712),(217,711),(217,724),(193,725)
"22"bounds: (227,712),(244,712),(244,724),(227,724)
"(KN"bounds: (203,733),(234,733),(234,747),(203,747)
"23)"bounds: (245,733),(266,733),(266,747),(245,747)
"[KN"bounds: (195,753),(226,752),(226,766),(195,767)
"("bounds: (234,752),(236,752),(236,767),(234,767)
"?)"bounds: (242,752),(253,752),(253,767),(242,767)
"Wc"bounds: (261,752),(285,752),(285,763),(261,763)
"<24>"bounds: (204,773),(251,773),(251,784),(204,784)
"HM"bounds: (347,672),(373,672),(373,682),(347,682)
"14278"bounds: (386,671),(427,671),(427,682),(386,682)
"HM?"bounds: (347,692),(384,691),(384,702),(347,703)
"MR"bounds: (567,690),(594,690),(594,702),(567,702)
"I"bounds: (604,690),(610,690),(610,701),(604,701)
"A"bounds: (620,690),(631,690),(631,701),(620,701)
"НМ"bounds: (349,708),(388,708),(388,722),(349,722)
"«5800»"bounds: (390,708),(443,708),(443,722),(390,722)
"vacans"bounds: (347,735),(394,735),(394,742),(347,742)
"="bounds: (361,751),(372,751),(372,764),(361,764)
"HT"bounds: (371,751),(394,751),(394,762),(371,762)
"We"bounds: (405,752),(429,751),(429,761),(405,762)
"3004"bounds: (440,751),(472,750),(472,761),(440,762)
"2,"bounds: (847,749),(858,749),(858,762),(847,762)
"р."bounds: (870,751),(882,751),(882,762),(870,762)
"84]"bounds: (893,747),(915,746),(915,761),(893,762)
"2,"bounds: (847,788),(859,788),(859,802),(847,802)
"р."bounds: (870,791),(883,791),(883,802),(870,802)
"84]"bounds: (894,788),(916,788),(916,803),(894,803)
"2,"bounds: (847,808),(859,808),(859,822),(847,822)
"р."bounds: (870,811),(883,811),(883,822),(870,822)
"85"bounds: (894,807),(910,807),(910,819),(894,819)
"4,"bounds: (848,828),(859,827),(860,840),(849,841)
"р."bounds: (870,831),(883,830),(884,842),(871,843)
"78"bounds: (895,828),(910,827),(911,838),(896,839)
"1,"bounds: (844,848),(866,847),(867,863),(845,864)
"р."bounds: (871,851),(883,851),(883,862),(871,862)
"262"bounds: (894,848),(919,847),(919,858),(894,859)
"2,"bounds: (848,868),(860,868),(860,882),(848,882)
"р."bounds: (871,871),(883,871),(883,882),(871,882)
"85"bounds: (894,868),(910,868),(910,878),(894,879)
"2,"bounds: (848,888),(860,888),(860,901),(848,901)
"р."bounds: (871,891),(883,891),(883,902),(871,902)
"85"bounds: (894,888),(910,887),(910,898),(894,899)
"4,"bounds: (848,909),(860,908),(861,921),(849,922)
"р."bounds: (871,910),(884,909),(885,920),(872,921)
"154"bounds: (896,908),(919,907),(920,918),(897,919)
"1,"bounds: (850,928),(860,928),(860,940),(850,940)
"р."bounds: (871,930),(884,929),(884,940),(871,941)
"264"bounds: (895,927),(919,926),(919,937),(895,938)
"2,"bounds: (849,949),(860,948),(861,961),(850,962)
"p."bounds: (871,950),(884,949),(885,960),(872,961)
"82"bounds: (894,947),(911,946),(912,958),(895,959)
"4,"bounds: (849,967),(861,967),(861,981),(849,981)
"р."bounds: (872,970),(884,970),(884,982),(872,982)
"79"bounds: (896,967),(911,967),(911,978),(896,978)
"4,"bounds: (849,987),(861,986),(862,999),(850,1000)
"р."bounds: (872,990),(884,989),(885,1000),(873,1001)
"80"bounds: (895,987),(912,986),(913,997),(896,998)
"[KN"bounds: (194,793),(226,792),(226,806),(194,807)
"Wc"bounds: (237,793),(261,792),(261,803),(237,804)
"25*"bounds: (271,793),(294,792),(294,802),(271,803)
"KN"bounds: (193,812),(218,812),(218,825),(193,825)
"(P)"bounds: (229,812),(245,812),(245,827),(229,827)
"Wc"bounds: (257,811),(281,811),(281,824),(257,824)
"28"bounds: (291,811),(308,811),(308,823),(291,823)
"KN"bounds: (194,832),(218,832),(218,844),(194,844)
"Zb"bounds: (231,831),(250,831),(250,846),(231,846)
"<27>"bounds: (260,831),(307,831),(307,844),(260,844)
"KN"bounds: (194,852),(218,852),(218,864),(194,864)
"28"bounds: (229,852),(245,852),(245,864),(229,864)
"нМ"bounds: (351,790),(392,789),(392,804),(351,805)
"343"bounds: (394,789),(411,789),(411,804),(394,804)
"Coll."bounds: (353,807),(384,808),(384,827),(353,826)
"privée"bounds: (391,810),(436,811),(436,826),(391,825)
"MM"bounds: (568,830),(596,830),(596,842),(568,842)
"III"bounds: (606,829),(626,829),(626,841),(606,841)
"B"bounds: (636,829),(647,829),(647,841),(636,841)
"нМ"bounds: (351,849),(391,849),(391,863),(351,863)
"708"bounds: (393,849),(409,849),(409,863),(393,863)
"нМ"bounds: (352,869),(393,868),(393,884),(352,885)
"344"bounds: (395,869),(412,869),(412,884),(395,884)
"нМ"bounds: (352,889),(393,889),(393,904),(352,904)
"345"bounds: (395,889),(412,889),(412,904),(395,904)
"НМ"bounds: (352,910),(389,909),(389,924),(352,925)
"540"bounds: (387,911),(411,910),(411,921),(387,922)
"НМ"bounds: (350,931),(391,931),(391,942),(350,942)
"«1533"bounds: (399,930),(431,930),(431,941),(399,941)
">"bounds: (439,935),(442,935),(442,940),(439,940)
"Нм"bounds: (352,947),(391,947),(391,961),(352,961)
"666"bounds: (393,947),(411,947),(411,961),(393,961)
"MM"bounds: (569,851),(595,851),(595,861),(569,861)
"III"bounds: (608,850),(628,850),(628,860),(608,860)
"B?"bounds: (639,850),(659,850),(659,860),(639,860)
"MM"bounds: (569,870),(597,870),(597,882),(569,882)
"III"bounds: (607,869),(627,869),(627,881),(607,881)
"B"bounds: (636,869),(647,869),(647,881),(636,881)
"KN"bounds: (194,872),(218,872),(218,884),(194,884)
"We"bounds: (229,872),(253,872),(253,885),(229,885)
"29"bounds: (263,871),(279,871),(279,884),(263,884)
"KN"bounds: (194,892),(219,892),(219,904),(194,904)
"Wc"bounds: (229,892),(253,892),(253,904),(229,904)
"30"bounds: (263,892),(280,892),(280,904),(263,904)
"KN"bounds: (195,912),(219,912),(219,924),(195,924)
"ZI"bounds: (230,908),(254,908),(254,925),(230,925)
"31"bounds: (256,911),(272,911),(272,923),(256,923)
"KN"bounds: (195,932),(219,932),(219,944),(195,944)
"(P)"bounds: (230,931),(246,931),(246,946),(230,946)
"32"bounds: (256,931),(274,931),(274,944),(256,944)
"KN"bounds: (195,952),(219,952),(219,964),(195,964)
"Wb"bounds: (230,951),(256,951),(256,964),(230,964)
"33"bounds: (265,951),(281,951),(281,963),(265,963)
"KN"bounds: (195,971),(219,971),(219,983),(195,983)
"Zb"bounds: (230,971),(249,971),(249,984),(230,984)
"34"bounds: (259,970),(276,970),(276,984),(259,984)
"KN"bounds: (195,991),(220,991),(220,1004),(195,1004)
"Zb"bounds: (230,990),(249,990),(249,1003),(230,1003)
"35"bounds: (260,990),(276,990),(276,1004),(260,1004)
"MM"bounds: (569,890),(597,890),(597,902),(569,902)
"III"bounds: (607,889),(627,889),(627,901),(607,901)
"B"bounds: (637,889),(647,889),(647,901),(637,901)
"MR"bounds: (570,910),(598,910),(598,920),(570,920)
"I"bounds: (610,910),(617,910),(617,920),(610,920)
"A"bounds: (629,910),(639,910),(639,920),(629,920)
"NM"bounds: (350,971),(375,971),(375,981),(350,981)
"1160"bounds: (388,971),(420,971),(420,981),(388,981)
"Palais"bounds: (350,990),(394,990),(394,1002),(350,1002)
"de"bounds: (408,990),(424,990),(424,1002),(408,1002)
"Knossos."bounds: (437,989),(501,989),(501,1001),(437,1001)
"Ma-"bounds: (516,990),(543,990),(543,1000),(516,1000)
"gasin"bounds: (358,1010),(397,1010),(397,1025),(358,1025)
"des"bounds: (408,1010),(431,1010),(431,1022),(408,1022)
"pithos"bounds: (442,1009),(487,1009),(487,1024),(442,1024)
"à"bounds: (500,1010),(506,1010),(506,1020),(500,1020)
"mé-"bounds: (517,1010),(543,1010),(543,1020),(517,1020)
"daillons"bounds: (359,1030),(418,1030),(418,1041),(359,1041)
"KN"bounds: (196,1051),(220,1051),(220,1063),(196,1063)
"Zb"bounds: (233,1048),(254,1048),(254,1065),(233,1065)
"<36>"bounds: (263,1050),(309,1050),(309,1062),(263,1062)
"KN"bounds: (196,1071),(220,1071),(220,1082),(196,1082)
"Zb"bounds: (231,1070),(250,1070),(250,1083),(231,1083)
"<37>"bounds: (263,1070),(309,1070),(309,1082),(263,1082)
"KN"bounds: (196,1091),(221,1091),(221,1103),(196,1103)
"Zb"bounds: (234,1089),(253,1089),(253,1104),(234,1104)
"<38>"bounds: (263,1089),(310,1089),(310,1102),(263,1102)
"KN"bounds: (196,1110),(221,1110),(221,1122),(196,1122)
"Zb"bounds: (232,1107),(253,1107),(253,1123),(232,1123)
"<39>"bounds: (263,1110),(310,1110),(310,1122),(263,1122)
"4,"bounds: (850,1046),(861,1046),(861,1060),(850,1060)
"р."bounds: (873,1049),(885,1049),(885,1060),(873,1060)
"82"bounds: (896,1046),(912,1046),(912,1057),(896,1057)
"4,"bounds: (850,1066),(861,1066),(861,1080),(850,1080)
"p."bounds: (873,1069),(885,1069),(885,1079),(873,1079)
"82"bounds: (896,1066),(913,1065),(913,1075),(896,1076)
"4,"bounds: (850,1086),(862,1086),(862,1099),(850,1099)
"р."bounds: (873,1089),(885,1089),(885,1100),(873,1100)
"82"bounds: (896,1085),(913,1085),(913,1096),(896,1096)
"4,"bounds: (851,1106),(862,1106),(862,1120),(851,1120)
"р."bounds: (873,1109),(885,1109),(885,1120),(873,1120)
"82"bounds: (896,1105),(913,1104),(913,1115),(896,1116)
"4,"bounds: (850,1126),(862,1126),(862,1140),(850,1140)
"р."bounds: (873,1128),(886,1128),(886,1140),(873,1140)
"83"bounds: (897,1125),(913,1124),(913,1135),(897,1136)
"KN"bounds: (197,1130),(221,1130),(221,1142),(197,1142)
"Zb"bounds: (232,1130),(250,1130),(250,1142),(232,1142)
"40"bounds: (261,1130),(277,1130),(277,1142),(261,1142)
"HM"bounds: (352,1130),(377,1130),(377,1140),(352,1140)
"21391"bounds: (389,1129),(430,1129),(430,1140),(389,1140)
"MR"bounds: (572,1128),(597,1128),(597,1138),(572,1138)
"II?"bounds: (610,1127),(633,1127),(633,1138),(610,1138)
"КОРНINAS"bounds: (526,1154),(617,1154),(617,1166),(526,1166)
"KO"bounds: (190,1179),(240,1178),(240,1195),(190,1196)
"Za"bounds: (242,1178),(255,1178),(255,1195),(242,1195)
"1"bounds: (262,1181),(269,1181),(269,1193),(262,1193)
"KO"bounds: (197,1201),(222,1201),(222,1214),(197,1214)
"(P)"bounds: (233,1201),(249,1201),(249,1215),(233,1215)
"Zf"bounds: (259,1198),(284,1198),(284,1215),(259,1215)
"2"bounds: (287,1201),(295,1201),(295,1213),(287,1213)
"4,"bounds: (851,1176),(862,1176),(862,1190),(851,1190)
"р."bounds: (874,1179),(886,1179),(886,1190),(874,1190)
"18"bounds: (899,1176),(913,1176),(913,1187),(899,1187)
"4,"bounds: (851,1196),(863,1196),(864,1210),(852,1210)
"р."bounds: (874,1199),(886,1199),(886,1210),(874,1210)
"158"bounds: (899,1196),(922,1195),(922,1206),(899,1207)
"нМ"bounds: (356,1178),(393,1178),(393,1193),(356,1193)
"2627"bounds: (395,1178),(423,1178),(423,1193),(395,1193)
"Khania"bounds: (352,1201),(406,1200),(406,1211),(352,1212)
"M."bounds: (418,1200),(434,1200),(434,1211),(418,1211)
"385"bounds: (442,1200),(466,1200),(466,1210),(442,1210)
"KYTHÉRA"bounds: (528,1228),(616,1228),(616,1244),(528,1244)
"4,"bounds: (851,1253),(863,1253),(864,1267),(852,1267)
"р."bounds: (874,1256),(887,1256),(887,1267),(874,1268)
"166"bounds: (900,1253),(923,1252),(923,1264),(900,1265)
"MM"bounds: (572,1255),(600,1255),(600,1268),(572,1268)
"III"bounds: (608,1255),(628,1255),(628,1267),(608,1267)
"B-"bounds: (636,1255),(653,1255),(653,1267),(636,1267)
"MR"bounds: (583,1275),(610,1274),(610,1287),(583,1288)
"I"bounds: (620,1274),(626,1274),(626,1287),(620,1287)
"A"bounds: (636,1275),(647,1275),(647,1287),(636,1287)
"KY"bounds: (198,1259),(222,1258),(222,1270),(198,1271)
"Zg"bounds: (233,1259),(252,1259),(252,1273),(233,1273)
"1"bounds: (263,1259),(269,1259),(269,1270),(263,1270)
"Khora"bounds: (353,1258),(399,1257),(399,1268),(353,1269)
"M."bounds: (411,1258),(428,1258),(428,1269),(411,1269)
"*"bounds: (242,1322),(250,1322),(250,1337),(242,1337)
"Non"bounds: (252,1321),(269,1321),(269,1337),(252,1337)
"inscrit."bounds: (279,1325),(330,1324),(330,1335),(279,1336)
"12"bounds: (943,1363),(957,1363),(957,1373),(943,1373)