Texts:

"O 70
PC
70
HT 62/+_73.5'
770 -08-51-54
TY 3a.61
D
70 -23
ZA Zh 344
70 -26
HT 23a.5'
70 -31-28-37
HT 117a.7-81
PE
HT 119.21
20 -57
E
08- 70 -08-24
РК Za 11Ь4
81-.7-20-38
KH 7a.4-53
平平95,9
主业PY
HOOTA PILI
07-07- 70 -60-13L-166
ZA 11a.13
81-69- 70 -27
ZA 8.2
08-37–77-08-51- 20 -|173||
ZA Wc 2.1-22
726-28- 70
HT 24a.5
G
7??-46- 70
*KN 22a.2'
50- 70
HT 31.1
08-60- 70 -
..
KO (?) ZE 24
251
"bounds: (115,320),(1152,320),(1152,1542),(115,1542)
"O"bounds: (578,320),(599,320),(599,359),(578,359)
"70"bounds: (594,326),(631,326),(631,355),(594,355)
"PC"bounds: (239,496),(268,496),(268,519),(239,519)
"70"bounds: (571,508),(614,506),(615,525),(572,527)
"HT"bounds: (724,510),(740,510),(740,521),(724,521)
"62/+_73.5'"bounds: (750,503),(847,502),(847,525),(750,526)
"770"bounds: (565,540),(589,540),(589,555),(565,555)
"-08-51-54"bounds: (599,544),(672,545),(672,556),(599,555)
"TY"bounds: (724,544),(740,543),(741,554),(725,555)
"3a.61"bounds: (749,538),(788,536),(789,554),(750,556)
"D"bounds: (379,541),(386,541),(386,551),(379,551)
"70"bounds: (572,574),(601,574),(601,587),(572,587)
"-23"bounds: (599,577),(622,577),(622,588),(599,588)
"ZA"bounds: (724,578),(739,577),(740,588),(725,589)
"Zh"bounds: (750,573),(772,572),(773,589),(751,590)
"344"bounds: (774,571),(798,570),(799,587),(775,589)
"70"bounds: (568,608),(601,608),(601,624),(568,624)
"-26"bounds: (603,608),(621,608),(621,624),(603,624)
"HT"bounds: (723,611),(740,610),(741,622),(724,623)
"23a.5'"bounds: (750,606),(796,603),(797,621),(751,624)
"70"bounds: (568,641),(600,641),(600,657),(568,657)
"-31-28-37"bounds: (598,645),(672,645),(672,655),(598,655)
"HT"bounds: (723,644),(739,643),(739,655),(723,656)
"117a.7-81"bounds: (750,640),(821,638),(822,656),(751,658)
"PE"bounds: (235,663),(273,663),(273,686),(235,686)
"HT"bounds: (723,678),(740,677),(740,688),(723,689)
"119.21"bounds: (751,672),(796,670),(797,687),(752,689)
"20"bounds: (571,678),(589,677),(589,691),(571,692)
"-57"bounds: (598,678),(621,677),(621,687),(598,688)
"E"bounds: (379,708),(385,708),(385,718),(379,718)
"08-"bounds: (539,711),(563,711),(563,720),(539,720)
"70"bounds: (574,711),(588,711),(588,721),(574,721)
"-08-24"bounds: (598,711),(646,711),(646,722),(598,722)
"РК"bounds: (723,710),(739,709),(739,721),(723,722)
"Za"bounds: (749,711),(764,710),(764,721),(749,722)
"11Ь4"bounds: (776,706),(806,705),(807,722),(777,723)
"81-.7-20-38"bounds: (489,737),(621,740),(620,761),(488,758)
"KH"bounds: (723,742),(739,741),(740,753),(724,754)
"7a.4-53"bounds: (749,737),(806,734),(807,753),(750,756)
"平平"bounds: (177,753),(236,755),(235,790),(176,788)
"95,9"bounds: (259,759),(330,762),(329,792),(258,790)
"主"bounds: (189,793),(203,793),(203,817),(189,817)
"业"bounds: (205,788),(236,789),(235,823),(204,822)
"PY"bounds: (238,789),(277,790),(276,824),(237,823)
"HOOTA"bounds: (116,821),(242,824),(241,859),(115,856)
"PILI"bounds: (245,824),(302,825),(301,861),(244,860)
"07-07-"bounds: (513,777),(562,778),(562,788),(513,787)
"70"bounds: (574,778),(588,778),(588,788),(574,788)
"-60-13L-166"bounds: (598,778),(688,779),(688,791),(598,790)
"ZA"bounds: (723,778),(739,777),(740,790),(724,791)
"11a.13"bounds: (750,774),(797,771),(798,789),(751,792)
"81-69-"bounds: (514,811),(562,811),(562,821),(514,821)
"70"bounds: (574,812),(588,812),(588,822),(574,822)
"-27"bounds: (598,812),(621,812),(621,821),(598,821)
"ZA"bounds: (724,811),(739,811),(739,823),(724,823)
"8.2"bounds: (749,808),(778,807),(778,823),(749,824)
"08-37–77-08-51-"bounds: (438,843),(562,845),(562,862),(438,860)
"20"bounds: (571,844),(589,844),(589,861),(571,861)
"-|173||"bounds: (598,842),(638,843),(638,864),(598,863)
"ZA"bounds: (724,844),(738,844),(738,856),(724,856)
"Wc"bounds: (748,845),(763,845),(763,856),(748,856)
"2.1-22"bounds: (775,841),(822,840),(822,857),(775,858)
"726-28-"bounds: (496,874),(562,875),(562,893),(496,892)
"70"bounds: (571,879),(589,879),(589,894),(571,894)
"HT"bounds: (722,878),(739,878),(739,889),(722,889)
"24a.5"bounds: (748,872),(790,871),(791,891),(749,892)
"G"bounds: (378,876),(385,876),(385,886),(378,886)
"7??-46-"bounds: (496,908),(562,908),(562,930),(496,930)
"70"bounds: (567,907),(589,907),(589,930),(567,930)
"*KN"bounds: (723,907),(747,907),(747,924),(723,924)
"22a.2'"bounds: (758,905),(804,904),(804,924),(758,925)
"50-"bounds: (539,945),(562,947),(561,957),(538,955)
"70"bounds: (573,946),(587,947),(586,957),(572,956)
"HT"bounds: (722,946),(738,945),(739,956),(723,957)
"31.1"bounds: (748,941),(786,939),(787,957),(749,959)
"08-60-"bounds: (512,978),(561,979),(561,990),(512,989)
"70"bounds: (573,979),(587,979),(587,989),(573,989)
"-"bounds: (597,985),(604,985),(604,986),(597,986)
".."bounds: (572,990),(589,990),(589,1001),(572,1001)
"KO"bounds: (722,980),(738,979),(739,990),(723,991)
"(?)"bounds: (742,979),(761,978),(762,993),(743,994)
"ZE"bounds: (773,980),(789,979),(790,991),(774,992)
"24"bounds: (799,973),(815,972),(816,989),(800,990)
"251"bounds: (1117,1522),(1152,1523),(1152,1542),(1117,1541)