Texts:

"IFT 45
.2
.2 Imcertain si imterpometion apris seconol
ou i rolongement de la barre
horizonlale du tigue.
HT 43
83
"bounds: (280,306),(1169,306),(1169,1534),(280,1534)
"IFT"bounds: (280,310),(316,309),(317,328),(281,329)
"45"bounds: (328,307),(362,306),(363,326),(329,327)
".2"bounds: (372,480),(394,480),(394,498),(372,498)
".2"bounds: (421,535),(468,535),(468,562),(421,562)
"Imcertain"bounds: (472,536),(567,536),(567,559),(472,559)
"si"bounds: (582,544),(601,544),(601,556),(582,556)
"imterpometion"bounds: (619,540),(761,540),(761,563),(619,563)
"apris"bounds: (774,539),(818,539),(818,559),(774,559)
"seconol"bounds: (829,540),(897,540),(897,554),(829,554)
"ou"bounds: (509,591),(538,590),(538,598),(509,599)
"i"bounds: (556,584),(575,583),(575,594),(556,595)
"rolongement"bounds: (595,578),(742,574),(743,605),(596,609)
"de"bounds: (751,582),(776,581),(776,596),(751,597)
"la"bounds: (786,577),(814,576),(815,595),(787,596)
"barre"bounds: (828,576),(888,574),(889,594),(829,596)
"horizonlale"bounds: (476,611),(604,618),(602,645),(475,638)
"du"bounds: (622,623),(651,625),(650,639),(621,637)
"tigue."bounds: (672,625),(743,629),(742,652),(671,648)
"HT"bounds: (332,994),(361,995),(360,1012),(331,1011)
"43"bounds: (369,996),(392,997),(391,1013),(368,1012)
"83"bounds: (1146,1517),(1169,1517),(1169,1534),(1146,1534)