Texts:

"VAS
403
403as
403
VAS
HT 38.2'
404vas
A 654
404
„VAS
МА 10b.25
+08
405as
A 655
VAS
405
МА 10b.15
406as
406VAS
HT 93а.71
A 656
406VAS
+44
HT 26a.1,b.1
407vas
A 657
407VAS +08
HT 39.5
312
"bounds: (59,95),(1158,95),(1158,1525),(59,1525)
"VAS"bounds: (160,95),(189,95),(189,107),(160,107)
"403"bounds: (1130,96),(1158,97),(1157,111),(1129,110)
"403as"bounds: (672,278),(772,274),(773,308),(673,312)
"403"bounds: (618,394),(644,393),(645,411),(619,412)
"VAS"bounds: (634,392),(670,391),(671,404),(635,405)
"HT"bounds: (814,398),(830,396),(831,407),(815,409)
"38.2'"bounds: (839,395),(880,391),(882,408),(841,412)
"404vas"bounds: (673,545),(779,542),(780,575),(674,578)
"A"bounds: (216,656),(224,656),(224,671),(216,671)
"654"bounds: (225,659),(248,659),(248,670),(225,670)
"404"bounds: (619,655),(645,655),(645,672),(619,672)
"„VAS"bounds: (638,650),(670,650),(670,663),(638,663)
"МА"bounds: (814,657),(830,656),(831,668),(815,669)
"10b.25"bounds: (842,651),(889,648),(890,668),(843,671)
"+08"bounds: (680,658),(703,658),(703,667),(680,667)
"405as"bounds: (670,810),(775,806),(776,839),(671,843)
"A"bounds: (216,925),(224,925),(224,940),(216,940)
"655"bounds: (225,927),(248,927),(248,938),(225,938)
"VAS"bounds: (634,920),(670,919),(670,933),(634,934)
"405"bounds: (621,928),(643,928),(643,938),(621,938)
"МА"bounds: (814,928),(831,927),(832,939),(815,940)
"10b.15"bounds: (843,923),(889,919),(890,937),(844,941)
"406as"bounds: (670,1076),(773,1072),(774,1105),(671,1109)
"406VAS"bounds: (619,1188),(669,1176),(673,1193),(623,1205)
"HT"bounds: (814,1189),(830,1188),(831,1199),(815,1200)
"93а.71"bounds: (841,1183),(888,1181),(889,1200),(842,1202)
"A"bounds: (213,1229),(222,1229),(222,1245),(213,1245)
"656"bounds: (222,1232),(245,1232),(245,1244),(222,1244)
"406VAS"bounds: (614,1238),(667,1226),(671,1243),(618,1256)
"+44"bounds: (678,1240),(701,1240),(701,1250),(678,1250)
"HT"bounds: (812,1239),(828,1238),(828,1250),(812,1251)
"26a.1,b.1"bounds: (836,1233),(914,1230),(915,1254),(837,1257)
"407vas"bounds: (668,1346),(773,1342),(774,1375),(669,1379)
"A"bounds: (218,1447),(229,1448),(228,1467),(217,1466)
"657"bounds: (234,1448),(256,1450),(255,1469),(233,1467)
"407VAS"bounds: (619,1455),(667,1457),(666,1476),(618,1474)
"+08"bounds: (677,1461),(701,1462),(700,1475),(676,1474)
"HT"bounds: (810,1464),(827,1463),(828,1474),(811,1475)
"39.5"bounds: (837,1457),(871,1455),(872,1477),(838,1479)
"312"bounds: (59,1506),(96,1507),(96,1525),(59,1524)