Texts:

"55
JH FC
*HT 154J a.2'
D
755 -ca
55 -09-L
KN Wb 3362
JH YC
755 -27
HT 154JA.21
*HT 154J..2'
JHO
HA
755 -37
НT 84.21
HT 115 a.2,b.21
55 -40
55 -51-331
HT 40.1'
E
7- 55 -37
ZA 9.13
7- 55 -53-57
PK Zc 134
+ HO
A H A
03- 55 -78
ZA 14,43
10- 55 -21*
HT 26a.3-41
HT 116a.6
KH 88.15
ZA 4a.5-6* 5b.13 15a.4-53
16- 55 -8
28b- 55 -80-27
** H **
30- 55 -30
PL Zf 14
37- 55 -57
HT 115b.2
39- 55 -
KH 86.23
47- 55 -60-57
НT 115а.11
59- 55 -30-67-06
PL Z£ 14
HT 86a.5' 95a.2,h2-3' 106.1
73- 55 -04
77- 55 -37
HT 97a.31
上串HYE
中T H中BPC
J-04- 55 -27
KH 6.23
08-06- 55 -41-57-09
HT Zb 1594
69-26- 55 -09-13
HT 128a.11
它4H公キ
59-28- 55 -80-03
ZA 8.3-43
7-59- 55 -23-37
KN Za 10a4
7-73- 55 -73
HT 47a.6'
08-77- 55 -17-37
KN Zc 7.14
全堂PHO
2 EXH A
16-67-09- 55 -37
CR (?) Zf 14
53-58-80- 55 -40
HT 115a.1-21
.... ..
224
"bounds: (60,303),(1049,303),(1049,1532),(60,1532)
"55"bounds: (678,303),(716,303),(716,333),(678,333)
"JH"bounds: (289,474),(315,475),(314,501),(288,500)
"FC"bounds: (324,474),(360,475),(359,500),(323,499)
"*HT"bounds: (814,477),(838,477),(838,492),(814,492)
"154J"bounds: (847,473),(881,473),(881,496),(847,496)
"a.2'"bounds: (883,472),(917,472),(917,496),(883,496)
"D"bounds: (477,482),(485,482),(485,491),(477,491)
"755"bounds: (621,480),(654,479),(655,507),(622,508)
"-ca"bounds: (663,481),(704,480),(705,503),(664,504)
"55"bounds: (636,516),(654,515),(655,532),(637,533)
"-09-L"bounds: (663,514),(712,512),(713,531),(664,533)
"KN"bounds: (814,515),(831,514),(831,525),(814,526)
"Wb"bounds: (839,515),(855,514),(855,526),(839,527)
"3362"bounds: (865,510),(897,509),(898,527),(866,528)
"JH"bounds: (283,539),(327,539),(327,570),(283,570)
"YC"bounds: (324,542),(352,542),(352,570),(324,570)
"755"bounds: (621,547),(654,546),(655,574),(622,575)
"-27"bounds: (659,542),(693,541),(694,573),(660,574)
"HT"bounds: (814,550),(830,550),(830,561),(814,561)
"154JA.21"bounds: (841,543),(903,541),(903,559),(841,561)
"*HT"bounds: (815,578),(839,578),(839,594),(815,594)
"154J..2'"bounds: (850,576),(912,575),(912,593),(850,594)
"JHO"bounds: (287,608),(337,609),(337,632),(287,631)
"HA"bounds: (301,641),(339,639),(340,662),(302,664)
"755"bounds: (622,614),(655,614),(655,632),(622,632)
"-37"bounds: (664,617),(687,617),(687,626),(664,626)
"НT"bounds: (814,615),(831,614),(831,626),(814,627)
"84.21"bounds: (840,611),(878,610),(879,627),(841,628)
"HT"bounds: (816,650),(832,650),(832,660),(816,660)
"115"bounds: (839,641),(865,641),(865,665),(839,665)
"a.2,b.21"bounds: (871,641),(941,640),(941,663),(871,664)
"55"bounds: (640,650),(654,650),(654,660),(640,660)
"-40"bounds: (664,650),(688,650),(688,660),(664,660)
"55"bounds: (639,683),(653,683),(653,693),(639,693)
"-51-331"bounds: (664,683),(720,683),(720,693),(664,693)
"HT"bounds: (814,681),(831,679),(832,691),(815,693)
"40.1'"bounds: (840,678),(880,674),(881,691),(842,695)
"E"bounds: (479,717),(487,717),(487,727),(479,727)
"7-"bounds: (605,712),(629,712),(629,729),(605,729)
"55"bounds: (638,715),(656,715),(656,729),(638,729)
"-37"bounds: (664,715),(687,715),(687,725),(664,725)
"ZA"bounds: (815,714),(830,713),(831,725),(816,726)
"9.13"bounds: (841,708),(872,706),(873,724),(842,726)
"7-"bounds: (605,747),(629,747),(629,765),(605,765)
"55"bounds: (638,749),(656,749),(656,765),(638,765)
"-53-57"bounds: (662,744),(713,743),(713,766),(662,767)
"PK"bounds: (815,750),(832,749),(833,760),(816,761)
"Zc"bounds: (841,744),(867,742),(868,760),(842,762)
"134"bounds: (867,742),(889,741),(890,758),(868,760)
"+"bounds: (286,769),(309,769),(309,802),(286,802)
"HO"bounds: (311,768),(349,768),(349,802),(311,802)
"A"bounds: (280,806),(292,806),(292,828),(280,828)
"H"bounds: (302,806),(315,806),(315,830),(302,830)
"A"bounds: (322,805),(342,805),(342,830),(322,830)
"03-"bounds: (606,783),(629,783),(629,793),(606,793)
"55"bounds: (640,784),(654,784),(654,793),(640,793)
"-78"bounds: (665,783),(688,783),(688,792),(665,792)
"ZA"bounds: (816,783),(831,782),(832,794),(817,795)
"14,43"bounds: (842,777),(881,774),(882,792),(843,795)
"10-"bounds: (606,817),(630,816),(630,826),(606,827)
"55"bounds: (640,816),(654,816),(654,827),(640,827)
"-21*"bounds: (665,812),(699,811),(700,827),(666,828)
"HT"bounds: (816,815),(832,815),(832,828),(816,828)
"26a.3-41"bounds: (842,810),(905,808),(906,826),(843,828)
"HT"bounds: (815,851),(832,850),(833,860),(816,861)
"116a.6"bounds: (843,845),(897,841),(898,860),(845,864)
"KH"bounds: (816,875),(832,874),(833,886),(817,887)
"88.15"bounds: (842,872),(885,868),(886,886),(844,890)
"ZA"bounds: (817,901),(833,901),(833,911),(817,911)
"4a.5-6*"bounds: (843,895),(899,894),(899,911),(843,912)
"5b.13"bounds: (911,894),(950,893),(950,910),(911,911)
"15a.4-53"bounds: (961,894),(1025,893),(1025,911),(961,912)
"16-"bounds: (606,851),(630,851),(630,860),(606,860)
"55"bounds: (640,851),(654,851),(654,860),(640,860)
"-8"bounds: (663,849),(680,849),(680,862),(663,862)
"28b-"bounds: (599,899),(630,899),(630,911),(599,911)
"55"bounds: (641,901),(655,901),(655,911),(641,911)
"-80-27"bounds: (666,900),(715,901),(715,912),(666,911)
"**"bounds: (273,935),(299,935),(299,959),(273,959)
"H"bounds: (307,937),(318,937),(318,960),(307,960)
"**"bounds: (326,936),(348,936),(348,966),(326,966)
"30-"bounds: (607,935),(630,935),(630,944),(607,944)
"55"bounds: (641,934),(655,934),(655,948),(641,948)
"-30"bounds: (666,935),(689,935),(689,944),(666,944)
"PL"bounds: (816,934),(831,933),(832,945),(817,946)
"Zf"bounds: (841,934),(857,932),(858,943),(842,945)
"14"bounds: (867,928),(882,927),(884,943),(869,945)
"37-"bounds: (607,968),(630,968),(630,978),(607,978)
"55"bounds: (641,968),(655,968),(655,978),(641,978)
"-57"bounds: (666,968),(689,968),(689,978),(666,978)
"HT"bounds: (816,968),(833,967),(833,978),(816,979)
"115b.2"bounds: (844,962),(892,960),(893,979),(845,981)
"39-"bounds: (608,1002),(631,1002),(631,1011),(608,1011)
"55"bounds: (640,1001),(657,1001),(657,1016),(640,1016)
"-"bounds: (666,999),(689,999),(689,1016),(666,1016)
"KH"bounds: (817,1002),(832,1001),(833,1011),(818,1012)
"86.23"bounds: (842,996),(882,994),(883,1012),(843,1014)
"47-"bounds: (607,1035),(631,1035),(631,1045),(607,1045)
"55"bounds: (641,1035),(655,1035),(655,1045),(641,1045)
"-60-57"bounds: (666,1035),(715,1035),(715,1046),(666,1046)
"НT"bounds: (810,1031),(848,1029),(849,1048),(811,1050)
"115а.11"bounds: (850,1029),(898,1027),(899,1047),(851,1049)
"59-"bounds: (608,1069),(631,1069),(631,1078),(608,1078)
"55"bounds: (642,1069),(655,1069),(655,1079),(642,1079)
"-30-67-06"bounds: (667,1069),(740,1068),(740,1078),(667,1079)
"PL"bounds: (817,1068),(832,1067),(832,1078),(817,1079)
"Z£"bounds: (843,1068),(858,1067),(858,1078),(843,1079)
"14"bounds: (869,1062),(882,1061),(883,1078),(870,1079)
"HT"bounds: (817,1102),(833,1102),(833,1112),(817,1112)
"86a.5'"bounds: (843,1093),(889,1093),(889,1113),(843,1113)
"95a.2,h2-3'"bounds: (902,1093),(990,1092),(990,1120),(902,1121)
"106.1"bounds: (1004,1094),(1049,1094),(1049,1112),(1004,1112)
"73-"bounds: (608,1102),(630,1102),(630,1112),(608,1112)
"55"bounds: (642,1102),(656,1102),(656,1112),(642,1112)
"-04"bounds: (666,1102),(689,1102),(689,1112),(666,1112)
"77-"bounds: (608,1136),(631,1136),(631,1146),(608,1146)
"55"bounds: (641,1135),(655,1135),(655,1145),(641,1145)
"-37"bounds: (666,1136),(690,1136),(690,1145),(666,1145)
"HT"bounds: (817,1136),(833,1135),(834,1146),(818,1147)
"97a.31"bounds: (843,1130),(890,1127),(891,1145),(844,1148)
"上"bounds: (257,1166),(286,1166),(286,1199),(257,1199)
"串"bounds: (288,1166),(303,1166),(303,1199),(288,1199)
"HYE"bounds: (308,1170),(354,1170),(354,1194),(308,1194)
"中"bounds: (260,1202),(274,1202),(274,1225),(260,1225)
"T"bounds: (282,1204),(294,1204),(294,1226),(282,1226)
"H"bounds: (311,1199),(325,1199),(325,1231),(311,1231)
"中"bounds: (327,1199),(352,1199),(352,1231),(327,1231)
"BPC"bounds: (354,1204),(397,1204),(397,1227),(354,1227)
"J-04-"bounds: (582,1166),(631,1166),(631,1184),(582,1184)
"55"bounds: (640,1169),(658,1169),(658,1184),(640,1184)
"-27"bounds: (667,1166),(707,1166),(707,1183),(667,1183)
"KH"bounds: (817,1169),(833,1168),(834,1179),(818,1180)
"6.23"bounds: (843,1163),(875,1161),(876,1178),(844,1180)
"08-06-"bounds: (583,1202),(631,1202),(631,1213),(583,1213)
"55"bounds: (640,1203),(658,1203),(658,1218),(640,1218)
"-41-57-09"bounds: (663,1198),(742,1198),(742,1217),(663,1217)
"HT"bounds: (817,1203),(833,1202),(834,1213),(818,1214)
"Zb"bounds: (843,1202),(858,1201),(859,1212),(844,1213)
"1594"bounds: (869,1197),(899,1195),(900,1212),(870,1214)
"69-26-"bounds: (583,1237),(631,1236),(631,1252),(583,1253)
"55"bounds: (640,1237),(656,1237),(656,1252),(640,1252)
"-09-13"bounds: (666,1235),(715,1234),(715,1247),(666,1248)
"HT"bounds: (817,1236),(833,1235),(834,1248),(818,1249)
"128a.11"bounds: (844,1232),(898,1230),(899,1248),(845,1250)
"它"bounds: (263,1265),(275,1265),(275,1295),(263,1295)
"4H"bounds: (284,1269),(318,1269),(318,1296),(284,1296)
"公"bounds: (325,1271),(345,1271),(345,1300),(325,1300)
"キ"bounds: (352,1270),(367,1270),(367,1294),(352,1294)
"59-28-"bounds: (583,1271),(631,1271),(631,1281),(583,1281)
"55"bounds: (642,1271),(656,1271),(656,1281),(642,1281)
"-80-03"bounds: (667,1271),(715,1271),(715,1281),(667,1281)
"ZA"bounds: (818,1271),(833,1270),(834,1281),(819,1282)
"8.3-43"bounds: (843,1265),(892,1262),(893,1280),(844,1283)
"7-59-"bounds: (583,1301),(632,1301),(632,1320),(583,1320)
"55"bounds: (641,1305),(658,1305),(658,1321),(641,1321)
"-23-37"bounds: (667,1305),(716,1305),(716,1322),(667,1322)
"KN"bounds: (818,1305),(834,1304),(835,1316),(819,1317)
"Za"bounds: (844,1305),(858,1304),(859,1316),(845,1317)
"10a4"bounds: (870,1299),(900,1297),(901,1315),(871,1317)
"7-73-"bounds: (583,1335),(631,1335),(631,1355),(583,1355)
"55"bounds: (640,1339),(658,1339),(658,1355),(640,1355)
"-73"bounds: (667,1339),(690,1339),(690,1350),(667,1350)
"HT"bounds: (817,1339),(834,1338),(835,1349),(818,1350)
"47a.6'"bounds: (843,1334),(890,1331),(891,1348),(844,1351)
"08-77-"bounds: (583,1372),(631,1372),(631,1383),(583,1383)
"55"bounds: (642,1372),(656,1372),(656,1383),(642,1383)
"-17-37"bounds: (667,1373),(716,1373),(716,1383),(667,1383)
"KN"bounds: (818,1372),(834,1371),(834,1383),(818,1384)
"Zc"bounds: (842,1367),(868,1366),(869,1384),(843,1385)
"7.14"bounds: (869,1366),(900,1365),(901,1382),(870,1383)
"全"bounds: (232,1400),(263,1400),(263,1433),(232,1433)
"堂"bounds: (265,1400),(286,1400),(286,1433),(265,1433)
"PHO"bounds: (286,1399),(343,1399),(343,1426),(286,1426)
"2"bounds: (245,1434),(274,1434),(274,1470),(245,1470)
"EXH"bounds: (276,1434),(335,1434),(335,1470),(276,1470)
"A"bounds: (337,1434),(348,1434),(348,1470),(337,1470)
"16-67-09-"bounds: (558,1406),(632,1406),(632,1416),(558,1416)
"55"bounds: (642,1407),(656,1407),(656,1420),(642,1420)
"-37"bounds: (667,1407),(691,1407),(691,1416),(667,1416)
"CR"bounds: (814,1403),(833,1402),(834,1421),(815,1422)
"(?)"bounds: (835,1402),(860,1400),(861,1419),(836,1421)
"Zf"bounds: (868,1406),(884,1405),(885,1416),(869,1417)
"14"bounds: (895,1399),(909,1398),(910,1416),(896,1417)
"53-58-80-"bounds: (558,1441),(632,1441),(632,1453),(558,1453)
"55"bounds: (642,1442),(657,1442),(657,1452),(642,1452)
"-40"bounds: (667,1441),(691,1441),(691,1452),(667,1452)
"HT"bounds: (817,1440),(834,1439),(835,1452),(818,1453)
"115a.1-21"bounds: (844,1434),(915,1431),(916,1453),(845,1456)
"...."bounds: (559,1459),(595,1459),(595,1462),(559,1462)
".."bounds: (610,1459),(620,1459),(620,1462),(610,1462)
"224"bounds: (60,1514),(97,1514),(97,1532),(60,1532)