Texts:

"INSCRIPTIONS EN LINÉAIRE A
Wa 1226
Wa 1227
Wa 1228
HM 452.3O
HM 452.31
HM 452.32
Wa 1229
Wa 1230
Wa 1231
HM 452.33
HM 452.34
HM 452. 35
Wa 1232
Wa 1233
Wa 1234
HM 452.36
HM 452.37
HM 452.38
Wa 1235
Wa 1236
Wa 1237
HM 452.39
HM 453.2,6
HM 453.27
Wa 1238
Wa 1239
Wa 1240
HM 454.17
HM 455.1
HM 455.2
24
"bounds: (71,66),(1167,66),(1167,1518),(71,1518)
"INSCRIPTIONS"bounds: (508,68),(633,68),(633,81),(508,81)
"EN"bounds: (645,69),(666,69),(666,80),(645,80)
"LINÉAIRE"bounds: (678,66),(762,66),(762,81),(678,81)
"A"bounds: (773,70),(783,70),(783,81),(773,81)
"Wa"bounds: (231,146),(262,146),(262,160),(231,160)
"1226"bounds: (277,146),(317,146),(317,160),(277,160)
"Wa"bounds: (600,148),(632,148),(632,162),(600,162)
"1227"bounds: (646,147),(687,147),(687,163),(646,163)
"Wa"bounds: (963,151),(994,151),(994,165),(963,165)
"1228"bounds: (1008,151),(1049,151),(1049,165),(1008,165)
"HM"bounds: (332,341),(359,342),(359,356),(332,355)
"452.3O"bounds: (369,341),(443,343),(443,359),(369,357)
"HM"bounds: (696,347),(722,347),(722,360),(696,360)
"452.31"bounds: (736,347),(805,347),(805,361),(736,361)
"HM"bounds: (1056,350),(1083,350),(1083,363),(1056,363)
"452.32"bounds: (1094,349),(1165,349),(1165,362),(1094,362)
"Wa"bounds: (230,416),(261,416),(261,430),(230,430)
"1229"bounds: (276,415),(316,414),(316,428),(276,429)
"Wa"bounds: (603,418),(634,418),(634,432),(603,432)
"1230"bounds: (648,418),(689,418),(689,432),(648,432)
"Wa"bounds: (962,420),(993,420),(993,433),(962,433)
"1231"bounds: (1008,419),(1047,419),(1047,434),(1008,434)
"HM"bounds: (342,614),(369,614),(369,628),(342,628)
"452.33"bounds: (384,614),(458,615),(458,630),(384,629)
"HM"bounds: (703,610),(730,611),(729,624),(702,623)
"452.34"bounds: (739,611),(814,615),(813,630),(738,626)
"HM"bounds: (1041,621),(1066,621),(1066,633),(1041,633)
"452."bounds: (1077,621),(1120,622),(1120,636),(1077,635)
"35"bounds: (1129,624),(1150,624),(1150,635),(1129,635)
"Wa"bounds: (235,685),(266,685),(266,699),(235,699)
"1232"bounds: (280,685),(321,685),(321,699),(280,699)
"Wa"bounds: (601,687),(632,687),(632,701),(601,701)
"1233"bounds: (646,687),(686,687),(686,702),(646,702)
"Wa"bounds: (963,690),(994,690),(994,703),(963,703)
"1234"bounds: (1009,690),(1049,690),(1049,704),(1009,704)
"HM"bounds: (358,886),(380,886),(380,900),(358,900)
"452.36"bounds: (386,887),(443,888),(443,902),(386,901)
"HM"bounds: (703,892),(727,892),(727,905),(703,905)
"452.37"bounds: (736,892),(800,893),(800,907),(736,906)
"HM"bounds: (1057,885),(1084,886),(1083,900),(1056,899)
"452.38"bounds: (1093,886),(1164,889),(1163,904),(1092,901)
"Wa"bounds: (232,956),(263,957),(263,972),(232,971)
"1235"bounds: (277,957),(318,958),(318,973),(277,972)
"Wa"bounds: (596,958),(627,958),(627,972),(596,972)
"1236"bounds: (642,958),(683,958),(683,972),(642,972)
"Wa"bounds: (960,961),(991,961),(991,976),(960,976)
"1237"bounds: (1006,961),(1047,961),(1047,976),(1006,976)
"HM"bounds: (351,1154),(376,1155),(375,1169),(350,1168)
"452.39"bounds: (383,1156),(450,1159),(449,1172),(382,1169)
"HM"bounds: (694,1159),(723,1159),(723,1173),(694,1173)
"453.2,6"bounds: (736,1158),(811,1157),(811,1172),(736,1173)
"HM"bounds: (1057,1162),(1084,1162),(1084,1177),(1057,1177)
"453.27"bounds: (1093,1162),(1167,1161),(1167,1175),(1093,1176)
"Wa"bounds: (231,1231),(262,1231),(262,1244),(231,1244)
"1238"bounds: (277,1230),(317,1230),(317,1244),(277,1244)
"Wa"bounds: (606,1234),(636,1235),(636,1249),(606,1248)
"1239"bounds: (652,1234),(692,1235),(692,1250),(652,1249)
"Wa"bounds: (966,1232),(997,1233),(997,1247),(966,1246)
"1240"bounds: (1012,1233),(1053,1234),(1053,1248),(1012,1247)
"HM"bounds: (337,1435),(362,1435),(362,1447),(337,1447)
"454.17"bounds: (375,1435),(451,1436),(451,1449),(375,1448)
"HM"bounds: (717,1429),(740,1429),(740,1442),(717,1442)
"455.1"bounds: (749,1429),(802,1430),(802,1444),(749,1443)
"HM"bounds: (1063,1432),(1088,1433),(1088,1447),(1063,1446)
"455.2"bounds: (1099,1432),(1153,1433),(1153,1449),(1099,1448)
"24"bounds: (71,1501),(95,1501),(95,1518),(71,1518)