Texts:

"ZA 13
ZA 15
Sup. mut.
.1
vesr. [
3-5 vacant
Poraces à gauele compatibles
avec
ZA 13
Sup. mut.
.1
Jvear. C
.2
.3-5 vacant
179
"bounds: (32,67),(1161,67),(1161,1532),(32,1532)
"ZA"bounds: (32,67),(63,67),(63,84),(32,84)
"13"bounds: (80,67),(102,67),(102,85),(80,85)
"ZA"bounds: (269,236),(304,236),(304,254),(269,254)
"15"bounds: (331,235),(358,235),(358,255),(331,255)
"Sup."bounds: (595,298),(645,294),(647,319),(597,323)
"mut."bounds: (661,300),(718,295),(719,312),(662,317)
".1"bounds: (364,376),(385,376),(385,393),(364,393)
"vesr."bounds: (441,484),(493,476),(496,495),(444,503)
"["bounds: (504,460),(517,458),(522,493),(509,495)
"3-5"bounds: (353,574),(443,575),(443,603),(353,602)
"vacant"bounds: (444,578),(538,579),(538,601),(444,600)
"Poraces"bounds: (457,672),(513,674),(512,694),(456,692)
"à"bounds: (521,681),(533,681),(533,694),(521,694)
"gauele"bounds: (550,677),(606,679),(605,705),(549,703)
"compatibles"bounds: (620,675),(719,679),(718,707),(619,703)
"avec"bounds: (730,689),(768,688),(768,694),(730,695)
"ZA"bounds: (287,927),(337,928),(337,956),(287,955)
"13"bounds: (335,933),(365,933),(365,952),(335,952)
"Sup."bounds: (576,1007),(638,1003),(640,1037),(578,1042)
"mut."bounds: (656,1006),(731,1001),(733,1031),(658,1036)
".1"bounds: (368,1082),(399,1082),(399,1105),(368,1105)
"Jvear."bounds: (744,1167),(825,1166),(825,1218),(744,1219)
"C"bounds: (830,1167),(845,1167),(845,1212),(830,1212)
".2"bounds: (369,1186),(394,1185),(395,1207),(370,1208)
".3-5"bounds: (350,1280),(461,1282),(460,1317),(349,1315)
"vacant"bounds: (456,1286),(561,1288),(560,1319),(455,1317)
"179"bounds: (1126,1515),(1161,1514),(1161,1531),(1126,1532)