Texts:

"AP Za 1
éch. 1:1
HM 2478."Gable à libations ".
2
"bounds: (56,68),(919,68),(919,1524),(56,1524)
"AP"bounds: (67,68),(98,68),(98,84),(67,84)
"Za"bounds: (109,68),(136,68),(136,85),(109,85)
"1"bounds: (149,68),(156,68),(156,85),(149,85)
"éch."bounds: (573,547),(628,547),(628,563),(573,563)
"1:1"bounds: (630,544),(668,544),(668,563),(630,563)
"HM"bounds: (384,1074),(433,1074),(433,1099),(384,1099)
"2478."Gable"bounds: (452,1066),(689,1066),(689,1105),(452,1105)
"à"bounds: (704,1066),(735,1066),(735,1105),(704,1105)
"libations"bounds: (754,1074),(885,1074),(885,1101),(754,1101)
""."bounds: (902,1070),(919,1070),(919,1101),(902,1101)
"2"bounds: (56,1507),(67,1507),(67,1524),(56,1524)