Texts:

"HS Zg 1
Sparte M. -.
Blaquete
éch. 1:1
schiste.
en
IS Zg 1
16
"bounds: (64,63),(1105,63),(1105,1528),(64,1528)
"HS"bounds: (70,64),(102,64),(102,80),(70,80)
"Zg"bounds: (123,63),(150,63),(150,84),(123,84)
"1"bounds: (160,64),(167,64),(167,80),(160,80)
"Sparte"bounds: (833,570),(940,564),(943,614),(836,620)
"M."bounds: (957,570),(994,568),(996,600),(959,602)
"-."bounds: (1009,585),(1046,583),(1047,599),(1010,601)
"Blaquete"bounds: (768,625),(921,624),(921,678),(768,679)
"éch."bounds: (296,578),(334,579),(333,597),(295,596)
"1:1"bounds: (337,579),(369,580),(368,599),(336,598)
"schiste."bounds: (991,631),(1105,633),(1105,662),(991,660)
"en"bounds: (938,646),(972,646),(972,659),(938,659)
"IS"bounds: (552,918),(643,920),(642,957),(551,955)
"Zg"bounds: (641,925),(690,926),(689,959),(640,958)
"1"bounds: (711,924),(728,924),(727,950),(710,950)
"16"bounds: (64,1511),(85,1511),(85,1528),(64,1528)