Texts:

"PK Za 9
éch. 1 1
HM 1585." balble à libatons".
28
"bounds: (59,73),(841,73),(841,1532),(59,1532)
"PK"bounds: (62,74),(96,74),(96,91),(62,91)
"Za"bounds: (106,73),(134,73),(134,90),(106,90)
"9"bounds: (145,73),(156,73),(156,90),(145,90)
"éch."bounds: (588,677),(624,677),(624,698),(588,698)
"1"bounds: (630,678),(642,678),(642,699),(630,699)
"1"bounds: (667,682),(672,682),(672,696),(667,696)
"HM"bounds: (369,1381),(424,1381),(424,1411),(369,1411)
"1585.""bounds: (438,1379),(534,1380),(534,1414),(438,1413)
"balble"bounds: (551,1379),(635,1380),(635,1420),(551,1419)
"à"bounds: (644,1380),(675,1380),(675,1419),(644,1419)
"libatons"."bounds: (684,1382),(841,1383),(841,1418),(684,1417)
"28"bounds: (59,1515),(82,1515),(82,1532),(59,1532)