Texts:

"XXXVIII
INSCRIPTIONS EN LINÉAIRE A
AB 60
KN Zc 7.1 PH,7b.2 MA 2a.1 ZA 19 ZA Fa.1 KN1 61 PK Za 126
HT80.1 IOZ610
IO Za6
AB 61
HT93 a.6 HT113.3 KHW 2001
KH WC2002 KH WE2I10 PH 2.2
HT Wa 1279 HTWA 1281 TL Za1a
AB65
HT122 b.3 HT 34.1 HT25 a.4 HT20.4 HT88.4 HT 119.4ZA14.2
KN Za 19.1 ZA 6 b.1 ARKH 4a.3
PA'1
TY2.3
AB66
HT122 6.2 HT44 a.1 HT103.1 KH29.1
PH WC 45
"bounds: (189,80),(1132,80),(1132,1310),(189,1310)
"XXXVIII"bounds: (247,87),(315,86),(315,95),(247,96)
"INSCRIPTIONS"bounds: (513,85),(629,84),(629,94),(513,95)
"EN"bounds: (643,86),(663,86),(663,94),(643,94)
"LINÉAIRE"bounds: (678,81),(757,80),(757,94),(678,95)
"A"bounds: (771,86),(779,86),(779,94),(771,94)
"AB"bounds: (516,194),(567,193),(568,223),(517,224)
"60"bounds: (581,193),(623,192),(624,221),(582,222)
"KN"bounds: (189,315),(259,314),(259,347),(189,348)
"Zc"bounds: (261,314),(293,314),(293,347),(261,347)
"7.1"bounds: (295,314),(327,314),(327,347),(295,347)
"PH,7b.2"bounds: (324,313),(429,312),(429,345),(324,346)
"MA"bounds: (461,315),(512,314),(512,340),(461,341)
"2a.1"bounds: (522,319),(582,318),(582,337),(522,338)
"ZA"bounds: (619,315),(661,315),(661,337),(619,337)
"19"bounds: (672,318),(704,318),(704,337),(672,337)
"ZA"bounds: (726,316),(765,316),(765,339),(726,339)
"Fa.1"bounds: (780,316),(843,315),(843,337),(780,338)
"KN1"bounds: (864,316),(925,315),(925,335),(864,336)
"61"bounds: (939,307),(983,307),(983,338),(939,338)
"PK"bounds: (1004,306),(1064,305),(1064,338),(1004,339)
"Za"bounds: (1066,306),(1086,306),(1086,339),(1066,339)
"126"bounds: (1094,305),(1132,305),(1132,338),(1094,338)
"HT80.1"bounds: (198,434),(299,432),(299,458),(198,460)
"IOZ610"bounds: (331,430),(465,428),(466,458),(332,460)
"IO"bounds: (630,422),(731,419),(732,453),(631,456)
"Za6"bounds: (733,419),(783,418),(784,452),(734,453)
"AB"bounds: (607,502),(667,502),(667,539),(607,539)
"61"bounds: (660,510),(693,510),(693,535),(660,535)
"HT93"bounds: (213,638),(273,638),(273,666),(213,666)
"a.6"bounds: (280,638),(320,638),(320,665),(280,665)
"HT113.3"bounds: (342,639),(443,638),(443,660),(342,661)
"KHW"bounds: (466,639),(539,638),(539,657),(466,658)
"2001"bounds: (547,640),(599,640),(599,660),(547,660)
"KH"bounds: (632,639),(667,639),(667,658),(632,658)
"WC2002"bounds: (680,634),(774,633),(774,657),(680,658)
"KH"bounds: (796,636),(832,636),(832,657),(796,657)
"WE2I10"bounds: (841,633),(925,632),(925,656),(841,657)
"PH"bounds: (959,634),(992,634),(992,655),(959,655)
"2.2"bounds: (999,635),(1041,635),(1041,654),(999,654)
"HT"bounds: (193,756),(240,755),(240,784),(193,785)
"Wa"bounds: (252,755),(285,755),(285,784),(252,784)
"1279"bounds: (289,756),(351,755),(351,779),(289,780)
"HTWA"bounds: (379,753),(455,752),(455,780),(379,781)
"1281"bounds: (463,752),(526,751),(526,776),(463,777)
"TL"bounds: (558,752),(609,751),(609,774),(558,775)
"Za1a"bounds: (618,754),(708,753),(708,774),(618,775)
"AB65"bounds: (495,843),(577,842),(577,864),(495,865)
"HT122"bounds: (202,963),(281,962),(281,982),(202,983)
"b.3"bounds: (291,957),(324,957),(324,983),(291,983)
"HT"bounds: (346,956),(394,956),(394,986),(346,986)
"34.1"bounds: (406,956),(464,955),(464,984),(406,985)
"HT25"bounds: (476,955),(564,954),(564,984),(476,985)
"a.4"bounds: (576,954),(629,954),(629,982),(576,983)
"HT20.4"bounds: (648,957),(758,956),(758,976),(648,977)
"HT88.4"bounds: (793,955),(895,954),(895,976),(793,977)
"HT"bounds: (916,951),(964,951),(964,980),(916,980)
"119.4ZA14.2"bounds: (976,950),(1124,949),(1124,979),(976,980)
"KN"bounds: (206,1079),(241,1079),(241,1099),(206,1099)
"Za"bounds: (257,1077),(290,1077),(290,1098),(257,1098)
"19.1"bounds: (303,1078),(359,1077),(359,1098),(303,1099)
"ZA"bounds: (389,1073),(463,1072),(463,1098),(389,1099)
"6"bounds: (465,1072),(479,1072),(479,1099),(465,1099)
"b.1"bounds: (483,1072),(530,1072),(530,1097),(483,1097)
"ARKH"bounds: (560,1072),(647,1071),(647,1096),(560,1097)
"4a.3"bounds: (660,1070),(731,1069),(731,1095),(660,1096)
"PA'1"bounds: (775,1069),(829,1069),(829,1099),(775,1099)
"TY2.3"bounds: (871,1067),(983,1069),(982,1098),(871,1096)
"AB66"bounds: (486,1160),(577,1159),(577,1186),(486,1187)
"HT122"bounds: (208,1284),(293,1283),(293,1308),(208,1309)
"6.2"bounds: (306,1281),(342,1281),(342,1307),(306,1307)
"HT44"bounds: (360,1280),(453,1279),(453,1309),(360,1310)
"a.1"bounds: (460,1279),(503,1279),(503,1309),(460,1309)
"HT103.1"bounds: (530,1282),(651,1281),(651,1303),(530,1304)
"KH29.1"bounds: (677,1281),(802,1280),(802,1301),(677,1302)
"PH"bounds: (841,1276),(874,1278),(873,1300),(840,1298)
"WC"bounds: (888,1272),(925,1274),(923,1299),(887,1297)
"45"bounds: (938,1277),(971,1279),(969,1307),(936,1305)