Texts:

"IMPRESSION
OFFSET
IMPRIMERIE
A.
BONTEMPS
LIMOGES (FRANCE)
Dépôt légal : 4 trimestre 1976
"bounds: (476,663),(700,663),(700,776),(476,776)
"IMPRESSION"bounds: (493,663),(607,664),(607,673),(493,672)
"OFFSET"bounds: (638,665),(690,665),(690,672),(638,672)
"IMPRIMERIE"bounds: (535,686),(646,687),(646,695),(535,694)
"A."bounds: (535,704),(547,704),(547,711),(535,711)
"BONTEMPS"bounds: (565,703),(646,704),(646,712),(565,711)
"LIMOGES"bounds: (484,718),(594,719),(594,733),(484,732)
"(FRANCE)"bounds: (598,719),(692,720),(692,734),(598,733)
"Dépôt"bounds: (476,760),(521,760),(521,775),(476,775)
"légal"bounds: (525,762),(554,762),(554,776),(525,776)
":"bounds: (567,767),(569,767),(569,773),(567,773)
"4"bounds: (581,764),(591,764),(591,774),(581,774)
"trimestre"bounds: (602,764),(663,764),(663,775),(602,775)
"1976"bounds: (676,766),(700,766),(700,776),(676,776)