Texts:

"SY Za 1
éch. 1:1
HM 3459. "Cable à libationus".
62
"bounds: (64,71),(870,71),(870,1533),(64,1533)
"SY"bounds: (70,71),(101,71),(101,93),(70,93)
"Za"bounds: (115,71),(143,71),(143,93),(115,93)
"1"bounds: (154,74),(161,74),(161,91),(154,91)
"éch."bounds: (593,667),(624,667),(624,682),(593,682)
"1:1"bounds: (636,667),(668,667),(668,681),(636,681)
"HM"bounds: (399,1299),(473,1299),(473,1334),(399,1334)
"3459."bounds: (475,1298),(545,1298),(545,1334),(475,1334)
""Cable"bounds: (554,1301),(661,1300),(661,1329),(554,1330)
"à"bounds: (675,1308),(693,1308),(693,1328),(675,1328)
"libationus"."bounds: (717,1297),(870,1296),(870,1329),(717,1330)
"62"bounds: (64,1517),(87,1517),(87,1533),(64,1533)