Texts:

"CONCORDANCE GÉOGRAPHIQUE
129
KNOssos...
(KN)
Tablettes!
Wb
1
Wc
4.
Za
Zb4
11
31
Zc
Zet
2
Zg4
1
КОРНINAS..
(KO)
Za
1
Zf
КутнЁRA..
(KY)
Zg4
1
1
LARANI..
(LA)
Zb+
1
MALLIA..
(MA)
Tablettes
Tablettes
1
Wc
10
Zbe
1
Ze
1
MILOS..
(MI)
Tablette
1
2
Zb4
1
PALAIKASTRO.
(РК)
Tablette
1
Za
11
13
1
PAPOURA..
(PA)
Tablette!
1
1
PHAISTOS.
(PH)
Tablettes!
26
Wa?
1
Wb
4
45
Wc
11
Zba
3
(PL)
(PR)
PLATANOS.
Zf
1
PRASSA..
Za*
1
1
PSYKHRO.
(PS)
Za*
1
1
PYRGOS.
(PYR)
Tablette!
1
2
Tablette
1
SITIA.
(SI)
Zg4
1
1
SKHINIA.
(SK)
Zb+
1
SYMI.
(SY)
Za*
3
3
THÉRA.
(THE)
Zb+
4
4
TRAOSTALOS.
(TRA)
Zb
1
1
TROULLOS..
(TL)
Za4
1
1
TYLISSOS..
(TY)
Tablettes!
Zb4
4
Zg+
1
VRYSINAS..
(VRY)
Za+
1
1
ZAKROS.
(ZA)
Tablette!
1
Tablettes
30
34
Wc
1
Zb4
2
[1427]
"bounds: (274,185),(964,185),(964,1340),(274,1340)
"CONCORDANCE"bounds: (442,185),(563,186),(563,205),(442,204)
"GÉOGRAPHIQUE"bounds: (570,185),(702,186),(702,203),(570,202)
"129"bounds: (936,187),(964,187),(964,201),(936,201)
"KNOssos..."bounds: (274,241),(360,243),(360,253),(274,251)
"(KN)"bounds: (559,241),(592,240),(592,255),(559,256)
"Tablettes!"bounds: (634,242),(708,242),(708,253),(634,253)
"Wb"bounds: (633,262),(664,262),(664,272),(633,272)
"1"bounds: (795,262),(798,262),(798,272),(795,272)
"Wc"bounds: (633,282),(662,282),(662,292),(633,292)
"4."bounds: (793,282),(800,282),(800,292),(793,292)
"Za"bounds: (634,302),(657,302),(657,313),(634,313)
"Zb4"bounds: (634,322),(657,322),(657,333),(634,333)
"11"bounds: (786,322),(798,322),(798,333),(786,333)
"31"bounds: (878,322),(891,322),(891,333),(878,333)
"Zc"bounds: (634,342),(655,342),(655,353),(634,353)
"Zet"bounds: (634,363),(655,363),(655,374),(634,374)
"2"bounds: (793,384),(800,384),(800,394),(793,394)
"Zg4"bounds: (634,404),(657,404),(657,417),(634,417)
"1"bounds: (794,404),(798,404),(798,414),(794,414)
"КОРНINAS.."bounds: (274,431),(362,432),(362,443),(274,442)
"(KO)"bounds: (558,430),(592,430),(592,445),(558,445)
"Za"bounds: (634,431),(657,431),(657,441),(634,441)
"1"bounds: (795,431),(798,431),(798,440),(795,440)
"Zf"bounds: (634,451),(654,451),(654,461),(634,461)
"КутнЁRA.."bounds: (275,478),(359,478),(359,488),(275,488)
"(KY)"bounds: (559,477),(593,477),(593,492),(559,492)
"Zg4"bounds: (635,478),(657,478),(657,491),(635,491)
"1"bounds: (794,477),(799,477),(799,488),(794,488)
"1"bounds: (888,477),(892,477),(892,487),(888,487)
"LARANI.."bounds: (275,504),(336,503),(336,514),(275,515)
"(LA)"bounds: (559,504),(591,504),(591,518),(559,518)
"Zb+"bounds: (634,504),(658,504),(658,515),(634,515)
"1"bounds: (888,503),(892,503),(892,514),(888,514)
"MALLIA.."bounds: (274,531),(342,531),(342,541),(274,541)
"(MA)"bounds: (559,530),(594,530),(594,545),(559,545)
"Tablettes"bounds: (633,527),(705,527),(705,543),(633,543)
"Tablettes"bounds: (634,550),(702,550),(702,561),(634,561)
"1"bounds: (795,550),(798,550),(798,560),(795,560)
"Wc"bounds: (634,571),(663,571),(663,581),(634,581)
"10"bounds: (880,570),(894,570),(894,581),(880,581)
"Zbe"bounds: (634,591),(657,588),(658,600),(636,603)
"1"bounds: (795,590),(799,590),(799,600),(795,600)
"Ze"bounds: (635,611),(656,611),(656,621),(635,621)
"1"bounds: (795,610),(799,610),(799,621),(795,621)
"MILOS.."bounds: (275,637),(333,639),(333,650),(275,648)
"(MI)"bounds: (560,637),(590,636),(590,650),(560,651)
"Tablette"bounds: (637,634),(697,634),(697,649),(637,649)
"1"bounds: (796,637),(800,637),(800,647),(796,647)
"2"bounds: (887,646),(894,646),(894,657),(887,657)
"Zb4"bounds: (635,657),(659,657),(659,667),(635,667)
"1"bounds: (796,657),(799,657),(799,667),(796,667)
"PALAIKASTRO."bounds: (274,684),(380,685),(380,696),(274,695)
"(РК)"bounds: (560,683),(592,683),(592,698),(560,698)
"Tablette"bounds: (634,681),(697,681),(697,696),(634,696)
"1"bounds: (796,683),(800,683),(800,693),(796,693)
"Za"bounds: (635,703),(658,704),(658,715),(635,714)
"11"bounds: (787,703),(799,703),(799,713),(787,713)
"13"bounds: (880,703),(894,703),(894,713),(880,713)
"1"bounds: (796,723),(800,723),(800,733),(796,733)
"PAPOURA.."bounds: (274,750),(356,751),(356,762),(274,761)
"(PA)"bounds: (560,749),(591,749),(591,764),(560,764)
"Tablette!"bounds: (635,750),(703,749),(703,760),(635,761)
"1"bounds: (796,750),(800,750),(800,760),(796,760)
"1"bounds: (889,749),(893,749),(893,760),(889,760)
"PHAISTOS."bounds: (274,777),(350,777),(350,787),(274,787)
"(PH)"bounds: (560,776),(594,776),(594,790),(560,790)
"Tablettes!"bounds: (635,776),(710,776),(710,787),(635,787)
"26"bounds: (786,776),(802,776),(802,787),(786,787)
"Wa?"bounds: (634,796),(665,795),(665,806),(634,807)
"1"bounds: (796,796),(800,796),(800,806),(796,806)
"Wb"bounds: (635,816),(666,816),(666,827),(635,827)
"4"bounds: (795,815),(802,815),(802,826),(795,826)
"45"bounds: (879,815),(895,815),(895,826),(879,826)
"Wc"bounds: (635,836),(664,836),(664,847),(635,847)
"11"bounds: (787,836),(800,836),(800,846),(787,846)
"Zba"bounds: (636,856),(659,856),(659,866),(636,866)
"3"bounds: (795,855),(802,855),(802,866),(795,866)
"(PL)"bounds: (560,880),(590,880),(590,895),(560,895)
"(PR)"bounds: (560,904),(592,904),(592,919),(560,919)
"PLATANOS."bounds: (275,881),(355,881),(355,891),(275,891)
"Zf"bounds: (636,880),(655,880),(655,891),(636,891)
"1"bounds: (796,880),(800,880),(800,890),(796,890)
"PRASSA.."bounds: (274,905),(342,904),(342,915),(274,916)
"Za*"bounds: (635,905),(658,905),(658,915),(635,915)
"1"bounds: (796,905),(799,905),(799,915),(796,915)
"1"bounds: (889,904),(893,904),(893,914),(889,914)
"PSYKHRO."bounds: (275,930),(351,930),(351,940),(275,940)
"(PS)"bounds: (560,929),(589,928),(590,943),(561,944)
"Za*"bounds: (636,929),(659,929),(659,940),(636,940)
"1"bounds: (796,928),(801,928),(801,939),(796,939)
"1"bounds: (889,928),(894,928),(894,939),(889,939)
"PYRGOS."bounds: (275,954),(338,955),(338,965),(275,964)
"(PYR)"bounds: (560,953),(605,953),(605,967),(560,967)
"Tablette!"bounds: (635,953),(704,953),(704,964),(635,964)
"1"bounds: (797,953),(800,953),(800,963),(797,963)
"2"bounds: (888,962),(895,962),(895,973),(888,973)
"Tablette"bounds: (635,970),(699,970),(699,986),(635,986)
"1"bounds: (797,973),(801,973),(801,983),(797,983)
"SITIA."bounds: (280,996),(316,996),(316,1009),(280,1009)
"(SI)"bounds: (560,997),(585,997),(585,1012),(560,1012)
"Zg4"bounds: (636,998),(659,998),(659,1011),(636,1011)
"1"bounds: (797,997),(800,997),(800,1007),(797,1007)
"1"bounds: (890,997),(894,997),(894,1007),(890,1007)
"SKHINIA."bounds: (275,1022),(342,1022),(342,1033),(275,1033)
"(SK)"bounds: (561,1022),(593,1022),(593,1036),(561,1036)
"Zb+"bounds: (636,1022),(660,1022),(660,1032),(636,1032)
"1"bounds: (890,1021),(894,1021),(894,1031),(890,1031)
"SYMI."bounds: (276,1047),(316,1047),(316,1058),(276,1058)
"(SY)"bounds: (561,1046),(591,1046),(591,1060),(561,1060)
"Za*"bounds: (636,1046),(659,1046),(659,1056),(636,1056)
"3"bounds: (796,1045),(802,1045),(802,1056),(796,1056)
"3"bounds: (889,1045),(896,1045),(896,1055),(889,1055)
"THÉRA."bounds: (276,1070),(331,1071),(331,1083),(276,1082)
"(THE)"bounds: (561,1069),(607,1070),(607,1085),(561,1084)
"Zb+"bounds: (636,1070),(660,1070),(660,1080),(636,1080)
"4"bounds: (795,1069),(803,1069),(803,1080),(795,1080)
"4"bounds: (889,1069),(896,1069),(896,1079),(889,1079)
"TRAOSTALOS."bounds: (276,1095),(374,1096),(374,1107),(276,1106)
"(TRA)"bounds: (561,1093),(607,1092),(607,1108),(561,1109)
"Zb"bounds: (637,1094),(660,1094),(660,1105),(637,1105)
"1"bounds: (797,1093),(801,1093),(801,1104),(797,1104)
"1"bounds: (890,1093),(895,1093),(895,1104),(890,1104)
"TROULLOS.."bounds: (275,1119),(364,1120),(364,1131),(275,1130)
"(TL)"bounds: (561,1118),(591,1118),(591,1133),(561,1133)
"Za4"bounds: (636,1118),(659,1118),(659,1129),(636,1129)
"1"bounds: (797,1118),(801,1118),(801,1128),(797,1128)
"1"bounds: (890,1118),(894,1118),(894,1128),(890,1128)
"TYLISSOS.."bounds: (275,1144),(357,1145),(357,1155),(275,1154)
"(TY)"bounds: (561,1143),(592,1143),(592,1157),(561,1157)
"Tablettes!"bounds: (636,1142),(711,1140),(711,1153),(636,1155)
"Zb4"bounds: (636,1163),(660,1162),(660,1173),(636,1174)
"4"bounds: (889,1162),(896,1162),(896,1172),(889,1172)
"Zg+"bounds: (637,1183),(659,1183),(659,1197),(637,1197)
"1"bounds: (797,1182),(801,1182),(801,1192),(797,1192)
"VRYSINAS.."bounds: (276,1208),(363,1209),(363,1219),(276,1218)
"(VRY)"bounds: (562,1207),(607,1207),(607,1221),(562,1221)
"Za+"bounds: (637,1207),(660,1207),(660,1218),(637,1218)
"1"bounds: (797,1206),(801,1206),(801,1217),(797,1217)
"1"bounds: (891,1206),(895,1206),(895,1216),(891,1216)
"ZAKROS."bounds: (277,1233),(338,1232),(338,1242),(277,1243)
"(ZA)"bounds: (562,1231),(596,1231),(596,1246),(562,1246)
"Tablette!"bounds: (637,1231),(705,1230),(705,1241),(637,1242)
"1"bounds: (798,1231),(802,1231),(802,1241),(798,1241)
"Tablettes"bounds: (639,1249),(707,1248),(707,1263),(639,1264)
"30"bounds: (788,1251),(803,1251),(803,1262),(788,1262)
"34"bounds: (881,1260),(896,1260),(896,1271),(881,1271)
"Wc"bounds: (637,1271),(666,1271),(666,1282),(637,1282)
"1"bounds: (798,1271),(802,1271),(802,1281),(798,1281)
"Zb4"bounds: (638,1291),(661,1291),(661,1302),(638,1302)
"2"bounds: (796,1291),(804,1291),(804,1301),(796,1301)
"[1427]"bounds: (858,1326),(901,1326),(901,1340),(858,1340)