Texts:

"ARKIH A)
4 TL
.1
deest
1
Tvacant
.5-6
a.5 Peut - être T+ 4E
Trace de digne
ou d' interpomction afres F ?
a.6
b. 2 JHC miferable á JHC .
ARKH 1&
.3
dees
.4
IT
.5-6
Jvacant
"bounds: (234,162),(920,162),(920,1454),(234,1454)
"ARKIH"bounds: (234,162),(319,162),(319,185),(234,185)
"A)"bounds: (319,163),(348,163),(348,184),(319,184)
"4"bounds: (346,234),(371,234),(371,273),(346,273)
"TL"bounds: (386,233),(427,233),(427,270),(386,270)
".1"bounds: (324,252),(342,252),(342,270),(324,270)
"deest"bounds: (531,412),(597,412),(597,441),(531,441)
"1"bounds: (730,466),(759,466),(759,517),(730,517)
"Tvacant"bounds: (561,566),(643,578),(638,610),(556,598)
".5-6"bounds: (325,585),(362,585),(362,601),(325,601)
"a.5"bounds: (369,635),(434,634),(434,656),(369,657)
"Peut"bounds: (438,634),(474,633),(474,652),(438,653)
"-"bounds: (481,647),(485,647),(485,648),(481,648)
"être"bounds: (492,638),(526,637),(526,651),(492,652)
"T+"bounds: (547,632),(575,632),(575,654),(547,654)
"4E"bounds: (585,631),(611,631),(611,653),(585,653)
"Trace"bounds: (442,675),(499,678),(498,694),(441,691)
"de"bounds: (510,676),(534,677),(533,693),(509,692)
"digne"bounds: (553,678),(604,680),(603,703),(552,701)
"ou"bounds: (619,681),(645,681),(645,687),(619,687)
"d'"bounds: (657,674),(675,674),(675,687),(657,687)
"interpomction"bounds: (690,671),(809,669),(809,692),(690,694)
"afres"bounds: (826,673),(870,672),(870,691),(826,692)
"F"bounds: (883,668),(902,668),(902,687),(883,687)
"?"bounds: (912,666),(920,666),(920,685),(912,685)
"a.6"bounds: (380,684),(412,683),(412,697),(380,698)
"b."bounds: (373,719),(403,718),(404,749),(374,750)
"2"bounds: (406,725),(415,725),(415,736),(406,736)
"JHC"bounds: (442,717),(474,716),(475,741),(443,742)
"miferable"bounds: (490,722),(590,720),(591,746),(491,748)
"á"bounds: (604,720),(614,720),(614,735),(604,735)
"JHC"bounds: (630,712),(670,711),(671,743),(631,744)
"."bounds: (674,733),(675,733),(675,734),(674,734)
"ARKH"bounds: (238,910),(328,908),(328,930),(238,932)
"1&"bounds: (345,905),(390,904),(391,931),(346,932)
".3"bounds: (339,1260),(355,1258),(358,1280),(342,1282)
"dees"bounds: (477,1260),(537,1255),(539,1285),(479,1290)
".4"bounds: (343,1338),(363,1338),(363,1364),(343,1364)
"IT"bounds: (629,1324),(699,1321),(701,1363),(631,1366)
".5-6"bounds: (342,1422),(391,1422),(391,1448),(342,1448)
"Jvacant"bounds: (629,1410),(745,1413),(744,1454),(628,1451)