Texts:

"q 21
A L4 7
21
HT 38.2'
KH Wc 20633 21023
4,7
PH Wc 442
A 512
ZA 9.2.4.53
H
21 +41
21
A L4_7
21
HT 132.2' 136a.21
PH(?) 31a.2.4,b.1
ZA 9.5.63 22.1.3.5 26a.2,b.13
нT 112а.11 126.21
HT 154.1
21
C
D
*ARKH 4b.23
21-53-69-16
НГ 23а,41
角目
HT 84.11
HT 94b.61
吊业王
HT 7b.1 87.1 *94b.6' 117b.1
-69-24
21-118
KH 88.15
ZA 5a.13 14.13
21-329
06- 21-24
HT 128b.11
E
HT 135a,3
T分王bT
нT 115а.2-31
06-
-24-73-06
69- 21-53-06
нT 129.21
79-301-09-45- 21-118
ARKH 2.3-43
176
"bounds: (54,331),(1059,331),(1059,1527),(54,1527)
"q"bounds: (605,331),(629,331),(628,371),(604,371)
"21"bounds: (673,336),(705,336),(705,365),(673,365)
"A"bounds: (422,518),(430,518),(430,529),(422,529)
"L4"bounds: (449,514),(471,514),(471,534),(449,534)
"7"bounds: (474,516),(488,516),(488,534),(474,534)
"21"bounds: (624,520),(642,520),(642,535),(624,535)
"HT"bounds: (810,521),(826,520),(827,532),(811,533)
"38.2'"bounds: (835,516),(874,513),(875,531),(836,534)
"KH"bounds: (810,555),(826,555),(826,566),(810,566)
"Wc"bounds: (835,555),(851,555),(851,566),(835,566)
"20633"bounds: (862,548),(901,547),(901,566),(862,567)
"21023"bounds: (912,549),(952,548),(952,566),(912,567)
"4,7"bounds: (447,583),(487,581),(488,600),(448,602)
"PH"bounds: (811,589),(826,589),(826,598),(811,598)
"Wc"bounds: (834,582),(859,582),(859,601),(834,601)
"442"bounds: (861,582),(884,582),(884,599),(861,599)
"A"bounds: (227,647),(235,647),(235,662),(227,662)
"512"bounds: (237,650),(259,650),(259,662),(237,662)
"ZA"bounds: (810,656),(825,656),(825,666),(810,666)
"9.2.4.53"bounds: (836,648),(900,647),(900,667),(836,668)
"H"bounds: (422,652),(430,652),(430,662),(422,662)
"21"bounds: (622,655),(638,655),(638,668),(622,668)
"+41"bounds: (650,654),(672,654),(672,664),(650,664)
"21"bounds: (670,796),(709,796),(709,829),(670,829)
"A"bounds: (424,908),(436,908),(436,930),(424,930)
"L4_7"bounds: (446,909),(485,909),(485,928),(446,928)
"21"bounds: (621,907),(648,907),(648,930),(621,930)
"HT"bounds: (808,916),(824,916),(824,926),(808,926)
"132.2'"bounds: (835,909),(880,909),(880,927),(835,927)
"136a.21"bounds: (894,909),(947,909),(947,927),(894,927)
"PH(?)"bounds: (808,948),(846,947),(846,963),(808,964)
"31a.2.4,b.1"bounds: (855,942),(948,940),(949,966),(856,968)
"ZA"bounds: (808,983),(823,983),(823,993),(808,993)
"9.5.63"bounds: (833,975),(881,975),(881,994),(833,994)
"22.1.3.5"bounds: (889,973),(957,973),(957,1003),(889,1003)
"26a.2,b.13"bounds: (978,977),(1059,977),(1059,999),(978,999)
"нT"bounds: (797,1010),(838,1010),(838,1032),(797,1032)
"112а.11"bounds: (840,1009),(891,1009),(891,1032),(840,1032)
"126.21"bounds: (901,1010),(955,1010),(955,1029),(901,1029)
"HT"bounds: (807,1050),(823,1050),(823,1061),(807,1061)
"154.1"bounds: (833,1042),(873,1043),(873,1069),(833,1068)
"21"bounds: (621,1007),(662,1008),(662,1032),(621,1031)
"C"bounds: (421,1012),(428,1012),(428,1022),(421,1022)
"D"bounds: (421,1045),(428,1045),(428,1055),(421,1055)
"*ARKH"bounds: (806,1079),(848,1079),(848,1095),(806,1095)
"4b.23"bounds: (858,1076),(897,1076),(897,1096),(858,1096)
"21-53-69-16"bounds: (620,1113),(721,1113),(721,1132),(620,1132)
"НГ"bounds: (798,1113),(836,1111),(837,1130),(799,1132)
"23а,41"bounds: (838,1111),(879,1109),(880,1129),(839,1131)
"角"bounds: (285,1137),(304,1137),(304,1161),(285,1161)
"目"bounds: (313,1132),(336,1132),(337,1166),(314,1166)
"HT"bounds: (805,1150),(822,1149),(822,1162),(805,1163)
"84.11"bounds: (831,1145),(870,1144),(871,1163),(832,1164)
"HT"bounds: (804,1186),(821,1185),(822,1196),(805,1197)
"94b.61"bounds: (831,1179),(877,1177),(878,1197),(832,1199)
"吊"bounds: (284,1203),(305,1203),(305,1229),(284,1229)
"业"bounds: (312,1202),(331,1202),(331,1226),(312,1226)
"王"bounds: (340,1203),(355,1203),(355,1227),(340,1227)
"HT"bounds: (805,1219),(821,1219),(821,1230),(805,1230)
"7b.1"bounds: (830,1211),(865,1211),(865,1235),(830,1235)
"87.1"bounds: (880,1211),(915,1211),(915,1236),(880,1236)
"*94b.6'"bounds: (932,1213),(987,1213),(987,1232),(932,1232)
"117b.1"bounds: (997,1212),(1049,1212),(1049,1236),(997,1236)
"-69-24"bounds: (645,1219),(694,1219),(694,1229),(645,1229)
"21-118"bounds: (619,1243),(678,1245),(677,1271),(618,1269)
"KH"bounds: (804,1252),(820,1251),(821,1263),(805,1264)
"88.15"bounds: (830,1248),(870,1245),(871,1264),(832,1267)
"ZA"bounds: (805,1288),(820,1287),(821,1298),(806,1299)
"5a.13"bounds: (830,1282),(870,1280),(871,1299),(831,1301)
"14.13"bounds: (882,1279),(921,1277),(922,1296),(883,1298)
"21-329"bounds: (616,1314),(675,1310),(677,1334),(618,1338)
"06-"bounds: (585,1354),(608,1354),(608,1364),(585,1364)
"21-24"bounds: (614,1345),(670,1345),(670,1372),(614,1372)
"HT"bounds: (804,1322),(820,1322),(820,1333),(804,1333)
"128b.11"bounds: (831,1317),(885,1316),(885,1334),(831,1335)
"E"bounds: (426,1347),(433,1347),(433,1357),(426,1357)
"HT"bounds: (803,1356),(819,1356),(819,1367),(803,1367)
"135a,3"bounds: (828,1350),(879,1349),(879,1368),(828,1369)
"T"bounds: (262,1370),(272,1370),(272,1393),(262,1393)
"分"bounds: (281,1371),(302,1371),(302,1395),(281,1395)
"王"bounds: (311,1371),(324,1371),(324,1394),(311,1394)
"bT"bounds: (333,1372),(372,1372),(372,1394),(333,1394)
"нT"bounds: (798,1383),(835,1383),(835,1405),(798,1405)
"115а.2-31"bounds: (837,1382),(904,1381),(904,1404),(837,1405)
"06-"bounds: (584,1388),(608,1388),(608,1398),(584,1398)
"-24-73-06"bounds: (644,1389),(718,1388),(718,1399),(644,1400)
"69-"bounds: (579,1412),(614,1412),(614,1441),(579,1441)
"21-53-06"bounds: (616,1415),(692,1415),(692,1439),(616,1439)
"нT"bounds: (797,1420),(832,1418),(833,1439),(798,1441)
"129.21"bounds: (834,1417),(876,1414),(877,1436),(835,1439)
"79-301-09-45-"bounds: (501,1455),(608,1456),(608,1467),(501,1466)
"21-118"bounds: (618,1452),(675,1453),(675,1470),(618,1469)
"ARKH"bounds: (801,1459),(836,1457),(837,1470),(802,1472)
"2.3-43"bounds: (845,1454),(894,1451),(895,1470),(846,1473)
"176"bounds: (54,1510),(89,1510),(89,1527),(54,1527)