Texts:

"ÉTUDES CRÉTOISES
PUBLIÉES PAR L'ÉCOLE FRANÇAISE D'ATHÈNES
ТОМЕ XXІ, 5
RECUEIL DES INSCRIPTIONS
EN LINÉAIRE A
VOLUME 5
ADDENDA, CORRIGENDA, CONCORDANCES,
INDEX ET PLANCHES DES SIGNES
"bounds: (252,392),(878,392),(878,905),(252,905)
"ÉTUDES"bounds: (384,393),(523,392),(523,418),(384,419)
"CRÉTOISES"bounds: (548,393),(746,392),(746,418),(548,419)
"PUBLIÉES"bounds: (350,442),(432,442),(432,455),(350,455)
"PAR"bounds: (447,446),(477,446),(477,455),(447,455)
"L'ÉCOLE"bounds: (492,441),(560,441),(560,455),(492,455)
"FRANÇAISE"bounds: (576,445),(668,445),(668,459),(576,459)
"D'ATHÈNES"bounds: (684,441),(779,441),(779,454),(684,454)
"ТОМЕ"bounds: (495,480),(563,480),(563,501),(495,501)
"XXІ,"bounds: (566,480),(633,480),(633,502),(566,502)
"5"bounds: (638,483),(647,483),(647,498),(638,498)
"RECUEIL"bounds: (252,618),(439,617),(439,648),(252,649)
"DES"bounds: (464,619),(541,619),(541,650),(464,650)
"INSCRIPTIONS"bounds: (564,618),(875,617),(875,649),(564,650)
"EN"bounds: (388,683),(448,683),(448,714),(388,714)
"LINÉAIRE"bounds: (476,677),(680,676),(680,714),(476,715)
"A"bounds: (711,683),(739,683),(739,713),(711,713)
"VOLUME"bounds: (506,768),(604,769),(604,785),(506,784)
"5"bounds: (618,769),(627,769),(627,784),(618,784)
"ADDENDA,"bounds: (253,844),(399,844),(399,866),(253,866)
"CORRIGENDA,"bounds: (422,844),(616,844),(616,867),(422,867)
"CONCORDANCES,"bounds: (640,844),(878,844),(878,867),(640,867)
"INDEX"bounds: (324,886),(414,886),(414,904),(324,904)
"ET"bounds: (434,887),(466,887),(466,904),(434,904)
"PLANCHES"bounds: (485,886),(628,886),(628,905),(485,905)
"DES"bounds: (648,886),(695,886),(695,905),(648,905)
"SIGNES"bounds: (715,887),(807,887),(807,905),(715,905)