Texts:

"AP Zat
ICYAPBL
éch. 2 : 3
3
"bounds: (235,219),(1151,219),(1151,1540),(235,1540)
"AP"bounds: (235,220),(287,220),(287,247),(235,247)
"Zat"bounds: (326,219),(388,219),(388,246),(326,246)
"ICYAPBL"bounds: (420,300),(755,302),(755,373),(420,371)
"éch."bounds: (535,1331),(573,1332),(573,1348),(535,1347)
"2"bounds: (583,1333),(592,1333),(592,1348),(583,1348)
":"bounds: (603,1331),(611,1331),(611,1350),(603,1350)
"3"bounds: (618,1334),(627,1334),(627,1349),(618,1349)
"3"bounds: (1141,1523),(1151,1523),(1151,1540),(1141,1540)