Texts:

"IMPRES SION
TYPO
ET OFFSET
IMPRIMERIE
A. BONTEMPS
LIMOGES (FRANCE)
"bounds: (510,665),(645,665),(645,749),(510,749)
"IMPRES"bounds: (515,667),(589,666),(589,678),(515,679)
"SION"bounds: (615,665),(645,665),(645,678),(615,678)
"TYPO"bounds: (514,687),(547,686),(547,695),(514,696)
"ET"bounds: (562,685),(589,685),(589,695),(562,695)
"OFFSET"bounds: (594,687),(645,686),(645,694),(594,695)
"IMPRIMERIE"bounds: (515,705),(645,705),(645,713),(515,713)
"A."bounds: (510,722),(545,722),(545,732),(510,732)
"BONTEMPS"bounds: (549,721),(644,720),(644,731),(549,732)
"LIMOGES"bounds: (515,741),(569,741),(569,749),(515,749)
"(FRANCE)"bounds: (584,739),(645,738),(645,748),(584,749)