Texts:

"XVIII
INSCRIPTIONS EN LINÉAIRE A
Рараposto-
No d'inven-
GORILA
Raccords
lou-Godart-
Date de
Lieu de
taire
Olivier
trouvaille
trouvaille
Khania M.
1976
O. Katré
O. Katré
О. Katre
O. Katré
O. Katré
O. Katré
O. Katré
O. Katré
O. Katré
O. Katré
O. Katré
O. Katré
O. Katré
O. Katré
O. Katré
O. Katré
O. Katré
O. Katré
O. Katré
O. Katré
O. Katré
O. Katré
O. Katré
O. Katré
O. Katré
O. Katré
O. Katré
O. Katré
O. Katré
O. Katré
O. Katré
O. Katré
O. Katré
O. Katré
O. Katré
O. Katré
O. Katré
O. Katré
O. Katré
O. Katré
O. Katré
KH 38
38
1973
38
KH 39
39
1973
39
KH 40
40
1973
40
KH 41
41
1973
41
KH 42
КН 43
кН 44
42
1973
42
43
1973
43
44
1973
44
KH 45
45
1973
45
кН 46
46
1973
46
KH 47
(ΚΗ 48)
KH 49
кн 50
47
1973
47
20
(48)
1973
49
1973
49
50
1973
50
KH 51
51
1973
51
KH 52
52
1973
52
KH 53
53
1973
53
кН 54
КН 55
KH 56
54
1973
54
55
1973
55
56
1973
56
KH 57
KH 58
57
1973
57
58
1973
58
KH 59
KH 60
кн 61
59
1973
59
60
1973
60
61
1973
61
KH 62
62
1973
62
KH 63
63
1973
63
кн 64
64
1973
64
KH 65
кн 6
кн 67
65
1973
65
66
1973
66
67
1973
67
KH 68
+71
68
1973
68+71
KH 69
69
1973
69
кн 70
( ΚΗ 71)
KH 72
70
1973
70
68
(71)
1973
72
1973
72
KH 73
KH 74
73
1974
73
74
1974
74
KH 75
KH 76
75
1974
75
76
1974
76
KH 77
KH 78
77
1974
77
78
1974
78
"bounds: (264,182),(1045,182),(1045,1365),(264,1365)
"XVIII"bounds: (264,184),(306,185),(306,194),(264,193)
"INSCRIPTIONS"bounds: (529,185),(645,185),(645,195),(529,195)
"EN"bounds: (658,186),(679,186),(679,195),(658,195)
"LINÉAIRE"bounds: (693,182),(772,182),(772,195),(693,195)
"A"bounds: (786,186),(795,186),(795,195),(786,195)
"Рараposto-"bounds: (594,256),(677,256),(677,270),(594,270)
"No"bounds: (958,264),(976,264),(976,274),(958,274)
"d'inven-"bounds: (984,264),(1045,264),(1045,275),(984,275)
"GORILA"bounds: (310,281),(364,282),(364,293),(310,292)
"Raccords"bounds: (417,282),(484,282),(484,293),(417,293)
"lou-Godart-"bounds: (591,276),(679,276),(679,286),(591,286)
"Date"bounds: (721,276),(754,276),(754,287),(721,287)
"de"bounds: (762,277),(778,277),(778,287),(762,287)
"Lieu"bounds: (848,277),(879,277),(879,287),(848,287)
"de"bounds: (888,277),(903,277),(903,287),(888,287)
"taire"bounds: (985,284),(1018,284),(1018,295),(985,295)
"Olivier"bounds: (610,295),(660,294),(660,306),(610,307)
"trouvaille"bounds: (713,296),(783,296),(783,307),(713,307)
"trouvaille"bounds: (840,297),(911,297),(911,307),(840,307)
"Khania"bounds: (962,303),(1016,303),(1016,314),(962,314)
"M."bounds: (1025,304),(1041,304),(1041,315),(1025,315)
"1976"bounds: (620,315),(652,316),(652,327),(620,326)
"O."bounds: (842,373),(869,373),(869,391),(842,391)
"Katré"bounds: (864,375),(914,375),(914,389),(864,389)
"O."bounds: (842,396),(869,396),(869,414),(842,414)
"Katré"bounds: (864,399),(914,399),(914,413),(864,413)
"О."bounds: (836,420),(865,420),(865,438),(836,438)
"Katre"bounds: (865,424),(914,424),(914,437),(865,437)
"O."bounds: (842,446),(867,446),(867,464),(842,464)
"Katré"bounds: (864,448),(914,448),(914,462),(864,462)
"O."bounds: (842,470),(869,470),(869,488),(842,488)
"Katré"bounds: (864,472),(914,472),(914,487),(864,487)
"O."bounds: (842,494),(869,494),(869,512),(842,512)
"Katré"bounds: (875,494),(917,494),(917,513),(875,513)
"O."bounds: (842,517),(869,517),(869,535),(842,535)
"Katré"bounds: (864,521),(914,521),(914,534),(864,534)
"O."bounds: (841,543),(868,543),(868,561),(841,561)
"Katré"bounds: (864,545),(914,545),(914,560),(864,560)
"O."bounds: (840,567),(868,567),(868,586),(840,586)
"Katré"bounds: (864,570),(914,570),(914,584),(864,584)
"O."bounds: (841,592),(868,592),(868,610),(841,610)
"Katré"bounds: (864,594),(914,594),(914,608),(864,608)
"O."bounds: (841,616),(868,616),(868,634),(841,634)
"Katré"bounds: (865,618),(913,618),(913,633),(865,633)
"O."bounds: (841,640),(868,640),(868,658),(841,658)
"Katré"bounds: (874,639),(912,639),(912,658),(874,658)
"O."bounds: (840,663),(868,663),(868,682),(840,682)
"Katré"bounds: (864,667),(913,667),(913,680),(864,680)
"O."bounds: (839,688),(867,688),(867,707),(839,707)
"Katré"bounds: (864,691),(913,691),(913,705),(864,705)
"O."bounds: (840,712),(868,712),(868,731),(840,731)
"Katré"bounds: (864,715),(913,715),(913,729),(864,729)
"O."bounds: (839,736),(867,736),(867,755),(839,755)
"Katré"bounds: (864,740),(913,740),(913,753),(864,753)
"O."bounds: (841,761),(868,761),(868,779),(841,779)
"Katré"bounds: (874,760),(916,760),(916,779),(874,779)
"O."bounds: (841,786),(868,786),(868,804),(841,804)
"Katré"bounds: (864,788),(913,787),(913,801),(864,802)
"O."bounds: (840,809),(868,809),(868,828),(840,828)
"Katré"bounds: (863,813),(913,813),(913,826),(863,826)
"O."bounds: (841,834),(868,834),(868,852),(841,852)
"Katré"bounds: (864,837),(913,837),(913,851),(864,851)
"O."bounds: (839,859),(867,859),(867,878),(839,878)
"Katré"bounds: (864,861),(913,861),(913,875),(864,875)
"O."bounds: (839,883),(867,883),(867,902),(839,902)
"Katré"bounds: (864,886),(913,886),(913,899),(864,899)
"O."bounds: (841,907),(868,906),(868,925),(841,926)
"Katré"bounds: (863,909),(913,908),(913,924),(863,925)
"O."bounds: (841,930),(869,930),(869,949),(841,949)
"Katré"bounds: (863,934),(913,934),(913,948),(863,948)
"O."bounds: (841,956),(868,956),(868,974),(841,974)
"Katré"bounds: (863,958),(913,958),(913,972),(863,972)
"O."bounds: (841,980),(868,980),(868,998),(841,998)
"Katré"bounds: (863,983),(913,983),(913,997),(863,997)
"O."bounds: (840,1005),(866,1005),(866,1022),(840,1022)
"Katré"bounds: (863,1007),(913,1006),(913,1020),(863,1021)
"O."bounds: (840,1028),(868,1028),(868,1047),(840,1047)
"Katré"bounds: (863,1031),(913,1031),(913,1045),(863,1045)
"O."bounds: (839,1052),(867,1052),(867,1071),(839,1071)
"Katré"bounds: (864,1056),(913,1056),(913,1069),(864,1069)
"O."bounds: (841,1077),(867,1077),(867,1095),(841,1095)
"Katré"bounds: (864,1079),(913,1080),(913,1095),(864,1094)
"O."bounds: (840,1102),(866,1102),(866,1119),(840,1119)
"Katré"bounds: (863,1104),(913,1103),(913,1117),(863,1118)
"O."bounds: (841,1126),(868,1126),(868,1144),(841,1144)
"Katré"bounds: (863,1129),(913,1129),(913,1142),(863,1142)
"O."bounds: (841,1151),(868,1151),(868,1169),(841,1169)
"Katré"bounds: (863,1153),(913,1153),(913,1168),(863,1168)
"O."bounds: (837,1175),(869,1175),(869,1194),(837,1194)
"Katré"bounds: (863,1177),(913,1177),(913,1191),(863,1191)
"O."bounds: (841,1199),(868,1199),(868,1217),(841,1217)
"Katré"bounds: (863,1202),(913,1201),(913,1215),(863,1216)
"O."bounds: (841,1223),(868,1223),(868,1242),(841,1242)
"Katré"bounds: (863,1226),(913,1225),(913,1240),(863,1241)
"O."bounds: (840,1247),(868,1247),(868,1266),(840,1266)
"Katré"bounds: (863,1251),(913,1251),(913,1265),(863,1265)
"O."bounds: (839,1273),(867,1273),(867,1292),(839,1292)
"Katré"bounds: (863,1276),(913,1276),(913,1289),(863,1289)
"O."bounds: (840,1297),(867,1297),(867,1315),(840,1315)
"Katré"bounds: (863,1300),(913,1300),(913,1314),(863,1314)
"O."bounds: (841,1322),(868,1322),(868,1340),(841,1340)
"Katré"bounds: (874,1321),(916,1320),(916,1338),(874,1339)
"O."bounds: (840,1347),(867,1346),(868,1364),(841,1365)
"Katré"bounds: (862,1349),(912,1348),(912,1363),(862,1364)
"KH"bounds: (307,373),(339,373),(339,387),(307,387)
"38"bounds: (347,373),(367,373),(367,387),(347,387)
"38"bounds: (625,374),(644,374),(644,388),(625,388)
"1973"bounds: (730,374),(768,374),(768,389),(730,389)
"38"bounds: (991,376),(1010,376),(1010,390),(991,390)
"KH"bounds: (307,397),(339,397),(339,411),(307,411)
"39"bounds: (348,397),(367,397),(367,412),(348,412)
"39"bounds: (625,398),(644,398),(644,412),(625,412)
"1973"bounds: (730,399),(767,399),(767,413),(730,413)
"39"bounds: (991,400),(1010,400),(1010,414),(991,414)
"KH"bounds: (307,422),(339,422),(339,436),(307,436)
"40"bounds: (347,422),(367,422),(367,436),(347,436)
"40"bounds: (625,423),(644,423),(644,436),(625,436)
"1973"bounds: (730,423),(767,423),(767,437),(730,437)
"40"bounds: (991,425),(1010,425),(1010,438),(991,438)
"KH"bounds: (307,445),(340,446),(340,461),(307,460)
"41"bounds: (348,446),(367,446),(367,460),(348,460)
"41"bounds: (625,448),(641,448),(641,461),(625,461)
"1973"bounds: (730,447),(767,447),(767,462),(730,462)
"41"bounds: (991,450),(1008,450),(1008,463),(991,463)
"KH"bounds: (307,471),(340,471),(340,485),(307,485)
"42"bounds: (348,470),(367,470),(367,485),(348,485)
"КН"bounds: (316,493),(353,493),(353,511),(316,511)
"43"bounds: (348,494),(367,494),(367,510),(348,510)
"кН"bounds: (314,517),(354,517),(354,535),(314,535)
"44"bounds: (356,517),(366,517),(366,535),(356,535)
"42"bounds: (625,472),(644,472),(644,485),(625,485)
"1973"bounds: (729,472),(767,472),(767,486),(729,486)
"42"bounds: (991,474),(1010,474),(1010,488),(991,488)
"43"bounds: (625,496),(644,496),(644,509),(625,509)
"1973"bounds: (730,496),(767,496),(767,510),(730,510)
"43"bounds: (991,498),(1010,498),(1010,511),(991,511)
"44"bounds: (625,520),(644,520),(644,534),(625,534)
"1973"bounds: (730,520),(767,520),(767,534),(730,534)
"44"bounds: (991,522),(1010,522),(1010,536),(991,536)
"KH"bounds: (308,543),(340,544),(340,558),(308,557)
"45"bounds: (348,544),(368,544),(368,558),(348,558)
"45"bounds: (625,545),(644,545),(644,558),(625,558)
"1973"bounds: (729,545),(767,545),(767,559),(729,559)
"45"bounds: (991,546),(1010,546),(1010,560),(991,560)
"кН"bounds: (316,565),(357,566),(357,585),(316,584)
"46"bounds: (349,568),(368,568),(368,582),(349,582)
"46"bounds: (625,569),(644,569),(644,583),(625,583)
"1973"bounds: (730,569),(767,569),(767,583),(730,583)
"46"bounds: (991,571),(1010,571),(1010,585),(991,585)
"KH"bounds: (308,592),(340,592),(340,606),(308,606)
"47"bounds: (349,592),(368,592),(368,607),(349,607)
"(ΚΗ"bounds: (288,613),(352,613),(352,635),(288,635)
"48)"bounds: (354,613),(375,613),(375,635),(354,635)
"KH"bounds: (308,641),(340,641),(340,655),(308,655)
"49"bounds: (348,640),(368,640),(368,655),(348,655)
"кн"bounds: (316,662),(357,662),(357,680),(316,680)
"50"bounds: (359,662),(370,662),(370,680),(359,680)
"47"bounds: (625,593),(644,593),(644,607),(625,607)
"1973"bounds: (729,593),(767,593),(767,607),(729,607)
"47"bounds: (991,595),(1009,595),(1009,609),(991,609)
"20"bounds: (417,617),(437,617),(437,631),(417,631)
"(48)"bounds: (619,618),(650,618),(650,636),(619,636)
"1973"bounds: (729,618),(767,617),(767,631),(729,632)
"49"bounds: (625,642),(644,642),(644,655),(625,655)
"1973"bounds: (729,642),(767,642),(767,656),(729,656)
"49"bounds: (990,643),(1010,643),(1010,657),(990,657)
"50"bounds: (625,666),(644,666),(644,680),(625,680)
"1973"bounds: (729,667),(767,666),(767,679),(729,680)
"50"bounds: (990,668),(1010,668),(1010,681),(990,681)
"KH"bounds: (307,689),(340,689),(340,703),(307,703)
"51"bounds: (348,689),(367,689),(367,703),(348,703)
"51"bounds: (625,691),(640,691),(640,704),(625,704)
"1973"bounds: (729,691),(767,690),(767,704),(729,705)
"51"bounds: (990,692),(1007,692),(1007,705),(990,705)
"KH"bounds: (307,714),(340,714),(340,728),(307,728)
"52"bounds: (348,714),(367,714),(367,729),(348,729)
"52"bounds: (624,715),(644,715),(644,729),(624,729)
"1973"bounds: (729,715),(767,714),(767,728),(729,729)
"52"bounds: (990,716),(1010,716),(1010,730),(990,730)
"KH"bounds: (307,738),(340,738),(340,752),(307,752)
"53"bounds: (348,738),(367,738),(367,752),(348,752)
"53"bounds: (625,739),(643,739),(643,753),(625,753)
"1973"bounds: (729,739),(767,739),(767,754),(729,754)
"53"bounds: (990,741),(1009,741),(1009,754),(990,754)
"кН"bounds: (315,759),(356,760),(356,779),(315,778)
"54"bounds: (348,763),(367,763),(367,777),(348,777)
"КН"bounds: (313,785),(353,785),(353,803),(313,803)
"55"bounds: (348,787),(367,787),(367,801),(348,801)
"KH"bounds: (307,810),(340,811),(340,826),(307,825)
"56"bounds: (348,811),(367,811),(367,826),(348,826)
"54"bounds: (624,764),(643,764),(643,777),(624,777)
"1973"bounds: (729,764),(767,764),(767,778),(729,778)
"54"bounds: (991,765),(1010,765),(1010,778),(991,778)
"55"bounds: (624,788),(643,788),(643,802),(624,802)
"1973"bounds: (729,786),(767,787),(766,802),(728,801)
"55"bounds: (990,789),(1009,789),(1009,803),(990,803)
"56"bounds: (624,812),(643,812),(643,826),(624,826)
"1973"bounds: (729,812),(766,812),(766,826),(729,826)
"56"bounds: (990,813),(1009,813),(1009,827),(990,827)
"KH"bounds: (307,835),(340,835),(340,850),(307,850)
"57"bounds: (348,835),(367,835),(367,850),(348,850)
"KH"bounds: (307,860),(339,860),(339,874),(307,874)
"58"bounds: (348,860),(367,860),(367,874),(348,874)
"57"bounds: (624,837),(643,837),(643,850),(624,850)
"1973"bounds: (729,837),(767,837),(767,850),(729,850)
"57"bounds: (990,838),(1009,838),(1009,851),(990,851)
"58"bounds: (624,861),(643,861),(643,875),(624,875)
"1973"bounds: (728,861),(766,860),(766,875),(728,876)
"58"bounds: (990,862),(1009,862),(1009,876),(990,876)
"KH"bounds: (307,884),(339,884),(339,898),(307,898)
"59"bounds: (348,884),(367,884),(367,899),(348,899)
"KH"bounds: (307,908),(340,909),(340,923),(307,922)
"60"bounds: (348,908),(367,908),(367,923),(348,923)
"кн"bounds: (313,929),(356,929),(356,948),(313,948)
"61"bounds: (358,929),(369,929),(369,948),(358,948)
"59"bounds: (624,885),(643,885),(643,899),(624,899)
"1973"bounds: (729,885),(766,885),(766,899),(729,899)
"59"bounds: (990,886),(1009,886),(1009,900),(990,900)
"60"bounds: (624,910),(643,910),(643,923),(624,923)
"1973"bounds: (728,909),(766,909),(766,924),(728,924)
"60"bounds: (990,910),(1009,910),(1009,924),(990,924)
"61"bounds: (624,934),(641,934),(641,947),(624,947)
"1973"bounds: (729,934),(766,933),(766,947),(729,948)
"61"bounds: (990,935),(1007,935),(1007,948),(990,948)
"KH"bounds: (307,957),(340,957),(340,971),(307,971)
"62"bounds: (348,956),(367,956),(367,972),(348,972)
"62"bounds: (624,958),(643,958),(643,972),(624,972)
"1973"bounds: (728,958),(766,958),(766,972),(728,972)
"62"bounds: (990,959),(1009,959),(1009,973),(990,973)
"KH"bounds: (307,981),(340,981),(340,995),(307,995)
"63"bounds: (348,981),(367,981),(367,996),(348,996)
"63"bounds: (624,982),(643,982),(643,996),(624,996)
"1973"bounds: (729,982),(766,981),(766,996),(729,997)
"63"bounds: (990,983),(1009,983),(1009,997),(990,997)
"кн"bounds: (312,1004),(353,1004),(353,1022),(312,1022)
"64"bounds: (348,1006),(367,1006),(367,1020),(348,1020)
"64"bounds: (624,1007),(643,1007),(643,1020),(624,1020)
"1973"bounds: (728,1007),(766,1006),(766,1020),(728,1021)
"64"bounds: (990,1008),(1009,1008),(1009,1021),(990,1021)
"KH"bounds: (307,1030),(339,1030),(339,1044),(307,1044)
"65"bounds: (348,1030),(367,1030),(367,1045),(348,1045)
"кн"bounds: (310,1052),(358,1052),(358,1071),(310,1071)
"6"bounds: (360,1052),(365,1052),(365,1071),(360,1071)
"кн"bounds: (315,1076),(356,1076),(356,1094),(315,1094)
"67"bounds: (358,1076),(369,1076),(369,1094),(358,1094)
"65"bounds: (624,1031),(643,1031),(643,1045),(624,1045)
"1973"bounds: (729,1031),(766,1030),(766,1044),(729,1045)
"65"bounds: (990,1032),(1009,1032),(1009,1045),(990,1045)
"66"bounds: (624,1055),(643,1055),(643,1069),(624,1069)
"1973"bounds: (729,1055),(766,1055),(766,1069),(729,1069)
"66"bounds: (990,1056),(1009,1056),(1009,1070),(990,1070)
"67"bounds: (624,1080),(643,1080),(643,1093),(624,1093)
"1973"bounds: (729,1080),(766,1079),(766,1093),(729,1094)
"67"bounds: (990,1080),(1008,1080),(1008,1094),(990,1094)
"KH"bounds: (307,1103),(340,1103),(340,1118),(307,1118)
"68"bounds: (348,1103),(367,1103),(367,1118),(348,1118)
"+71"bounds: (419,1105),(453,1103),(454,1119),(420,1121)
"68"bounds: (624,1104),(643,1104),(643,1118),(624,1118)
"1973"bounds: (729,1104),(766,1103),(766,1117),(729,1118)
"68+71"bounds: (969,1105),(1028,1105),(1028,1121),(969,1121)
"KH"bounds: (307,1128),(339,1128),(339,1142),(307,1142)
"69"bounds: (348,1128),(367,1128),(367,1142),(348,1142)
"69"bounds: (624,1128),(643,1128),(643,1142),(624,1142)
"1973"bounds: (728,1127),(767,1128),(767,1144),(728,1143)
"69"bounds: (990,1129),(1009,1129),(1009,1143),(990,1143)
"кн"bounds: (311,1150),(354,1150),(354,1169),(311,1169)
"70"bounds: (356,1150),(370,1150),(370,1169),(356,1169)
"("bounds: (301,1177),(304,1177),(303,1195),(300,1195)
"ΚΗ"bounds: (309,1175),(339,1176),(338,1191),(308,1190)
"71)"bounds: (349,1176),(373,1177),(372,1195),(348,1194)
"KH"bounds: (307,1201),(340,1201),(340,1215),(307,1215)
"72"bounds: (348,1201),(367,1201),(367,1216),(348,1216)
"70"bounds: (625,1153),(643,1153),(643,1167),(625,1167)
"1973"bounds: (728,1153),(766,1153),(766,1167),(728,1167)
"70"bounds: (990,1154),(1009,1154),(1009,1167),(990,1167)
"68"bounds: (417,1177),(435,1177),(435,1191),(417,1191)
"(71)"bounds: (618,1177),(649,1177),(649,1196),(618,1196)
"1973"bounds: (729,1176),(767,1177),(767,1193),(729,1192)
"72"bounds: (625,1202),(643,1202),(643,1215),(625,1215)
"1973"bounds: (728,1201),(766,1201),(766,1215),(728,1215)
"72"bounds: (990,1202),(1009,1202),(1009,1216),(990,1216)
"KH"bounds: (307,1225),(339,1225),(339,1239),(307,1239)
"73"bounds: (348,1225),(367,1225),(367,1240),(348,1240)
"KH"bounds: (307,1250),(339,1250),(339,1264),(307,1264)
"74"bounds: (348,1249),(367,1249),(367,1265),(348,1265)
"73"bounds: (625,1226),(643,1226),(643,1240),(625,1240)
"1974"bounds: (728,1226),(766,1226),(766,1240),(728,1240)
"73"bounds: (990,1226),(1008,1226),(1008,1240),(990,1240)
"74"bounds: (625,1251),(643,1251),(643,1265),(625,1265)
"1974"bounds: (728,1250),(766,1250),(766,1265),(728,1265)
"74"bounds: (990,1251),(1008,1251),(1008,1265),(990,1265)
"KH"bounds: (307,1275),(339,1275),(339,1289),(307,1289)
"75"bounds: (348,1274),(367,1274),(367,1289),(348,1289)
"KH"bounds: (307,1299),(339,1299),(339,1313),(307,1313)
"76"bounds: (348,1298),(367,1298),(367,1313),(348,1313)
"75"bounds: (625,1275),(643,1275),(643,1289),(625,1289)
"1974"bounds: (728,1275),(766,1275),(766,1289),(728,1289)
"75"bounds: (990,1276),(1008,1276),(1008,1290),(990,1290)
"76"bounds: (625,1300),(643,1300),(643,1314),(625,1314)
"1974"bounds: (728,1300),(766,1300),(766,1314),(728,1314)
"76"bounds: (990,1301),(1008,1301),(1008,1314),(990,1314)
"KH"bounds: (307,1323),(339,1323),(339,1337),(307,1337)
"77"bounds: (347,1323),(366,1323),(366,1338),(347,1338)
"KH"bounds: (306,1347),(339,1347),(339,1361),(306,1361)
"78"bounds: (347,1347),(366,1347),(366,1362),(347,1362)
"77"bounds: (625,1324),(643,1324),(643,1338),(625,1338)
"1974"bounds: (729,1324),(766,1324),(766,1338),(729,1338)
"77"bounds: (990,1325),(1008,1325),(1008,1339),(990,1339)
"78"bounds: (625,1348),(643,1348),(643,1362),(625,1362)
"1974"bounds: (729,1348),(767,1348),(767,1362),(729,1362)
"78"bounds: (990,1349),(1008,1349),(1008,1363),(990,1363)