Texts:

"120
INSCRIPTIOoNS EN LINÉAIRE A
GORILA
PUGLIESE CARRATELLI 1963
BRICE 1961
RAISON-POPE 1977
REMARQUES
А 529
Lc 52 Lc 52" partim 552 618 partim
Lc 53
Lc 52 Lc 53
A 530
A 531
A 532
A 533
A 534
A 535
А 536
А 537
А 538
A 539
А 540
А 541
A 542
A 543
А 544
А 545
А 546
А 547
А 548
А 549
А 550
A 551
А 552
А 553
А 554
А 555
A 556
А 557
А 558
А 559
A 560
А 561
А 562
A 563
A 564
А 565
A 566
A 567
А 568
A 569
A 570
A 571
А 572
А 573
А 574
A 575
A 576
A 577
A 578
A 579
Lc 49
Lc 49
549
Lc' 3
641
659
624
Lc 41
Lc 41
541 a
Lc 42
Lc 42 Lc 72
542
Lc 60
Lc 60
560
Lc 32
Lc 33
Lc 32
532
Lc 33
533
646
530 b
Lc 58
Lc 58
558
Lc 34
Lc 34
534
623
cf. 96
cf. 96
Lc 29
Lc 29
529
Lc 31
Lc 31
531
Lc 30
Lc 30
552
671 (a)
Lc 40
Lc 40 Lc 61
540
635
L 45 (d)
Lc 62'
201
Lc 61
561
Lc 62 (a)
Lc 62
546 b
Lc 46
Lc 46
546 a
628
640
Lc 62 (b)
Lc 62 Le 62'
562
541 b
536 (a)
536 (b c)
Lc 36
Lc 36
656
Lc 55
Lc 55
555 а b
657
L 125
L 125
125
Lc 56
L 126 Lc 56
126 b (a c)
L 126 (c)
L 126 (c)
126 b (b)
Lc 72
L 42
572
Lc 9
Lc 9
509 a b
591
Lc 8
Lc 8
508
Lc 3
Lc 3
503
Lc 5 Lc 10
Lc 5 Lc 10
505
"bounds: (262,183),(1046,183),(1046,1327),(262,1327)
"120"bounds: (262,183),(290,183),(290,197),(262,197)
"INSCRIPTIOoNS"bounds: (527,189),(644,189),(644,198),(527,198)
"EN"bounds: (658,189),(678,189),(678,198),(658,198)
"LINÉAIRE"bounds: (693,185),(773,185),(773,198),(693,198)
"A"bounds: (786,190),(796,190),(796,198),(786,198)
"GORILA"bounds: (286,252),(340,252),(340,262),(286,262)
"PUGLIESE"bounds: (368,252),(440,252),(440,263),(368,263)
"CARRATELLI"bounds: (449,252),(538,252),(538,263),(449,263)
"1963"bounds: (548,253),(579,253),(579,263),(548,263)
"BRICE"bounds: (635,253),(680,253),(680,264),(635,264)
"1961"bounds: (692,253),(722,253),(722,264),(692,264)
"RAISON-POPE"bounds: (788,253),(890,253),(890,265),(788,265)
"1977"bounds: (900,254),(932,254),(932,265),(900,265)
"REMARQUES"bounds: (955,254),(1046,255),(1046,268),(955,267)
"А"bounds: (291,295),(301,295),(301,311),(291,311)
"529"bounds: (303,295),(321,295),(321,312),(303,312)
"Lc"bounds: (587,296),(617,296),(617,312),(587,312)
"52"bounds: (619,296),(634,296),(634,312),(619,312)
"Lc"bounds: (649,299),(666,299),(666,309),(649,309)
"52""bounds: (674,299),(699,299),(699,309),(674,309)
"partim"bounds: (715,300),(763,300),(763,313),(715,313)
"552"bounds: (786,299),(810,299),(810,310),(786,310)
"618"bounds: (821,299),(846,299),(846,310),(821,310)
"partim"bounds: (857,299),(905,299),(905,313),(857,313)
"Lc"bounds: (594,317),(628,317),(628,330),(594,330)
"53"bounds: (626,319),(641,319),(641,330),(626,330)
"Lc"bounds: (372,298),(390,298),(390,309),(372,309)
"52"bounds: (397,298),(413,298),(413,309),(397,309)
"Lc"bounds: (424,298),(441,298),(441,309),(424,309)
"53"bounds: (448,298),(464,298),(464,309),(448,309)
"A"bounds: (286,336),(295,336),(296,351),(287,351)
"530"bounds: (293,338),(318,337),(318,348),(293,349)
"A"bounds: (288,355),(296,355),(296,370),(288,370)
"531"bounds: (299,355),(318,355),(318,370),(299,370)
"A"bounds: (290,375),(298,375),(298,390),(290,390)
"532"bounds: (300,375),(317,375),(317,390),(300,390)
"A"bounds: (288,396),(296,396),(296,411),(288,411)
"533"bounds: (294,397),(318,397),(318,409),(294,409)
"A"bounds: (288,416),(296,416),(296,431),(288,431)
"534"bounds: (294,418),(318,418),(318,428),(294,428)
"A"bounds: (288,436),(296,436),(297,451),(289,451)
"535"bounds: (299,435),(318,434),(319,450),(300,451)
"А"bounds: (290,455),(299,455),(299,470),(290,470)
"536"bounds: (301,455),(320,454),(320,469),(301,470)
"А"bounds: (290,475),(299,475),(300,490),(291,490)
"537"bounds: (301,474),(320,473),(321,489),(302,490)
"А"bounds: (291,496),(299,496),(300,511),(292,511)
"538"bounds: (301,495),(318,494),(319,510),(302,511)
"A"bounds: (287,514),(295,514),(295,529),(287,529)
"539"bounds: (293,517),(318,516),(318,527),(293,528)
"А"bounds: (290,534),(300,534),(300,550),(290,550)
"540"bounds: (302,534),(320,534),(320,550),(302,550)
"А"bounds: (293,556),(301,556),(302,571),(294,571)
"541"bounds: (303,555),(317,554),(318,569),(304,570)
"A"bounds: (288,575),(296,575),(296,590),(288,590)
"542"bounds: (299,574),(318,574),(318,589),(299,589)
"A"bounds: (287,594),(295,594),(295,609),(287,609)
"543"bounds: (293,596),(318,595),(318,607),(293,608)
"А"bounds: (292,615),(300,615),(300,630),(292,630)
"544"bounds: (302,614),(319,614),(319,630),(302,630)
"А"bounds: (291,634),(299,634),(299,649),(291,649)
"545"bounds: (301,633),(318,633),(318,648),(301,648)
"А"bounds: (291,653),(299,653),(299,668),(291,668)
"546"bounds: (301,653),(318,653),(318,668),(301,668)
"А"bounds: (292,673),(300,673),(300,688),(292,688)
"547"bounds: (302,672),(319,672),(319,687),(302,687)
"А"bounds: (289,693),(299,692),(300,708),(290,709)
"548"bounds: (301,692),(319,691),(320,708),(302,709)
"А"bounds: (290,712),(300,712),(300,728),(290,728)
"549"bounds: (302,712),(320,712),(320,728),(302,728)
"А"bounds: (290,732),(300,732),(300,748),(290,748)
"550"bounds: (302,731),(320,731),(320,747),(302,747)
"A"bounds: (288,752),(297,752),(297,769),(288,769)
"551"bounds: (299,752),(318,752),(318,769),(299,769)
"А"bounds: (289,772),(298,772),(298,788),(289,788)
"552"bounds: (300,772),(318,772),(318,788),(300,788)
"А"bounds: (289,791),(299,791),(299,807),(289,807)
"553"bounds: (301,791),(319,791),(319,807),(301,807)
"А"bounds: (289,812),(299,812),(299,828),(289,828)
"554"bounds: (301,811),(319,811),(319,827),(301,827)
"А"bounds: (291,832),(299,832),(300,847),(292,847)
"555"bounds: (301,831),(318,830),(319,846),(302,847)
"A"bounds: (290,853),(298,853),(298,868),(290,868)
"556"bounds: (300,852),(317,852),(317,867),(300,867)
"А"bounds: (290,872),(300,872),(300,888),(290,888)
"557"bounds: (302,872),(320,872),(320,888),(302,888)
"А"bounds: (292,892),(300,892),(300,907),(292,907)
"558"bounds: (302,892),(319,892),(319,907),(302,907)
"А"bounds: (290,913),(300,913),(300,929),(290,929)
"559"bounds: (302,913),(320,913),(320,929),(302,929)
"A"bounds: (289,932),(297,932),(297,947),(289,947)
"560"bounds: (300,931),(319,931),(319,947),(300,947)
"А"bounds: (291,952),(299,952),(299,967),(291,967)
"561"bounds: (301,952),(318,951),(318,966),(301,967)
"А"bounds: (292,972),(300,972),(300,987),(292,987)
"562"bounds: (302,972),(319,972),(319,987),(302,987)
"A"bounds: (284,992),(293,992),(293,1007),(284,1007)
"563"bounds: (293,994),(318,994),(318,1005),(293,1005)
"A"bounds: (289,1012),(297,1012),(297,1027),(289,1027)
"564"bounds: (300,1011),(319,1011),(319,1026),(300,1026)
"А"bounds: (291,1032),(299,1032),(299,1047),(291,1047)
"565"bounds: (301,1031),(318,1031),(318,1046),(301,1046)
"A"bounds: (289,1052),(297,1052),(297,1067),(289,1067)
"566"bounds: (300,1052),(319,1052),(319,1067),(300,1067)
"A"bounds: (288,1072),(296,1072),(296,1087),(288,1087)
"567"bounds: (294,1074),(318,1074),(318,1085),(294,1085)
"А"bounds: (292,1092),(301,1092),(301,1107),(292,1107)
"568"bounds: (303,1091),(319,1091),(319,1106),(303,1106)
"A"bounds: (287,1111),(295,1111),(295,1126),(287,1126)
"569"bounds: (293,1113),(318,1112),(318,1123),(293,1124)
"A"bounds: (286,1131),(295,1131),(295,1146),(286,1146)
"570"bounds: (293,1133),(318,1133),(318,1144),(293,1144)
"A"bounds: (284,1150),(293,1150),(293,1165),(284,1165)
"571"bounds: (293,1153),(316,1152),(316,1164),(293,1165)
"А"bounds: (294,1171),(302,1171),(301,1186),(293,1186)
"572"bounds: (304,1172),(318,1173),(317,1188),(303,1187)
"А"bounds: (291,1192),(299,1192),(299,1207),(291,1207)
"573"bounds: (301,1192),(318,1192),(318,1207),(301,1207)
"А"bounds: (295,1211),(303,1211),(303,1226),(295,1226)
"574"bounds: (305,1212),(319,1212),(319,1227),(305,1227)
"A"bounds: (285,1232),(294,1232),(294,1247),(285,1247)
"575"bounds: (293,1234),(318,1234),(318,1245),(293,1245)
"A"bounds: (286,1251),(295,1251),(295,1267),(286,1267)
"576"bounds: (293,1255),(318,1255),(318,1265),(293,1265)
"A"bounds: (281,1272),(290,1272),(290,1288),(281,1288)
"577"bounds: (293,1274),(317,1274),(317,1286),(293,1286)
"A"bounds: (291,1292),(299,1293),(298,1307),(290,1307)
"578"bounds: (301,1292),(318,1293),(317,1309),(300,1308)
"A"bounds: (285,1311),(294,1311),(294,1327),(285,1327)
"579"bounds: (293,1315),(317,1315),(317,1326),(293,1326)
"Lc"bounds: (373,338),(390,339),(390,349),(373,348)
"49"bounds: (397,338),(413,338),(413,348),(397,348)
"Lc"bounds: (593,339),(610,339),(610,349),(593,349)
"49"bounds: (617,339),(632,339),(632,349),(617,349)
"549"bounds: (786,339),(810,339),(810,349),(786,349)
"Lc'"bounds: (593,358),(615,358),(615,369),(593,369)
"3"bounds: (622,359),(629,359),(629,369),(622,369)
"641"bounds: (786,359),(809,359),(809,369),(786,369)
"659"bounds: (786,379),(810,379),(810,389),(786,389)
"624"bounds: (786,418),(811,419),(811,430),(786,429)
"Lc"bounds: (372,438),(390,438),(390,449),(372,449)
"41"bounds: (397,438),(411,438),(411,449),(397,449)
"Lc"bounds: (584,436),(620,435),(620,450),(584,451)
"41"bounds: (622,435),(633,435),(633,450),(622,450)
"541"bounds: (787,437),(810,439),(809,450),(786,448)
"a"bounds: (818,442),(825,443),(824,449),(817,449)
"Lc"bounds: (373,458),(390,458),(390,468),(373,468)
"42"bounds: (397,458),(413,458),(413,469),(397,469)
"Lc"bounds: (593,458),(610,458),(610,468),(593,468)
"42"bounds: (617,458),(633,458),(633,469),(617,469)
"Lc"bounds: (644,458),(661,458),(661,469),(644,469)
"72"bounds: (669,458),(684,458),(684,469),(669,469)
"542"bounds: (786,458),(811,458),(811,468),(786,468)
"Lc"bounds: (373,478),(390,478),(390,488),(373,488)
"60"bounds: (397,478),(413,478),(413,489),(397,489)
"Lc"bounds: (593,477),(611,478),(611,489),(593,488)
"60"bounds: (617,477),(633,478),(632,491),(616,490)
"560"bounds: (786,478),(811,478),(811,489),(786,489)
"Lc"bounds: (592,497),(610,497),(610,509),(592,509)
"32"bounds: (617,497),(633,497),(633,508),(617,508)
"Lc"bounds: (593,517),(611,518),(610,529),(592,528)
"33"bounds: (618,516),(634,517),(633,530),(617,529)
"Lc"bounds: (373,498),(390,498),(390,508),(373,508)
"32"bounds: (397,497),(413,497),(413,509),(397,509)
"532"bounds: (786,498),(811,498),(811,509),(786,509)
"Lc"bounds: (373,518),(390,518),(390,528),(373,528)
"33"bounds: (397,518),(413,518),(413,528),(397,528)
"533"bounds: (786,517),(810,516),(811,529),(787,530)
"646"bounds: (786,538),(811,538),(811,549),(786,549)
"530"bounds: (786,558),(811,558),(811,569),(786,569)
"b"bounds: (818,558),(825,558),(825,569),(818,569)
"Lc"bounds: (366,575),(400,575),(400,588),(366,588)
"58"bounds: (402,575),(412,575),(412,588),(402,588)
"Lc"bounds: (593,577),(610,577),(610,588),(593,588)
"58"bounds: (617,578),(633,578),(633,589),(617,589)
"558"bounds: (786,578),(811,578),(811,589),(786,589)
"Lc"bounds: (372,637),(390,637),(390,647),(372,647)
"34"bounds: (397,637),(412,637),(412,648),(397,648)
"Lc"bounds: (592,637),(610,637),(610,648),(592,648)
"34"bounds: (617,637),(631,637),(631,647),(617,647)
"534"bounds: (786,637),(810,637),(810,648),(786,648)
"623"bounds: (786,677),(810,677),(810,688),(786,688)
"cf."bounds: (786,694),(809,694),(809,709),(786,709)
"96"bounds: (814,696),(829,696),(829,708),(814,708)
"cf."bounds: (786,717),(802,717),(802,727),(786,727)
"96"bounds: (814,716),(829,716),(829,727),(814,727)
"Lc"bounds: (373,736),(390,736),(390,746),(373,746)
"29"bounds: (396,736),(412,736),(412,747),(396,747)
"Lc"bounds: (593,736),(610,736),(610,747),(593,747)
"29"bounds: (617,736),(632,736),(632,747),(617,747)
"529"bounds: (786,736),(810,736),(810,747),(786,747)
"Lc"bounds: (373,755),(390,755),(390,766),(373,766)
"31"bounds: (397,756),(410,756),(410,767),(397,767)
"Lc"bounds: (593,756),(610,756),(610,766),(593,766)
"31"bounds: (617,755),(631,755),(631,767),(617,767)
"531"bounds: (786,756),(809,756),(809,766),(786,766)
"Lc"bounds: (373,775),(390,775),(390,786),(373,786)
"30"bounds: (397,775),(413,775),(413,786),(397,786)
"Lc"bounds: (593,776),(610,776),(610,786),(593,786)
"30"bounds: (617,776),(633,776),(633,786),(617,786)
"552"bounds: (786,776),(810,776),(810,787),(786,787)
"671"bounds: (786,795),(809,796),(809,807),(786,806)
"(a)"bounds: (820,795),(841,796),(841,811),(820,810)
"Lc"bounds: (372,815),(390,815),(390,826),(372,826)
"40"bounds: (397,816),(412,816),(412,826),(397,826)
"Lc"bounds: (593,816),(610,816),(610,827),(593,827)
"40"bounds: (617,816),(633,816),(633,827),(617,827)
"Lc"bounds: (644,816),(661,816),(661,827),(644,827)
"61"bounds: (668,816),(681,816),(681,827),(668,827)
"540"bounds: (786,816),(810,816),(810,826),(786,826)
"635"bounds: (786,836),(810,836),(810,846),(786,846)
"L"bounds: (372,855),(381,855),(381,866),(372,866)
"45"bounds: (389,855),(404,855),(404,867),(389,867)
"(d)"bounds: (412,856),(430,856),(430,870),(412,870)
"Lc"bounds: (593,856),(610,856),(610,867),(593,867)
"62'"bounds: (617,855),(638,855),(638,866),(617,866)
"201"bounds: (786,856),(808,856),(808,867),(786,867)
"Lc"bounds: (372,876),(390,875),(390,885),(372,886)
"61"bounds: (396,876),(410,875),(410,886),(396,887)
"561"bounds: (786,876),(808,876),(808,887),(786,887)
"Lc"bounds: (373,895),(390,895),(390,906),(373,906)
"62"bounds: (397,896),(412,896),(412,906),(397,906)
"(a)"bounds: (420,895),(437,895),(437,909),(420,909)
"Lc"bounds: (586,894),(620,893),(620,906),(586,907)
"62"bounds: (622,893),(632,893),(632,906),(622,906)
"546"bounds: (786,895),(811,896),(811,907),(786,906)
"b"bounds: (818,896),(825,896),(825,906),(818,906)
"Lc"bounds: (373,915),(390,915),(390,926),(373,926)
"46"bounds: (397,915),(412,915),(412,926),(397,926)
"Lc"bounds: (593,916),(610,916),(610,927),(593,927)
"46"bounds: (617,916),(632,916),(632,926),(617,926)
"546"bounds: (786,914),(811,916),(810,929),(785,927)
"a"bounds: (818,918),(825,918),(824,926),(817,926)
"628"bounds: (786,956),(810,956),(810,967),(786,967)
"640"bounds: (786,976),(810,976),(810,986),(786,986)
"Lc"bounds: (373,995),(390,996),(390,1007),(373,1006)
"62"bounds: (397,995),(413,996),(413,1008),(397,1007)
"(b)"bounds: (420,995),(438,996),(437,1010),(419,1009)
"Lc"bounds: (593,996),(610,996),(610,1006),(593,1006)
"62"bounds: (617,996),(632,996),(632,1007),(617,1007)
"Le"bounds: (644,995),(661,995),(661,1006),(644,1006)
"62'"bounds: (668,996),(689,996),(689,1006),(668,1006)
"562"bounds: (786,996),(810,996),(810,1007),(786,1007)
"541"bounds: (786,1016),(809,1016),(809,1026),(786,1026)
"b"bounds: (818,1016),(825,1016),(825,1026),(818,1026)
"536"bounds: (786,1034),(811,1035),(810,1047),(785,1046)
"(a)"bounds: (820,1035),(841,1036),(840,1050),(819,1049)
"536"bounds: (786,1055),(811,1056),(810,1067),(785,1066)
"(b"bounds: (820,1055),(834,1056),(833,1070),(819,1069)
"c)"bounds: (844,1055),(857,1056),(856,1070),(843,1069)
"Lc"bounds: (372,1035),(390,1035),(390,1046),(372,1046)
"36"bounds: (397,1035),(412,1035),(412,1046),(397,1046)
"Lc"bounds: (593,1035),(610,1035),(610,1046),(593,1046)
"36"bounds: (617,1036),(632,1036),(632,1046),(617,1046)
"656"bounds: (786,1075),(810,1076),(810,1087),(786,1086)
"Lc"bounds: (372,1095),(390,1095),(390,1105),(372,1105)
"55"bounds: (397,1095),(412,1095),(412,1106),(397,1106)
"Lc"bounds: (592,1095),(610,1095),(610,1106),(592,1106)
"55"bounds: (617,1095),(632,1095),(632,1106),(617,1106)
"555"bounds: (786,1095),(810,1095),(810,1106),(786,1106)
"а"bounds: (817,1099),(824,1099),(824,1106),(817,1106)
"b"bounds: (835,1096),(843,1096),(843,1106),(835,1106)
"657"bounds: (786,1115),(810,1115),(810,1126),(786,1126)
"L"bounds: (372,1135),(381,1135),(381,1145),(372,1145)
"125"bounds: (390,1134),(413,1134),(413,1146),(390,1146)
"L"bounds: (600,1133),(608,1133),(608,1148),(600,1148)
"125"bounds: (611,1135),(633,1134),(633,1144),(611,1145)
"125"bounds: (787,1135),(810,1135),(810,1145),(787,1145)
"Lc"bounds: (372,1154),(390,1154),(390,1165),(372,1165)
"56"bounds: (396,1155),(412,1155),(412,1166),(396,1166)
"L"bounds: (593,1155),(601,1155),(601,1165),(593,1165)
"126"bounds: (610,1155),(633,1155),(633,1165),(610,1165)
"Lc"bounds: (645,1155),(662,1155),(662,1165),(645,1165)
"56"bounds: (669,1155),(684,1155),(684,1165),(669,1165)
"126"bounds: (787,1155),(811,1156),(811,1167),(787,1166)
"b"bounds: (818,1155),(825,1155),(825,1165),(818,1165)
"(a"bounds: (835,1154),(848,1154),(848,1167),(835,1167)
"c)"bounds: (859,1155),(872,1155),(872,1168),(859,1168)
"L"bounds: (372,1174),(381,1174),(381,1185),(372,1185)
"126"bounds: (390,1175),(414,1176),(414,1186),(390,1185)
"(c)"bounds: (421,1174),(437,1174),(437,1188),(421,1188)
"L"bounds: (593,1175),(602,1175),(602,1185),(593,1185)
"126"bounds: (611,1174),(634,1174),(634,1186),(611,1186)
"(c)"bounds: (641,1175),(657,1175),(657,1189),(641,1189)
"126"bounds: (787,1174),(811,1175),(811,1186),(787,1185)
"b"bounds: (818,1175),(825,1175),(825,1185),(818,1185)
"(b)"bounds: (838,1174),(860,1174),(860,1189),(838,1189)
"Lc"bounds: (372,1194),(390,1194),(390,1205),(372,1205)
"72"bounds: (397,1194),(413,1194),(413,1205),(397,1205)
"L"bounds: (592,1195),(601,1195),(601,1206),(592,1206)
"42"bounds: (608,1195),(624,1194),(624,1205),(608,1206)
"572"bounds: (786,1195),(810,1194),(810,1205),(786,1206)
"Lc"bounds: (372,1214),(390,1214),(390,1225),(372,1225)
"9"bounds: (396,1215),(403,1215),(403,1225),(396,1225)
"Lc"bounds: (592,1215),(610,1215),(610,1226),(592,1226)
"9"bounds: (617,1215),(623,1215),(623,1226),(617,1226)
"509"bounds: (786,1215),(810,1214),(810,1225),(786,1226)
"a"bounds: (817,1218),(824,1218),(824,1226),(817,1226)
"b"bounds: (835,1215),(842,1215),(842,1226),(835,1226)
"591"bounds: (786,1236),(807,1236),(807,1246),(786,1246)
"Lc"bounds: (372,1256),(389,1256),(389,1266),(372,1266)
"8"bounds: (396,1256),(403,1256),(403,1266),(396,1266)
"Lc"bounds: (592,1256),(609,1256),(609,1266),(592,1266)
"8"bounds: (616,1256),(623,1256),(623,1266),(616,1266)
"508"bounds: (786,1256),(810,1256),(810,1266),(786,1266)
"Lc"bounds: (372,1296),(389,1296),(389,1306),(372,1306)
"3"bounds: (396,1296),(403,1296),(403,1306),(396,1306)
"Lc"bounds: (592,1296),(609,1295),(609,1306),(592,1307)
"3"bounds: (616,1296),(623,1296),(623,1307),(616,1307)
"503"bounds: (786,1296),(810,1296),(810,1306),(786,1306)
"Lc"bounds: (372,1316),(389,1316),(389,1326),(372,1326)
"5"bounds: (396,1316),(403,1316),(403,1326),(396,1326)
"Lc"bounds: (415,1316),(431,1316),(431,1326),(415,1326)
"10"bounds: (440,1316),(454,1316),(454,1327),(440,1327)
"Lc"bounds: (592,1316),(609,1316),(609,1327),(592,1327)
"5"bounds: (617,1316),(623,1316),(623,1327),(617,1327)
"Lc"bounds: (635,1316),(652,1316),(652,1327),(635,1327)
"10"bounds: (660,1316),(674,1316),(674,1327),(660,1327)
"505"bounds: (785,1316),(810,1316),(810,1327),(785,1327)