Texts:

"KH 43
-[3,90] x [4.80] x 4,10 cm .
- brou a 2.90 cm. de la cassure
ganche.
KH 44
-[ 2,00]x [2.60]x0,60 cm.
KH 45
-[4.70] x [2,60]x 0.70 cm.
70
"bounds: (64,60),(1059,60),(1059,1519),(64,1519)
"KH"bounds: (69,60),(107,61),(106,78),(68,77)
"43"bounds: (122,62),(147,63),(146,80),(121,79)
"-[3,90]"bounds: (781,343),(842,345),(841,368),(780,366)
"x"bounds: (849,357),(856,357),(856,364),(849,364)
"[4.80]"bounds: (864,348),(915,350),(914,370),(863,368)
"x"bounds: (920,359),(927,359),(927,367),(920,367)
"4,10"bounds: (939,355),(974,356),(973,370),(938,369)
"cm"bounds: (979,360),(997,361),(997,368),(979,367)
"."bounds: (1003,368),(1003,368),(1003,368),(1003,368)
"-"bounds: (778,390),(782,390),(782,391),(778,391)
"brou"bounds: (788,376),(834,377),(834,395),(788,394)
"a"bounds: (846,380),(857,380),(857,393),(846,393)
"2.90"bounds: (867,377),(916,378),(916,396),(867,395)
"cm."bounds: (914,385),(937,385),(937,392),(914,392)
"de"bounds: (946,381),(965,381),(965,393),(946,393)
"la"bounds: (974,378),(992,378),(992,393),(974,393)
"cassure"bounds: (999,384),(1059,385),(1059,394),(999,393)
"ganche."bounds: (791,400),(854,400),(854,427),(791,427)
"KH"bounds: (68,590),(106,590),(106,606),(68,606)
"44"bounds: (121,589),(146,589),(146,606),(121,606)
"-["bounds: (778,900),(804,901),(803,926),(777,925)
"2,00]x"bounds: (806,900),(865,901),(864,927),(805,926)
"[2.60]x0,60"bounds: (865,905),(969,907),(969,925),(865,923)
"cm."bounds: (975,912),(1003,913),(1003,922),(975,921)
"KH"bounds: (65,1119),(103,1120),(103,1137),(65,1136)
"45"bounds: (118,1119),(142,1119),(142,1136),(118,1136)
"-[4.70]"bounds: (804,1434),(860,1436),(859,1461),(803,1459)
"x"bounds: (867,1448),(874,1448),(874,1456),(867,1456)
"[2,60]x"bounds: (879,1439),(943,1441),(942,1464),(878,1462)
"0.70"bounds: (949,1445),(984,1446),(983,1462),(948,1461)
"cm."bounds: (991,1451),(1018,1452),(1018,1459),(991,1458)
"70"bounds: (64,1501),(88,1501),(88,1519),(64,1519)