Texts:

"TABLEAU DES VARIANTES DES SIGNES
XXIX
AB06
ARKH16 HT9A.3 KH 60 1 KN Zc 6.3 KN Zb40.2 PS Za 2.2
[.4]
IO Za 6 APZa 2.1 A P Za'2.2
ABO7
HT19.3 ZA Zb31 HT98..2 ZA 4a.8 KN ZC62IO Za 5
IOla 6 PK Za 15 KN°ZP 13
AB08
ZA Fa.1 HT1.4 HT14.3 ARKH1A.5 KH39.1 IOZa 7
HT Wa 1148 IO Za 3
ABO9
HT276.5 HT 115 a.4 HT 66.2 HT 18.1
HT 87.3 HTZ6158a
|C RIZ? 1
PH'2.4 KN zf 34
1.-
"bounds: (73,83),(1012,83),(1012,1437),(73,1437)
"TABLEAU"bounds: (393,84),(485,83),(485,95),(393,96)
"DES"bounds: (482,86),(512,86),(512,95),(482,95)
"VARIANTES"bounds: (525,86),(620,85),(620,95),(525,96)
"DES"bounds: (633,85),(663,85),(663,95),(633,95)
"SIGNES"bounds: (677,85),(735,85),(735,94),(677,94)
"XXIX"bounds: (918,84),(962,83),(962,93),(918,94)
"AB06"bounds: (418,199),(509,193),(511,221),(420,227)
"ARKH16"bounds: (85,313),(218,314),(218,343),(85,342)
"HT9A.3"bounds: (251,317),(368,318),(368,344),(251,343)
"KH"bounds: (391,320),(428,320),(428,343),(391,343)
"60"bounds: (441,315),(479,315),(479,348),(441,348)
"1"bounds: (481,315),(513,315),(513,348),(481,348)
"KN"bounds: (531,317),(570,317),(570,343),(531,343)
"Zc"bounds: (589,316),(626,316),(626,349),(589,349)
"6.3"bounds: (620,321),(659,321),(659,343),(620,343)
"KN"bounds: (687,320),(728,320),(728,342),(687,342)
"Zb40.2"bounds: (738,318),(838,319),(838,345),(738,344)
"PS"bounds: (852,321),(883,321),(883,344),(852,344)
"Za"bounds: (895,318),(926,318),(926,351),(895,351)
"2.2"bounds: (940,318),(983,318),(983,351),(940,351)
"[.4]"bounds: (166,348),(205,348),(205,371),(166,371)
"IO"bounds: (88,428),(135,428),(135,458),(88,458)
"Za"bounds: (143,431),(174,431),(174,459),(143,459)
"6"bounds: (185,439),(198,439),(198,458),(185,458)
"APZa"bounds: (235,432),(318,433),(318,462),(235,461)
"2.1"bounds: (328,439),(366,439),(366,461),(328,461)
"A"bounds: (383,432),(399,432),(399,460),(383,460)
"P"bounds: (415,430),(437,430),(437,466),(415,466)
"Za'2.2"bounds: (440,430),(530,431),(530,468),(440,467)
"ABO7"bounds: (416,518),(517,518),(517,555),(416,555)
"HT19.3"bounds: (83,636),(196,636),(196,664),(83,664)
"ZA"bounds: (234,637),(270,637),(270,664),(234,664)
"Zb31"bounds: (291,634),(359,634),(359,665),(291,665)
"HT98..2"bounds: (377,636),(510,637),(510,671),(377,670)
"ZA"bounds: (547,635),(598,635),(598,670),(547,670)
"4a.8"bounds: (593,640),(652,640),(652,665),(593,665)
"KN"bounds: (680,638),(730,638),(730,664),(680,664)
"ZC62IO"bounds: (751,636),(886,637),(886,672),(751,671)
"Za"bounds: (889,636),(916,636),(916,672),(889,672)
"5"bounds: (924,648),(938,648),(938,666),(924,666)
"IOla"bounds: (86,740),(173,742),(172,780),(85,778)
"6"bounds: (182,754),(199,754),(198,777),(181,777)
"PK"bounds: (230,749),(267,750),(266,778),(229,777)
"Za"bounds: (278,752),(311,753),(310,781),(277,780)
"15"bounds: (316,745),(351,746),(350,778),(315,777)
"KN°ZP"bounds: (380,749),(487,751),(486,790),(379,788)
"13"bounds: (492,755),(537,756),(536,782),(491,781)
"AB08"bounds: (426,840),(528,840),(528,867),(426,867)
"ZA"bounds: (88,953),(141,954),(141,988),(88,987)
"Fa.1"bounds: (143,953),(209,954),(209,988),(143,987)
"HT1.4"bounds: (232,958),(330,959),(330,983),(232,982)
"HT14.3"bounds: (360,958),(479,959),(479,984),(360,983)
"ARKH1A.5"bounds: (512,962),(672,964),(672,986),(512,984)
"KH39.1"bounds: (704,963),(823,964),(823,988),(704,987)
"IOZa"bounds: (851,961),(945,962),(945,995),(851,994)
"7"bounds: (953,962),(974,962),(974,995),(953,995)
"HT"bounds: (75,1072),(127,1072),(127,1104),(75,1104)
"Wa"bounds: (149,1070),(181,1070),(181,1104),(149,1104)
"1148"bounds: (190,1070),(251,1070),(251,1105),(190,1105)
"IO"bounds: (277,1071),(356,1071),(356,1105),(277,1105)
"Za"bounds: (358,1071),(380,1071),(380,1105),(358,1105)
"3"bounds: (387,1080),(401,1080),(401,1100),(387,1100)
"ABO9"bounds: (419,1164),(514,1164),(514,1189),(419,1189)
"HT276.5"bounds: (74,1270),(219,1272),(218,1305),(73,1303)
"HT"bounds: (242,1273),(291,1274),(290,1307),(241,1306)
"115"bounds: (304,1274),(336,1274),(335,1307),(303,1307)
"a.4"bounds: (344,1274),(393,1275),(392,1308),(343,1307)
"HT"bounds: (422,1280),(463,1281),(463,1303),(422,1302)
"66.2"bounds: (476,1279),(535,1280),(535,1305),(476,1304)
"HT"bounds: (564,1285),(607,1286),(607,1308),(564,1307)
"18.1"bounds: (616,1281),(673,1282),(673,1307),(616,1306)
"HT"bounds: (724,1285),(770,1285),(770,1306),(724,1306)
"87.3"bounds: (779,1285),(842,1286),(842,1308),(779,1307)
"HTZ6158a"bounds: (864,1283),(1012,1284),(1012,1310),(864,1309)
"|C"bounds: (75,1382),(102,1383),(100,1429),(73,1428)
"RIZ?"bounds: (108,1383),(200,1387),(198,1433),(106,1429)
"1"bounds: (202,1387),(215,1388),(213,1433),(200,1433)
"PH'2.4"bounds: (258,1384),(356,1388),(354,1429),(257,1425)
"KN"bounds: (406,1392),(457,1394),(456,1422),(405,1420)
"zf"bounds: (468,1392),(508,1393),(506,1435),(466,1434)
"34"bounds: (526,1394),(558,1395),(556,1437),(524,1436)
"1.-"bounds: (180,236),(181,286),(151,287),(150,237)