Texts:

"XXII
INSCRIPTIONS EN LINÉAIRE A
Рарарosto-
No d'inven-
GORILA
lou-Godart-
Date de
Lieu de
taire
Olivier
trouvaille
trouvaille
Khania M.
1976
KH Wc 2102
KH Wc 2103
2102
O. Katré
O. Katré
O. Katré
O. Katré
O. Katré
1974
2102
2103
1974
2103
KH Wc 2104
KH Wc 2105
KH Wc 2106
2104
1974
2104
2105
1974
2105
2106
1974
2106
KH Wc 2109
KH Wc 2110
KH Wc 2111
О. Katre
О. Katre
О. Katre
2109
1974
2109
2110
1975
2110
2111
1975
2111
KH Wc 2113
2113
1975
О. Katre
2113
KH Wc 2114
2114
1975
O. Katré
2114
N.B. Les lignes en pointillés sont les « fantômes des rondelles anépigraphes.
.3 Zakros
GORILA
Brice
Platon
Date de
Lieu de
No d'inventaire
1975
1975
trouvaille
trouvaille
HM
ZA 4
ZA 5
8
8
1963
XVI A*
1615+ 2 frr.
10
10
1963
XVI A*
1616
ZA 6
ZA 7
3 & 11
4[+]5
3+11
1963
XVI В
1617+1628+1648
1618[+]1622+ 2 frr.
1619
4[+]5
1963
XXVIII
ZA 8
9.
9.
1963
XVI A*
ZA 9
ZA 10
ZA 11
ZA 12
7
7
1963
XXVIII
1620
1963
XXVIII
1621
13
13
1963
XVI A*
1623
14
14
1963
XVI T
1624
ZA 13
15
15
1963
1625
ZA 14
1
1
1963
XVI A*
1626
ZA 15
12
12
1963
XVI B
1627
ZA 16
ZA 17
1963
XVI A*
1629
2 a
1963
1630
"bounds: (263,181),(1044,181),(1044,1324),(263,1324)
"XXII"bounds: (263,182),(300,182),(300,192),(263,192)
"INSCRIPTIONS"bounds: (529,184),(645,184),(645,194),(529,194)
"EN"bounds: (657,185),(679,185),(679,194),(657,194)
"LINÉAIRE"bounds: (692,182),(772,182),(772,195),(692,195)
"A"bounds: (785,187),(795,187),(795,195),(785,195)
"Рарарosto-"bounds: (594,255),(677,256),(677,270),(594,269)
"No"bounds: (958,265),(976,265),(976,275),(958,275)
"d'inven-"bounds: (984,265),(1044,265),(1044,276),(984,276)
"GORILA"bounds: (309,280),(363,280),(363,290),(309,290)
"lou-Godart-"bounds: (591,275),(678,276),(678,287),(591,286)
"Date"bounds: (720,276),(755,277),(755,288),(720,287)
"de"bounds: (762,277),(778,278),(778,288),(762,287)
"Lieu"bounds: (848,277),(879,277),(879,288),(848,288)
"de"bounds: (888,277),(903,277),(903,288),(888,288)
"taire"bounds: (985,285),(1018,285),(1018,296),(985,296)
"Olivier"bounds: (610,295),(660,296),(660,307),(610,306)
"trouvaille"bounds: (712,296),(783,296),(783,307),(712,307)
"trouvaille"bounds: (839,297),(911,298),(911,308),(839,307)
"Khania"bounds: (962,304),(1016,305),(1016,316),(962,315)
"M."bounds: (1025,304),(1041,304),(1041,316),(1025,316)
"1976"bounds: (620,315),(652,314),(652,325),(620,326)
"KH"bounds: (276,373),(309,373),(309,388),(276,388)
"Wc"bounds: (317,374),(346,374),(346,389),(317,389)
"2102"bounds: (355,374),(395,374),(395,389),(355,389)
"KH"bounds: (276,398),(309,398),(309,412),(276,412)
"Wc"bounds: (318,399),(346,399),(346,413),(318,413)
"2103"bounds: (355,398),(395,398),(395,413),(355,413)
"2102"bounds: (615,375),(655,376),(655,392),(615,391)
"O."bounds: (841,375),(870,375),(870,394),(841,394)
"Katré"bounds: (864,378),(914,378),(914,392),(864,392)
"O."bounds: (842,400),(867,400),(867,418),(842,418)
"Katré"bounds: (865,402),(914,402),(914,416),(865,416)
"O."bounds: (840,423),(868,423),(868,442),(840,442)
"Katré"bounds: (865,427),(914,427),(914,441),(865,441)
"O."bounds: (841,448),(869,448),(869,467),(841,467)
"Katré"bounds: (864,451),(914,451),(914,465),(864,465)
"O."bounds: (842,473),(869,473),(869,491),(842,491)
"Katré"bounds: (865,474),(914,474),(914,490),(865,490)
"1974"bounds: (729,376),(767,376),(767,390),(729,390)
"2102"bounds: (980,379),(1021,379),(1021,393),(980,393)
"2103"bounds: (614,400),(654,399),(654,414),(614,415)
"1974"bounds: (729,401),(767,401),(767,415),(729,415)
"2103"bounds: (980,403),(1020,403),(1020,417),(980,417)
"KH"bounds: (276,422),(309,422),(309,436),(276,436)
"Wc"bounds: (317,423),(346,423),(346,437),(317,437)
"2104"bounds: (355,423),(396,423),(396,437),(355,437)
"KH"bounds: (276,447),(309,447),(309,460),(276,460)
"Wc"bounds: (318,447),(346,447),(346,462),(318,462)
"2105"bounds: (355,447),(396,447),(396,462),(355,462)
"KH"bounds: (277,471),(309,471),(309,485),(277,485)
"Wc"bounds: (318,471),(346,471),(346,486),(318,486)
"2106"bounds: (356,471),(396,471),(396,486),(356,486)
"2104"bounds: (614,425),(654,424),(654,438),(614,439)
"1974"bounds: (730,424),(768,426),(767,441),(729,439)
"2104"bounds: (981,428),(1020,428),(1020,441),(981,441)
"2105"bounds: (614,450),(654,450),(654,464),(614,464)
"1974"bounds: (729,449),(767,449),(767,464),(729,464)
"2105"bounds: (981,452),(1021,452),(1021,466),(981,466)
"2106"bounds: (614,473),(654,472),(654,486),(614,487)
"1974"bounds: (730,474),(768,474),(768,488),(730,488)
"2106"bounds: (981,476),(1021,475),(1021,490),(981,491)
"KH"bounds: (277,519),(309,519),(309,533),(277,533)
"Wc"bounds: (318,521),(347,521),(347,535),(318,535)
"2109"bounds: (356,520),(396,521),(396,535),(356,534)
"KH"bounds: (277,543),(309,543),(309,558),(277,558)
"Wc"bounds: (318,545),(347,545),(347,559),(318,559)
"2110"bounds: (356,544),(396,545),(396,560),(356,559)
"KH"bounds: (277,568),(309,568),(309,582),(277,582)
"Wc"bounds: (318,568),(346,568),(346,583),(318,583)
"2111"bounds: (356,568),(396,568),(396,583),(356,583)
"О."bounds: (837,521),(866,521),(866,539),(837,539)
"Katre"bounds: (865,524),(914,524),(914,538),(865,538)
"О."bounds: (837,546),(864,546),(864,563),(837,563)
"Katre"bounds: (865,547),(914,547),(914,563),(865,563)
"О."bounds: (839,569),(863,569),(863,588),(839,588)
"Katre"bounds: (865,571),(914,570),(914,587),(865,588)
"2109"bounds: (614,523),(654,523),(654,536),(614,536)
"1974"bounds: (730,523),(767,523),(767,537),(730,537)
"2109"bounds: (981,525),(1021,525),(1021,539),(981,539)
"2110"bounds: (614,546),(655,545),(655,560),(614,561)
"1975"bounds: (730,547),(768,547),(768,561),(730,561)
"2110"bounds: (981,549),(1021,549),(1021,563),(981,563)
"2111"bounds: (614,570),(653,571),(653,585),(614,584)
"1975"bounds: (730,571),(768,570),(768,585),(730,586)
"2111"bounds: (981,573),(1019,574),(1019,588),(981,587)
"KH"bounds: (277,616),(309,616),(309,630),(277,630)
"Wc"bounds: (318,617),(346,617),(346,631),(318,631)
"2113"bounds: (355,617),(396,617),(396,631),(355,631)
"2113"bounds: (615,619),(655,619),(655,633),(615,633)
"1975"bounds: (730,620),(768,620),(768,634),(730,634)
"О."bounds: (836,620),(853,620),(853,634),(836,634)
"Katre"bounds: (865,621),(914,621),(914,635),(865,635)
"2113"bounds: (981,622),(1021,622),(1021,635),(981,635)
"KH"bounds: (277,641),(309,641),(309,655),(277,655)
"Wc"bounds: (318,641),(346,641),(346,655),(318,655)
"2114"bounds: (355,641),(396,641),(396,655),(355,655)
"2114"bounds: (615,643),(654,642),(654,656),(615,657)
"1975"bounds: (730,644),(768,644),(768,658),(730,658)
"O."bounds: (840,641),(868,641),(868,660),(840,660)
"Katré"bounds: (864,645),(914,645),(914,659),(864,659)
"2114"bounds: (981,646),(1021,647),(1021,661),(981,660)
"N.B."bounds: (313,712),(348,712),(348,722),(313,722)
"Les"bounds: (372,712),(396,712),(396,722),(372,722)
"lignes"bounds: (405,713),(447,713),(447,726),(405,726)
"en"bounds: (457,716),(472,716),(472,723),(457,723)
"pointillés"bounds: (482,713),(550,713),(550,727),(482,727)
"sont"bounds: (559,714),(589,714),(589,724),(559,724)
"les"bounds: (599,714),(617,714),(617,725),(599,725)
"«"bounds: (630,711),(637,711),(637,727),(630,727)
"fantômes"bounds: (639,711),(708,711),(708,728),(639,728)
"des"bounds: (726,715),(748,715),(748,725),(726,725)
"rondelles"bounds: (758,715),(823,715),(823,725),(758,725)
"anépigraphes."bounds: (833,715),(936,716),(936,730),(833,729)
".3"bounds: (268,823),(286,823),(286,839),(268,839)
"Zakros"bounds: (300,823),(369,824),(369,841),(300,840)
"GORILA"bounds: (300,910),(354,910),(354,920),(300,920)
"Brice"bounds: (424,904),(461,904),(461,915),(424,915)
"Platon"bounds: (536,904),(584,904),(584,915),(536,915)
"Date"bounds: (640,905),(675,905),(675,916),(640,916)
"de"bounds: (683,906),(698,906),(698,916),(683,916)
"Lieu"bounds: (755,906),(786,906),(786,917),(755,917)
"de"bounds: (795,907),(810,907),(810,917),(795,917)
"No"bounds: (871,904),(912,904),(912,921),(871,921)
"d'inventaire"bounds: (914,904),(999,904),(999,921),(914,921)
"1975"bounds: (427,924),(459,924),(459,935),(427,935)
"1975"bounds: (541,925),(572,925),(572,935),(541,935)
"trouvaille"bounds: (633,925),(704,925),(704,936),(633,936)
"trouvaille"bounds: (746,926),(817,926),(817,937),(746,937)
"HM"bounds: (936,927),(961,927),(961,938),(936,938)
"ZA"bounds: (291,988),(319,988),(319,1002),(291,1002)
"4"bounds: (337,988),(347,988),(347,1003),(337,1003)
"ZA"bounds: (291,1012),(319,1012),(319,1027),(291,1027)
"5"bounds: (338,1013),(346,1013),(346,1027),(338,1027)
"8"bounds: (444,989),(452,989),(452,1003),(444,1003)
"8"bounds: (557,990),(565,990),(565,1004),(557,1004)
"1963"bounds: (651,991),(689,991),(689,1005),(651,1005)
"XVI"bounds: (745,991),(783,991),(783,1005),(745,1005)
"A*"bounds: (793,992),(815,992),(815,1005),(793,1005)
"1615+"bounds: (851,992),(909,993),(909,1009),(851,1008)
"2"bounds: (919,993),(928,993),(928,1006),(919,1006)
"frr."bounds: (936,992),(963,992),(963,1010),(936,1010)
"10"bounds: (435,1014),(452,1014),(452,1027),(435,1027)
"10"bounds: (548,1015),(565,1015),(565,1028),(548,1028)
"1963"bounds: (651,1015),(689,1014),(689,1028),(651,1029)
"XVI"bounds: (753,1013),(791,1013),(791,1032),(753,1032)
"A*"bounds: (793,1016),(815,1016),(815,1029),(793,1029)
"1616"bounds: (851,1017),(889,1016),(889,1030),(851,1031)
"ZA"bounds: (291,1037),(319,1037),(319,1051),(291,1051)
"6"bounds: (338,1037),(346,1037),(346,1052),(338,1052)
"ZA"bounds: (291,1061),(319,1061),(319,1075),(291,1075)
"7"bounds: (338,1062),(346,1062),(346,1076),(338,1076)
"3"bounds: (403,1035),(433,1035),(433,1054),(403,1054)
"&"bounds: (431,1039),(443,1039),(443,1052),(431,1052)
"11"bounds: (451,1039),(464,1039),(464,1052),(451,1052)
"4[+]5"bounds: (416,1062),(470,1063),(470,1083),(416,1082)
"3+11"bounds: (532,1039),(579,1039),(579,1055),(532,1055)
"1963"bounds: (651,1038),(689,1037),(689,1053),(651,1054)
"XVI"bounds: (745,1040),(783,1040),(783,1054),(745,1054)
"В"bounds: (793,1040),(804,1040),(804,1054),(793,1054)
"1617+1628+1648"bounds: (851,1040),(1015,1042),(1015,1059),(851,1057)
"1618[+]1622+"bounds: (851,1065),(985,1066),(985,1084),(851,1083)
"2"bounds: (994,1066),(1003,1066),(1003,1080),(994,1080)
"frr."bounds: (1012,1066),(1038,1066),(1038,1085),(1012,1085)
"1619"bounds: (851,1089),(890,1090),(890,1104),(851,1103)
"4[+]5"bounds: (529,1063),(583,1063),(583,1082),(529,1082)
"1963"bounds: (651,1063),(689,1062),(689,1077),(651,1078)
"XXVIII"bounds: (745,1065),(819,1065),(819,1079),(745,1079)
"ZA"bounds: (292,1086),(319,1086),(319,1100),(292,1100)
"8"bounds: (338,1086),(347,1086),(347,1100),(338,1100)
"9."bounds: (444,1087),(452,1087),(452,1100),(444,1100)
"9."bounds: (557,1088),(565,1088),(565,1101),(557,1101)
"1963"bounds: (651,1088),(689,1089),(689,1103),(651,1102)
"XVI"bounds: (745,1088),(784,1089),(784,1103),(745,1102)
"A*"bounds: (793,1089),(815,1089),(815,1102),(793,1102)
"ZA"bounds: (291,1110),(319,1110),(319,1124),(291,1124)
"9"bounds: (338,1111),(346,1111),(346,1125),(338,1125)
"ZA"bounds: (291,1134),(319,1134),(319,1148),(291,1148)
"10"bounds: (327,1134),(347,1134),(347,1149),(327,1149)
"ZA"bounds: (291,1159),(319,1159),(319,1173),(291,1173)
"11"bounds: (328,1158),(346,1158),(346,1173),(328,1173)
"ZA"bounds: (292,1182),(320,1183),(319,1198),(291,1197)
"12"bounds: (328,1182),(348,1183),(347,1199),(327,1198)
"7"bounds: (444,1111),(452,1111),(452,1125),(444,1125)
"7"bounds: (558,1112),(565,1112),(565,1126),(558,1126)
"1963"bounds: (651,1112),(689,1113),(689,1127),(651,1126)
"XXVIII"bounds: (745,1113),(820,1113),(820,1127),(745,1127)
"1620"bounds: (851,1113),(890,1114),(890,1129),(851,1128)
"1963"bounds: (651,1136),(689,1137),(689,1152),(651,1151)
"XXVIII"bounds: (745,1137),(820,1137),(820,1151),(745,1151)
"1621"bounds: (852,1138),(888,1138),(888,1152),(852,1152)
"13"bounds: (435,1160),(452,1160),(452,1173),(435,1173)
"13"bounds: (549,1161),(566,1161),(566,1174),(549,1174)
"1963"bounds: (651,1160),(689,1159),(689,1175),(651,1176)
"XVI"bounds: (745,1161),(784,1162),(784,1177),(745,1176)
"A*"bounds: (794,1162),(815,1162),(815,1175),(794,1175)
"1623"bounds: (852,1162),(890,1163),(890,1178),(852,1177)
"14"bounds: (435,1185),(453,1185),(453,1198),(435,1198)
"14"bounds: (549,1185),(566,1185),(566,1198),(549,1198)
"1963"bounds: (651,1186),(689,1186),(689,1199),(651,1199)
"XVI"bounds: (745,1186),(783,1186),(783,1200),(745,1200)
"T"bounds: (795,1186),(805,1186),(805,1200),(795,1200)
"1624"bounds: (851,1187),(890,1187),(890,1201),(851,1201)
"ZA"bounds: (292,1207),(319,1208),(319,1223),(292,1222)
"13"bounds: (328,1208),(347,1208),(347,1222),(328,1222)
"15"bounds: (435,1209),(453,1209),(453,1222),(435,1222)
"15"bounds: (548,1210),(566,1210),(566,1223),(548,1223)
"1963"bounds: (651,1210),(689,1208),(690,1224),(652,1226)
"1625"bounds: (851,1212),(890,1212),(890,1226),(851,1226)
"ZA"bounds: (292,1232),(320,1232),(320,1246),(292,1246)
"14"bounds: (328,1232),(347,1232),(347,1246),(328,1246)
"1"bounds: (446,1234),(450,1234),(450,1247),(446,1247)
"1"bounds: (559,1234),(564,1234),(564,1247),(559,1247)
"1963"bounds: (651,1235),(689,1235),(689,1248),(651,1248)
"XVI"bounds: (745,1235),(784,1235),(784,1249),(745,1249)
"A*"bounds: (794,1235),(815,1235),(815,1249),(794,1249)
"1626"bounds: (852,1236),(890,1235),(890,1250),(853,1251)
"ZA"bounds: (292,1257),(319,1257),(319,1271),(292,1271)
"15"bounds: (328,1257),(347,1257),(347,1271),(328,1271)
"12"bounds: (436,1258),(453,1258),(453,1272),(436,1272)
"12"bounds: (549,1258),(566,1258),(566,1272),(549,1272)
"1963"bounds: (651,1258),(690,1259),(690,1274),(651,1273)
"XVI"bounds: (745,1260),(784,1260),(784,1273),(745,1273)
"B"bounds: (794,1260),(805,1260),(805,1273),(794,1273)
"1627"bounds: (852,1261),(890,1261),(890,1275),(852,1275)
"ZA"bounds: (294,1278),(326,1278),(326,1297),(294,1297)
"16"bounds: (328,1281),(347,1281),(347,1295),(328,1295)
"ZA"bounds: (292,1305),(320,1305),(320,1319),(292,1319)
"17"bounds: (328,1305),(347,1305),(347,1320),(328,1320)
"1963"bounds: (651,1284),(689,1283),(689,1297),(651,1298)
"XVI"bounds: (746,1284),(784,1284),(784,1298),(746,1298)
"A*"bounds: (794,1285),(816,1285),(816,1298),(794,1298)
"1629"bounds: (852,1285),(890,1285),(890,1299),(852,1299)
"2"bounds: (557,1307),(566,1307),(566,1321),(557,1321)
"a"bounds: (571,1313),(581,1313),(581,1322),(571,1322)
"1963"bounds: (651,1308),(689,1308),(689,1322),(651,1322)
"1630"bounds: (851,1310),(890,1310),(890,1324),(851,1324)