Texts:

"HT 78
HM--[1,60] xC4,20]x Co,20] cm.
HT 79 [+] 83
3 XY
83
79
HM- -[2,30] +L'S,20]x[3,00]+[9,60]x 0,8o cm.
HT83 abimee dapuio la 1es ddilion.
HT 80
HM--[2,60Jx [3,00] x [o,60] cm.
126
"bounds: (67,66),(1142,66),(1142,1523),(67,1523)
"HT"bounds: (69,66),(104,66),(104,82),(69,82)
"78"bounds: (113,66),(138,66),(138,82),(113,82)
"HM--[1,60]"bounds: (738,260),(856,259),(856,276),(738,277)
"xC4,20]x"bounds: (859,255),(938,254),(938,276),(859,277)
"Co,20]"bounds: (940,254),(985,253),(985,274),(940,275)
"cm."bounds: (987,254),(1007,254),(1007,275),(987,275)
"HT"bounds: (67,543),(102,543),(102,559),(67,559)
"79"bounds: (112,543),(136,543),(136,559),(112,559)
"[+]"bounds: (148,541),(194,541),(194,563),(148,563)
"83"bounds: (206,543),(229,543),(229,559),(206,559)
"3"bounds: (836,784),(852,785),(850,816),(834,815)
"XY"bounds: (854,785),(874,786),(872,817),(852,816)
"83"bounds: (713,813),(731,813),(731,828),(713,828)
"79"bounds: (973,810),(996,810),(996,823),(973,823)
"HM-"bounds: (743,853),(786,853),(786,867),(743,867)
"-[2,30]"bounds: (797,851),(854,852),(854,869),(797,868)
"+L'S,20]x[3,00]+[9,60]x"bounds: (863,851),(1071,853),(1071,872),(863,870)
"0,8o"bounds: (1080,853),(1118,853),(1118,872),(1080,872)
"cm."bounds: (1120,853),(1142,853),(1142,872),(1120,872)
"HT83"bounds: (741,881),(788,881),(788,894),(741,894)
"abimee"bounds: (800,880),(862,880),(862,893),(800,893)
"dapuio"bounds: (872,883),(916,883),(916,896),(872,896)
"la"bounds: (923,878),(947,878),(947,892),(923,892)
"1es"bounds: (961,878),(986,878),(986,894),(961,894)
"ddilion."bounds: (993,881),(1048,881),(1048,893),(993,893)
"HT"bounds: (68,1158),(103,1158),(103,1175),(68,1175)
"80"bounds: (114,1159),(138,1159),(138,1176),(114,1176)
"HM--[2,60Jx"bounds: (699,1416),(820,1418),(820,1438),(699,1436)
"[3,00]"bounds: (827,1421),(876,1422),(876,1439),(827,1438)
"x"bounds: (883,1429),(889,1429),(889,1437),(883,1437)
"[o,60]"bounds: (895,1419),(943,1420),(943,1443),(895,1442)
"cm."bounds: (945,1420),(969,1420),(969,1442),(945,1442)
"126"bounds: (68,1506),(102,1506),(102,1523),(68,1523)