Texts:

"HAGHIA TRIADA - NODULES
Wa 1352
Wa 1353
Wa 1354
HM 442.29
HM 442.3O
HM 442.31
Wa 1355
Wa 1356
Wa 1357
HM 442.32
HM 442.33
HM 442. 34
Wa 1358
Wa 1359
Wa 1360
HM 442. 35
HM 442.36
HM 442. 37
Wa 1361
Wa 1362
Wa 1363
HM 442.38
HM 442.39
HM 442.40
Wa 1364
Wa 1365
Wa 1366
HM 442.44
HM 442.42
HM 442. 43
33
"bounds: (166,76),(1160,76),(1160,1531),(166,1531)
"HAGHIA"bounds: (459,76),(525,76),(525,87),(459,87)
"TRIADA"bounds: (537,76),(601,76),(601,86),(537,86)
"-"bounds: (613,81),(617,81),(617,82),(613,82)
"NODULES"bounds: (629,76),(706,76),(706,87),(629,87)
"Wa"bounds: (166,155),(196,155),(196,170),(166,170)
"1352"bounds: (211,155),(252,155),(252,170),(211,170)
"Wa"bounds: (538,156),(569,156),(569,170),(538,170)
"1353"bounds: (583,156),(624,156),(624,170),(583,170)
"Wa"bounds: (899,155),(930,155),(930,169),(899,169)
"1354"bounds: (944,154),(985,153),(985,167),(944,168)
"HM"bounds: (273,367),(295,367),(295,379),(273,379)
"442.29"bounds: (307,366),(371,366),(371,381),(307,381)
"HM"bounds: (622,362),(650,362),(650,376),(622,376)
"442.3O"bounds: (665,363),(736,363),(736,376),(665,376)
"HM"bounds: (993,361),(1019,361),(1019,373),(993,373)
"442.31"bounds: (1033,360),(1100,360),(1100,373),(1033,373)
"Wa"bounds: (170,428),(200,429),(200,444),(170,443)
"1355"bounds: (215,428),(255,429),(255,444),(215,443)
"Wa"bounds: (536,426),(567,425),(567,440),(536,441)
"1356"bounds: (581,425),(622,424),(622,440),(581,441)
"Wa"bounds: (900,427),(931,427),(931,441),(900,441)
"1357"bounds: (945,427),(986,427),(986,441),(945,441)
"HM"bounds: (286,626),(310,626),(310,641),(286,641)
"442.32"bounds: (324,626),(388,626),(388,639),(324,639)
"HM"bounds: (632,624),(655,625),(655,638),(632,637)
"442.33"bounds: (667,624),(729,626),(729,640),(667,638)
"HM"bounds: (994,623),(1017,623),(1017,638),(994,638)
"442."bounds: (1028,625),(1069,626),(1069,638),(1028,637)
"34"bounds: (1077,626),(1096,626),(1096,639),(1077,639)
"Wa"bounds: (170,698),(202,699),(202,713),(170,712)
"1358"bounds: (216,699),(257,700),(257,715),(216,714)
"Wa"bounds: (542,696),(573,696),(573,710),(542,710)
"1359"bounds: (587,696),(628,696),(628,711),(587,711)
"Wa"bounds: (901,696),(932,697),(932,711),(901,710)
"1360"bounds: (946,695),(987,696),(987,712),(946,711)
"HM"bounds: (279,900),(302,900),(302,912),(279,912)
"442."bounds: (318,898),(359,897),(359,910),(318,911)
"35"bounds: (367,897),(385,897),(385,910),(367,910)
"HM"bounds: (652,896),(676,896),(676,910),(652,910)
"442.36"bounds: (688,896),(750,897),(750,911),(688,910)
"HM"bounds: (1002,899),(1026,899),(1026,912),(1002,912)
"442."bounds: (1037,898),(1075,897),(1075,909),(1037,910)
"37"bounds: (1083,899),(1098,899),(1098,911),(1083,911)
"Wa"bounds: (173,969),(204,969),(204,984),(173,984)
"1361"bounds: (219,968),(258,968),(258,983),(219,983)
"Wa"bounds: (545,969),(576,969),(576,983),(545,983)
"1362"bounds: (591,968),(631,968),(631,983),(591,983)
"Wa"bounds: (905,968),(936,968),(936,982),(905,982)
"1363"bounds: (951,967),(991,967),(991,982),(951,982)
"HM"bounds: (294,1168),(320,1168),(320,1180),(294,1180)
"442.38"bounds: (331,1168),(392,1169),(392,1182),(331,1181)
"HM"bounds: (636,1165),(658,1165),(658,1177),(636,1177)
"442.39"bounds: (670,1164),(734,1164),(734,1177),(670,1177)
"HM"bounds: (996,1166),(1022,1166),(1022,1179),(996,1179)
"442.40"bounds: (1034,1165),(1103,1165),(1103,1178),(1034,1178)
"Wa"bounds: (174,1239),(205,1238),(205,1253),(174,1254)
"1364"bounds: (220,1238),(261,1237),(261,1253),(220,1254)
"Wa"bounds: (547,1239),(578,1239),(578,1253),(547,1253)
"1365"bounds: (592,1239),(633,1239),(633,1254),(592,1254)
"Wa"bounds: (905,1239),(936,1239),(936,1254),(905,1254)
"1366"bounds: (951,1239),(992,1239),(992,1255),(951,1255)
"HM"bounds: (281,1437),(307,1438),(307,1452),(281,1451)
"442.44"bounds: (315,1437),(378,1439),(378,1453),(315,1451)
"HM"bounds: (650,1440),(674,1440),(674,1451),(650,1451)
"442.42"bounds: (683,1438),(747,1437),(747,1451),(683,1452)
"HM"bounds: (988,1434),(1017,1434),(1017,1448),(988,1448)
"442."bounds: (1033,1435),(1076,1435),(1076,1449),(1033,1449)
"43"bounds: (1089,1434),(1112,1434),(1112,1448),(1089,1448)
"33"bounds: (1137,1514),(1160,1514),(1160,1531),(1137,1531)