Texts:

"TABLE DES MATIÈRES
AVANT-PROPOS.
IX-XIII
INTRODUCTION.
хV-XLI
AUTRES DOCUMENTS
. Za INSCRIPTIONS SUR VASES DE PIERRE
1-6
1. ΑΡODOULOU.
2. KNossos..
7-15
3. KOPHINA...
17-20
4. PALAIKASTRO.
22-44
5. PRASSA...
45-49
6. PSYKHRO
51-55
7. TROULLOS..
57-59
8. VRYSINAS..
60-61
II. Zb INSCRIPTIONS INCISÉES SUR VASES D'ARGILE
1. HAGHIA TRIADA.
63-69
2. КEA...
70-73
3. KNossos.
74-83
4. LARANI.
85-87
5. MALLIA.
88-89
6. МILOS..
90-91
7. РHАISTOS.
92-95
8. SKHIΝIΑ .
97-99
9. ТHERA..
100-105
10. TRAOSTALOS..
106-107
11. TYLISSOS...
12. ZAKROS...
108-109
111-115
1-1
"bounds: (164,396),(969,396),(969,1377),(164,1377)
"TABLE"bounds: (401,402),(482,401),(482,418),(401,419)
"DES"bounds: (503,402),(550,402),(550,419),(503,419)
"MATIÈRES"bounds: (569,397),(700,396),(700,418),(569,419)
"AVANT-PROPOS."bounds: (177,479),(328,481),(328,501),(177,499)
"IX-XIII"bounds: (893,484),(961,484),(961,493),(893,493)
"INTRODUCTION."bounds: (164,517),(324,520),(324,536),(164,533)
"хV-XLI"bounds: (892,519),(961,519),(961,529),(892,529)
"AUTRES"bounds: (456,586),(535,587),(535,602),(456,601)
"DOCUMENTS"bounds: (552,589),(672,591),(672,603),(552,601)
"."bounds: (212,637),(225,637),(225,654),(212,654)
"Za"bounds: (227,637),(249,637),(249,654),(227,654)
"INSCRIPTIONS"bounds: (261,637),(400,638),(400,656),(261,655)
"SUR"bounds: (416,643),(451,643),(451,653),(416,653)
"VASES"bounds: (468,643),(527,643),(527,653),(468,653)
"DE"bounds: (544,643),(568,643),(568,653),(544,653)
"PIERRE"bounds: (584,642),(655,642),(655,652),(584,652)
"1-6"bounds: (910,672),(939,672),(939,689),(910,689)
"1."bounds: (283,673),(311,673),(311,694),(283,694)
"ΑΡODOULOU."bounds: (315,675),(447,676),(447,693),(315,692)
"2."bounds: (283,706),(299,706),(299,723),(283,723)
"KNossos.."bounds: (318,703),(423,702),(423,725),(318,726)
"7-15"bounds: (909,702),(951,703),(951,721),(909,720)
"3."bounds: (284,737),(299,737),(299,753),(284,753)
"KOPHINA..."bounds: (316,737),(439,737),(439,753),(316,753)
"17-20"bounds: (898,735),(952,734),(952,751),(898,752)
"4."bounds: (284,768),(299,768),(299,784),(284,784)
"PALAIKASTRO."bounds: (315,768),(463,768),(463,784),(315,784)
"22-44"bounds: (897,766),(952,766),(952,782),(897,782)
"5."bounds: (273,797),(320,797),(320,818),(273,818)
"PRASSA..."bounds: (315,799),(423,799),(423,815),(315,815)
"45-49"bounds: (897,796),(952,796),(952,813),(897,813)
"6."bounds: (284,830),(300,830),(300,846),(284,846)
"PSYKHRO"bounds: (316,830),(412,829),(412,845),(316,846)
"51-55"bounds: (898,827),(952,827),(952,844),(898,844)
"7."bounds: (279,858),(316,858),(316,881),(279,881)
"TROULLOS.."bounds: (316,860),(439,859),(439,876),(316,877)
"57-59"bounds: (898,858),(953,858),(953,875),(898,875)
"8."bounds: (284,892),(300,892),(300,908),(284,908)
"VRYSINAS.."bounds: (316,892),(436,891),(436,908),(316,909)
"60-61"bounds: (898,890),(952,890),(952,906),(898,906)
"II."bounds: (176,941),(212,941),(212,960),(176,960)
"Zb"bounds: (224,941),(250,941),(250,960),(224,960)
"INSCRIPTIONS"bounds: (262,943),(401,943),(401,959),(262,959)
"INCISÉES"bounds: (417,943),(507,943),(507,958),(417,958)
"SUR"bounds: (523,948),(559,948),(559,958),(523,958)
"VASES"bounds: (574,948),(634,948),(634,958),(574,958)
"D'ARGILE"bounds: (650,941),(743,941),(743,957),(650,957)
"1."bounds: (275,978),(315,979),(315,998),(275,997)
"HAGHIA"bounds: (318,980),(399,981),(399,997),(318,996)
"TRIADA."bounds: (413,984),(494,985),(494,997),(413,996)
"63-69"bounds: (899,978),(954,978),(954,995),(899,995)
"2."bounds: (285,1011),(301,1011),(301,1027),(285,1027)
"КEA..."bounds: (318,1011),(390,1011),(390,1027),(318,1027)
"70-73"bounds: (900,1009),(954,1009),(954,1025),(900,1025)
"3."bounds: (272,1039),(317,1039),(317,1061),(272,1061)
"KNossos."bounds: (318,1042),(416,1041),(416,1058),(318,1059)
"74-83"bounds: (900,1040),(954,1040),(954,1056),(900,1056)
"4."bounds: (286,1072),(301,1072),(301,1089),(286,1089)
"LARANI."bounds: (318,1072),(402,1072),(402,1089),(318,1089)
"85-87"bounds: (900,1070),(954,1070),(954,1087),(900,1087)
"5."bounds: (286,1103),(301,1103),(301,1119),(286,1119)
"MALLIA."bounds: (318,1103),(402,1103),(402,1119),(318,1119)
"88-89"bounds: (900,1101),(955,1101),(955,1117),(900,1117)
"6."bounds: (286,1134),(302,1134),(302,1150),(286,1150)
"МILOS.."bounds: (318,1134),(401,1134),(401,1150),(318,1150)
"90-91"bounds: (900,1131),(954,1131),(954,1148),(900,1148)
"7."bounds: (287,1165),(302,1165),(302,1182),(287,1182)
"РHАISTOS."bounds: (318,1165),(423,1165),(423,1181),(318,1181)
"92-95"bounds: (900,1162),(955,1163),(955,1180),(900,1179)
"8."bounds: (287,1196),(303,1196),(303,1213),(287,1213)
"SKHIΝIΑ"bounds: (319,1196),(404,1195),(404,1212),(319,1213)
"."bounds: (410,1210),(411,1210),(411,1212),(410,1212)
"97-99"bounds: (901,1193),(956,1194),(956,1211),(901,1210)
"9."bounds: (287,1227),(303,1227),(303,1243),(287,1243)
"ТHERA.."bounds: (319,1227),(406,1227),(406,1243),(319,1243)
"100-105"bounds: (890,1224),(968,1224),(968,1241),(890,1241)
"10."bounds: (276,1258),(303,1258),(303,1274),(276,1274)
"TRAOSTALOS.."bounds: (319,1258),(465,1259),(465,1275),(319,1274)
"106-107"bounds: (890,1256),(968,1256),(968,1272),(890,1272)
"11."bounds: (276,1289),(303,1289),(303,1305),(276,1305)
"TYLISSOS..."bounds: (324,1286),(440,1286),(440,1308),(324,1308)
"12."bounds: (277,1320),(304,1320),(304,1336),(277,1336)
"ZAKROS..."bounds: (322,1317),(425,1317),(425,1336),(322,1336)
"108-109"bounds: (890,1286),(969,1285),(969,1303),(890,1304)
"111-115"bounds: (890,1317),(969,1317),(969,1334),(890,1334)
"1-1"bounds: (924,1368),(951,1368),(951,1377),(924,1377)