Texts:

"INSCRIPTIONS EN LINÉAIRE A
Wa 1576
Wa 1577
Wa 1578
HM 461.15
HM 461.16
HM 461.17
Wa 1579
Wa 1580
Wa 1581
HM 461.18
HM 461. 19
HM 461.20
Wa 1582
Wa 1583
Wa 1584
HM 461.24
HM 461. 22
HM 461.23
Wa 1585
Wa 1586
Wa 1587
HM 461.24
HM 462.1
HM 462.2
Wa 1588
Wa 1589
Wa 1590
HM 462. 3
HM 462.4
HM 462.5
48
"bounds: (78,65),(1165,65),(1165,1519),(78,1519)
"INSCRIPTIONS"bounds: (517,68),(642,68),(642,80),(517,80)
"EN"bounds: (653,69),(676,69),(676,80),(653,80)
"LINÉAIRE"bounds: (686,65),(771,65),(771,80),(686,80)
"A"bounds: (782,70),(792,70),(792,80),(782,80)
"Wa"bounds: (226,145),(257,145),(257,159),(226,159)
"1576"bounds: (272,145),(312,145),(312,161),(272,161)
"Wa"bounds: (601,149),(632,149),(632,162),(601,162)
"1577"bounds: (647,148),(687,148),(687,162),(647,162)
"Wa"bounds: (961,148),(992,149),(992,163),(961,162)
"1578"bounds: (1007,148),(1047,149),(1047,164),(1007,163)
"HM"bounds: (340,354),(364,354),(364,367),(340,367)
"461.15"bounds: (378,354),(453,355),(453,368),(378,367)
"HM"bounds: (698,350),(725,351),(725,365),(698,364)
"461.16"bounds: (736,350),(807,352),(807,366),(736,364)
"HM"bounds: (1051,357),(1077,357),(1077,372),(1051,372)
"461.17"bounds: (1090,356),(1161,355),(1161,371),(1090,372)
"Wa"bounds: (231,414),(261,413),(261,429),(231,430)
"1579"bounds: (276,415),(316,414),(316,429),(276,430)
"Wa"bounds: (602,414),(632,414),(632,428),(602,428)
"1580"bounds: (647,415),(688,415),(688,429),(647,429)
"Wa"bounds: (960,417),(991,416),(991,430),(960,431)
"1581"bounds: (1006,416),(1045,415),(1045,431),(1006,432)
"HM"bounds: (351,619),(375,619),(375,634),(351,634)
"461.18"bounds: (387,620),(452,621),(452,635),(387,634)
"HM"bounds: (706,623),(730,623),(730,637),(706,637)
"461."bounds: (740,621),(775,621),(775,635),(740,635)
"19"bounds: (783,623),(801,623),(801,636),(783,636)
"HM"bounds: (1047,626),(1071,626),(1071,641),(1047,641)
"461.20"bounds: (1083,624),(1149,624),(1149,640),(1083,640)
"Wa"bounds: (231,683),(262,683),(262,698),(231,698)
"1582"bounds: (276,683),(317,683),(317,698),(276,698)
"Wa"bounds: (602,684),(633,685),(633,699),(602,698)
"1583"bounds: (647,683),(687,684),(687,700),(647,699)
"Wa"bounds: (962,685),(993,686),(993,700),(962,699)
"1584"bounds: (1008,685),(1048,686),(1048,701),(1008,700)
"HM"bounds: (346,894),(370,894),(370,907),(346,907)
"461.24"bounds: (381,893),(445,893),(445,907),(381,907)
"HM"bounds: (716,886),(740,887),(740,900),(716,899)
"461."bounds: (750,886),(788,887),(788,902),(750,901)
"22"bounds: (795,889),(813,889),(813,901),(795,901)
"HM"bounds: (1066,898),(1092,897),(1093,912),(1067,913)
"461.23"bounds: (1099,895),(1164,892),(1165,908),(1100,911)
"Wa"bounds: (231,957),(262,957),(262,972),(231,972)
"1585"bounds: (277,957),(317,957),(317,972),(277,972)
"Wa"bounds: (602,955),(633,955),(633,969),(602,969)
"1586"bounds: (648,955),(688,955),(688,970),(648,970)
"Wa"bounds: (966,956),(996,956),(996,971),(966,971)
"1587"bounds: (1011,957),(1052,958),(1052,973),(1011,972)
"HM"bounds: (347,1161),(373,1161),(373,1175),(347,1175)
"461.24"bounds: (383,1160),(448,1159),(448,1174),(383,1175)
"HM"bounds: (700,1160),(723,1160),(723,1175),(700,1175)
"462.1"bounds: (731,1159),(781,1159),(781,1173),(731,1173)
"HM"bounds: (1066,1163),(1092,1163),(1092,1176),(1066,1176)
"462.2"bounds: (1103,1163),(1151,1163),(1151,1176),(1103,1176)
"Wa"bounds: (236,1227),(267,1227),(267,1241),(236,1241)
"1588"bounds: (281,1225),(322,1225),(322,1241),(281,1241)
"Wa"bounds: (606,1229),(638,1230),(638,1244),(606,1243)
"1589"bounds: (652,1229),(692,1230),(692,1245),(652,1244)
"Wa"bounds: (966,1229),(997,1230),(997,1244),(966,1243)
"1590"bounds: (1011,1229),(1052,1230),(1052,1246),(1011,1245)
"HM"bounds: (349,1424),(375,1425),(375,1438),(349,1437)
"462."bounds: (386,1423),(422,1424),(422,1439),(386,1438)
"3"bounds: (431,1427),(439,1427),(439,1438),(431,1438)
"HM"bounds: (703,1426),(728,1427),(728,1441),(703,1440)
"462.4"bounds: (739,1427),(790,1428),(790,1442),(739,1441)
"HM"bounds: (1047,1429),(1073,1429),(1073,1443),(1047,1443)
"462.5"bounds: (1082,1429),(1132,1429),(1132,1441),(1082,1441)
"48"bounds: (78,1503),(102,1503),(102,1519),(78,1519)