Texts:

"PK Za 12
éch. 2 : 3
39
"bounds: (555,78),(1156,78),(1156,1534),(555,1534)
"PK"bounds: (1039,79),(1073,79),(1073,95),(1039,95)
"Za"bounds: (1085,79),(1112,79),(1112,96),(1085,96)
"12"bounds: (1127,78),(1149,78),(1149,95),(1127,95)
"éch."bounds: (555,1192),(593,1193),(593,1211),(555,1210)
"2"bounds: (603,1194),(612,1194),(612,1209),(603,1209)
":"bounds: (623,1191),(631,1191),(631,1210),(623,1210)
"3"bounds: (639,1194),(647,1194),(647,1209),(639,1209)
"39"bounds: (1133,1517),(1156,1517),(1156,1534),(1133,1534)