Texts:

"ÉTUDES CRÉTOISES
PUBLIÉES PAR L'ÉCOLE FRANÇAISE D'ATHÈNES
ТОМЕ XXI, 4
RECUEIL DES INSCRIPTIONS
EN LINÉAIRE A
VOLUME 4
AUTRES DOCUMENTS
"bounds: (248,392),(881,392),(881,871),(248,871)
"ÉTUDES"bounds: (380,397),(521,396),(521,422),(380,423)
"CRÉTOISES"bounds: (546,394),(745,392),(745,419),(546,421)
"PUBLIÉES"bounds: (350,445),(432,444),(432,457),(350,458)
"PAR"bounds: (446,448),(476,448),(476,457),(446,457)
"L'ÉCOLE"bounds: (490,443),(559,442),(559,456),(490,457)
"FRANÇAISE"bounds: (573,446),(666,445),(666,459),(573,460)
"D'ATHÈNES"bounds: (680,440),(775,439),(775,454),(680,455)
"ТОМЕ"bounds: (492,480),(563,480),(563,502),(492,502)
"XXI,"bounds: (566,482),(620,482),(620,501),(566,501)
"4"bounds: (636,482),(646,482),(646,497),(636,497)
"RECUEIL"bounds: (248,622),(435,620),(435,651),(248,653)
"DES"bounds: (464,620),(541,619),(541,650),(464,651)
"INSCRIPTIONS"bounds: (570,618),(881,615),(881,647),(570,650)
"EN"bounds: (392,685),(451,684),(451,714),(392,715)
"LINÉAIRE"bounds: (480,678),(684,676),(684,714),(480,716)
"A"bounds: (714,682),(742,682),(742,712),(714,712)
"VOLUME"bounds: (505,772),(603,772),(603,788),(505,788)
"4"bounds: (616,772),(625,772),(625,787),(616,787)
"AUTRES"bounds: (401,849),(518,848),(518,870),(401,871)
"DOCUMENTS"bounds: (537,847),(740,846),(740,868),(537,869)