Texts:

"KH 79 + 89
éch. 1: 1
Khania M. 79 + 89. Cabletté (C8,70] x[8, 20] × [0,90] cm).
38
..............
"bounds: (68,65),(1101,65),(1101,1532),(68,1532)
"KH"bounds: (68,65),(104,65),(104,82),(68,82)
"79"bounds: (117,66),(140,66),(140,82),(117,82)
"+"bounds: (150,67),(164,67),(164,81),(150,81)
"89"bounds: (174,66),(197,66),(197,83),(174,83)
"éch."bounds: (596,728),(627,728),(627,742),(596,742)
"1:"bounds: (640,729),(655,729),(655,742),(640,742)
"1"bounds: (668,729),(671,729),(671,742),(668,742)
"Khania"bounds: (218,1424),(337,1425),(337,1458),(218,1457)
"M."bounds: (358,1425),(387,1425),(387,1457),(358,1457)
"79"bounds: (400,1432),(433,1432),(433,1457),(400,1457)
"+"bounds: (442,1436),(459,1436),(459,1453),(442,1453)
"89."bounds: (468,1432),(511,1432),(511,1458),(468,1458)
"Cabletté"bounds: (542,1425),(663,1426),(663,1459),(542,1458)
"(C8,70]"bounds: (678,1428),(781,1429),(781,1465),(678,1464)
"x[8,"bounds: (783,1421),(859,1422),(859,1470),(783,1469)
"20]"bounds: (861,1422),(907,1422),(907,1469),(861,1469)
"×"bounds: (910,1440),(925,1440),(925,1455),(910,1455)
"[0,90]"bounds: (938,1424),(1035,1425),(1035,1457),(938,1456)
"cm)."bounds: (1044,1425),(1101,1426),(1101,1472),(1044,1471)
"38"bounds: (69,1515),(92,1515),(92,1532),(69,1532)
".............."bounds: (595,844),(590,943),(576,942),(581,843)