Texts:

"本-Cコ-PE
739-L.7- 09
ZA 4a.2
03- 09
HT 18.11 27b.5'
27-07- 09
HT 85b *L.3].41
08- 09
HT 81.1' 93a.31 132.11
ZA Zb 3.14
ZA 4a.43
[:]-69-13- 09
ZA 10a.5,b.1 20.1-2
51-27-17- 09
白口个9P
ZA 5a.2-33
61-59-30-17- 09
69-73-37-17-09
ZA 14.33
73-17- 09
ZA 15a.43
体中PC
*ZA 4a.23
739-26- 09
10-59-28- 09
KH 7b.23
80-77-28- 09
ZA 8.43
08-31-58-80-28- 09
GO Wc la.1-32
60-37- 09
HT 6.21
-+ 86 2 P-
『了H4日PC
-03-57-59-53- 09 -
KN Zf 134
08-06-55-41-57- 09
HT Zb 1594
26-80-59- 09
ZA 20.33
平巴
平T田P
07-67- 09
нT 87.3 117b.2
ZA Zb 3.14
HT 21.11
07-07-77- 09
39-59-77- 09
364-44-80- 09
ZA 15a.73
A 502
H
01+27+ 09
HT 93a.2'
A 515
27+ 09
HT 93a,1
HT 42/"+_759.1 99b.11 116a.31
Wa 1021y?
A 529
41+ 09
166
"bounds: (55,140),(1044,140),(1044,1523),(55,1523)
"本"bounds: (248,142),(279,142),(279,173),(248,173)
"-C"bounds: (284,147),(302,147),(302,171),(284,171)
"コ"bounds: (304,140),(322,140),(322,177),(304,177)
"-PE"bounds: (324,140),(354,140),(354,177),(324,177)
"739-L.7-"bounds: (572,154),(664,154),(664,177),(572,177)
"09"bounds: (674,158),(689,158),(689,177),(674,177)
"ZA"bounds: (801,159),(816,159),(816,170),(801,170)
"4a.2"bounds: (823,153),(858,152),(858,172),(823,173)
"03-"bounds: (639,192),(664,192),(664,202),(639,202)
"09"bounds: (673,192),(688,192),(688,205),(673,205)
"HT"bounds: (799,192),(815,192),(815,203),(799,203)
"18.11"bounds: (826,184),(863,183),(863,202),(826,203)
"27b.5'"bounds: (876,185),(922,184),(922,203),(876,204)
"27-07-"bounds: (615,225),(663,226),(663,236),(615,235)
"09"bounds: (673,225),(688,225),(688,236),(673,236)
"HT"bounds: (799,226),(815,226),(815,236),(799,236)
"85b"bounds: (825,225),(848,225),(848,237),(825,237)
"*L.3].41"bounds: (858,219),(921,218),(921,240),(858,241)
"08-"bounds: (639,258),(663,258),(663,268),(639,268)
"09"bounds: (672,258),(689,258),(689,272),(672,272)
"HT"bounds: (798,259),(815,259),(815,270),(798,270)
"81.1'"bounds: (824,253),(863,252),(863,270),(824,271)
"93a.31"bounds: (875,252),(922,251),(922,270),(875,271)
"132.11"bounds: (935,253),(981,252),(981,271),(935,272)
"ZA"bounds: (799,292),(814,291),(815,303),(800,304)
"Zb"bounds: (822,287),(847,285),(848,304),(823,306)
"3.14"bounds: (849,286),(881,284),(882,303),(850,305)
"ZA"bounds: (799,318),(813,317),(814,329),(800,330)
"4a.43"bounds: (823,313),(864,310),(865,328),(824,331)
"[:]-69-13-"bounds: (562,313),(662,315),(662,339),(562,337)
"09"bounds: (671,318),(690,318),(690,334),(671,334)
"ZA"bounds: (800,351),(815,351),(815,362),(800,362)
"10a.5,b.1"bounds: (826,341),(907,344),(906,368),(825,365)
"20.1-2"bounds: (918,343),(974,345),(973,373),(917,371)
"51-27-17-"bounds: (589,351),(662,352),(662,361),(589,360)
"09"bounds: (673,351),(687,351),(687,362),(673,362)
"白口"bounds: (231,374),(287,375),(287,409),(231,408)
"个"bounds: (289,375),(316,375),(316,409),(289,409)
"9P"bounds: (318,375),(351,375),(351,409),(318,409)
"ZA"bounds: (798,385),(814,384),(814,395),(798,396)
"5a.2-33"bounds: (824,378),(880,376),(881,396),(825,398)
"61-59-30-17-"bounds: (563,384),(662,384),(662,394),(563,394)
"09"bounds: (672,384),(687,384),(687,395),(672,395)
"69-73-37-17-09"bounds: (563,417),(689,418),(689,433),(563,432)
"ZA"bounds: (799,418),(813,417),(813,429),(799,430)
"14.33"bounds: (825,413),(863,411),(864,429),(826,431)
"73-17-"bounds: (614,460),(662,461),(662,471),(614,470)
"09"bounds: (671,460),(689,460),(689,474),(671,474)
"ZA"bounds: (798,461),(813,460),(814,471),(799,472)
"15a.43"bounds: (825,454),(872,452),(873,471),(826,473)
"体"bounds: (279,472),(306,473),(304,509),(277,508)
"中"bounds: (314,479),(328,480),(327,509),(313,508)
"PC"bounds: (337,478),(362,479),(361,509),(336,508)
"*ZA"bounds: (798,487),(821,487),(821,505),(798,505)
"4a.23"bounds: (832,487),(872,486),(872,505),(832,506)
"739-26-"bounds: (596,490),(661,490),(661,509),(596,509)
"09"bounds: (672,494),(686,494),(686,510),(672,510)
"10-59-28-"bounds: (588,526),(661,527),(661,538),(588,537)
"09"bounds: (672,527),(687,527),(687,537),(672,537)
"KH"bounds: (797,528),(813,527),(813,537),(797,538)
"7b.23"bounds: (824,522),(863,520),(864,538),(825,540)
"80-77-28-"bounds: (588,559),(661,561),(661,573),(588,571)
"09"bounds: (671,561),(686,561),(686,571),(671,571)
"ZA"bounds: (797,561),(812,560),(813,572),(798,573)
"8.43"bounds: (822,555),(854,553),(855,571),(823,573)
"08-31-58-80-28-"bounds: (536,593),(661,594),(661,605),(536,604)
"09"bounds: (671,594),(686,594),(686,604),(671,604)
"GO"bounds: (797,594),(813,593),(813,605),(797,606)
"Wc"bounds: (820,590),(845,589),(846,608),(821,609)
"la.1-32"bounds: (849,589),(905,587),(906,606),(850,608)
"60-37-"bounds: (613,627),(660,627),(660,641),(613,641)
"09"bounds: (669,628),(688,628),(688,643),(669,643)
"HT"bounds: (796,627),(813,626),(813,638),(796,639)
"6.21"bounds: (822,622),(861,620),(862,638),(823,640)
"-+"bounds: (209,643),(272,642),(272,673),(209,674)
"86"bounds: (268,644),(324,644),(324,674),(268,674)
"2"bounds: (326,642),(336,642),(336,673),(326,673)
"P-"bounds: (334,646),(362,646),(362,668),(334,668)
"『"bounds: (217,681),(232,681),(232,701),(217,701)
"了"bounds: (241,681),(254,681),(254,701),(241,701)
"H4日"bounds: (256,677),(332,677),(332,708),(256,708)
"PC"bounds: (334,677),(364,677),(364,708),(334,708)
"-03-57-59-53-"bounds: (553,660),(661,660),(661,670),(553,670)
"09"bounds: (672,657),(693,657),(693,673),(672,673)
"-"bounds: (696,666),(703,666),(703,667),(696,667)
"KN"bounds: (796,661),(813,660),(814,671),(797,672)
"Zf"bounds: (822,661),(838,660),(839,671),(823,672)
"134"bounds: (849,655),(871,654),(872,672),(850,673)
"08-06-55-41-57-"bounds: (536,693),(660,694),(660,706),(536,705)
"09"bounds: (671,692),(689,692),(689,708),(671,708)
"HT"bounds: (796,695),(812,694),(813,705),(797,706)
"Zb"bounds: (822,695),(837,694),(838,705),(823,706)
"1594"bounds: (848,689),(879,687),(880,705),(849,707)
"26-80-59-"bounds: (587,727),(660,727),(660,737),(587,737)
"09"bounds: (670,728),(685,728),(685,738),(670,738)
"ZA"bounds: (797,728),(811,727),(812,739),(798,740)
"20.33"bounds: (822,722),(862,720),(863,740),(823,742)
"平"bounds: (268,742),(312,743),(311,776),(267,775)
"巴"bounds: (334,747),(349,747),(348,770),(333,770)
"平"bounds: (263,779),(280,779),(280,803),(263,803)
"T"bounds: (289,779),(304,779),(304,802),(289,802)
"田"bounds: (310,780),(327,780),(327,801),(310,801)
"P"bounds: (335,782),(346,782),(346,802),(335,802)
"07-67-"bounds: (611,759),(660,761),(660,774),(611,772)
"09"bounds: (669,761),(687,762),(687,777),(669,776)
"нT"bounds: (796,762),(812,761),(812,773),(796,774)
"87.3"bounds: (821,756),(855,755),(856,774),(822,775)
"117b.2"bounds: (861,754),(912,752),(913,775),(862,777)
"ZA"bounds: (796,795),(811,795),(811,808),(796,808)
"Zb"bounds: (821,790),(844,789),(845,811),(822,812)
"3.14"bounds: (847,790),(878,789),(879,807),(848,808)
"HT"bounds: (795,820),(811,819),(811,832),(795,833)
"21.11"bounds: (822,815),(859,814),(860,832),(823,833)
"07-07-77-"bounds: (586,795),(660,796),(660,806),(586,805)
"09"bounds: (670,795),(685,795),(685,806),(670,806)
"39-59-77-"bounds: (586,820),(660,821),(660,832),(586,831)
"09"bounds: (670,821),(685,821),(685,831),(670,831)
"364-44-80-"bounds: (578,854),(660,855),(660,866),(578,865)
"09"bounds: (670,855),(685,855),(685,865),(670,865)
"ZA"bounds: (795,855),(811,854),(812,865),(796,866)
"15a.73"bounds: (822,850),(870,847),(871,866),(823,869)
"A"bounds: (261,916),(270,916),(270,931),(261,931)
"502"bounds: (273,918),(295,918),(295,930),(273,930)
"H"bounds: (441,919),(449,919),(449,930),(441,930)
"01+27+"bounds: (610,922),(659,922),(659,932),(610,932)
"09"bounds: (669,922),(684,922),(684,933),(669,933)
"HT"bounds: (794,921),(811,921),(811,934),(794,934)
"93a.2'"bounds: (821,916),(867,915),(867,933),(822,934)
"A"bounds: (267,949),(275,949),(275,964),(267,964)
"515"bounds: (273,952),(296,952),(296,963),(273,963)
"27+"bounds: (636,956),(659,956),(659,965),(636,965)
"09"bounds: (669,956),(684,956),(684,966),(669,966)
"HT"bounds: (795,956),(810,956),(810,967),(795,967)
"93a,1"bounds: (821,951),(867,950),(867,967),(822,968)
"HT"bounds: (795,990),(811,990),(811,1001),(795,1001)
"42/"+_759.1"bounds: (817,982),(913,981),(913,1009),(817,1010)
"99b.11"bounds: (930,983),(977,982),(977,1002),(930,1003)
"116a.31"bounds: (990,984),(1044,983),(1044,1003),(990,1004)
"Wa"bounds: (820,1026),(836,1026),(836,1036),(820,1036)
"1021y?"bounds: (848,1018),(895,1018),(895,1043),(848,1043)
"A"bounds: (264,983),(273,983),(273,999),(264,999)
"529"bounds: (273,986),(296,986),(296,997),(273,997)
"41+"bounds: (636,989),(658,989),(658,999),(636,999)
"09"bounds: (669,989),(684,989),(684,1000),(669,1000)
"166"bounds: (55,1506),(90,1506),(90,1523),(55,1523)