Texts:

"INTRODUCTION
XXVII
No d'inventaire
Pugliese
Bennett
Brice
Pugliese
Raison-Pope
GORILA
Raccords
1945
1958
1961
1963
1971
HM
Pigorini
126+fr.
126++fr.
+fr. ELB
+154D
JPO
HT 126+
126
126+fr.
HT 127
127
127
127
+134 ELB 128+134
128+134
128++134
128+134
HT 128†
HT 129
128
129
129
129
1368
HT 130
130
+152 MP*
130
(130+152)
130+152
1369
+fr. ELB
+fr. MP+
frr. (4) LG
HT 131t
131
131
131†
1372
HT 132
132
132
132
133
133
HT 133
(HT 134)
HT 135
133
(134+128) (134+128) (134+128)
135
134
128
(134+128)
135
135
+fr. LG
+138 ELB
137
137+138
136
136 b
136
HT 136
нT 137
(HT 138)
нT 139
НT 140
136
137+138
137+138
137+138
(138+137) (138+137) (138+137) (138+137)
137
138
139
139
139
+143+145 140+143+ 140+143+ (140+148) 140+143+
+153+fr. 145+153+ 145+153+
ELB+148 fr.
+154H
MP**
140
145+148+
fr.*
153
HT 141
141
141
141
HT 142
142
142
142
(143+140) (143+140) | (143+148) (143+140)
(HT 143)
HT 144
143
140
144
144
144
(145+140) (145+140)
(145+148) (145+140)
(HT 145)
HT 146
145
140
146
146
146
HT 147
147
147
147
148+140+ (148+140)
153+145 +
(HT 148)
148
140
148**
143+ fr.
(149+95)
(149+95)
(149+95)
(HT 149)
(HT 150)
(HT 151)
95
23
70
149
150
150
150
151
151
151
151
• cité dans
• +148+13'
* cf. ci-dessus,
(note)
**+140 (note)
p. XXIII
Pugliese
1963, sub 152
** Nestor,
р. 69
"bounds: (72,184),(1049,184),(1049,1336),(72,1336)
"INTRODUCTION"bounds: (496,186),(623,186),(623,196),(496,196)
"XXVII"bounds: (908,184),(957,184),(957,193),(908,193)
"No"bounds: (897,245),(933,245),(933,261),(897,261)
"d'inventaire"bounds: (931,248),(1021,248),(1021,259),(931,259)
"Pugliese"bounds: (206,266),(266,266),(266,280),(206,280)
"Bennett"bounds: (424,265),(484,264),(484,275),(424,276)
"Brice"bounds: (555,264),(592,264),(592,275),(555,275)
"Pugliese"bounds: (664,263),(724,263),(724,277),(664,277)
"Raison-Pope"bounds: (760,262),(854,262),(854,276),(760,276)
"GORILA"bounds: (96,273),(150,274),(150,285),(96,284)
"Raccords"bounds: (309,272),(376,271),(376,283),(309,284)
"1945"bounds: (221,286),(253,286),(253,297),(221,297)
"1958"bounds: (439,284),(471,283),(471,294),(439,295)
"1961"bounds: (559,284),(588,284),(588,295),(559,295)
"1963"bounds: (679,283),(711,283),(711,293),(679,293)
"1971"bounds: (792,282),(822,282),(822,293),(792,293)
"HM"bounds: (908,288),(933,288),(933,299),(908,299)
"Pigorini"bounds: (991,287),(1049,287),(1049,301),(991,301)
"126+fr."bounds: (540,349),(609,350),(609,369),(540,368)
"126++fr."bounds: (655,349),(733,349),(733,367),(655,367)
"+fr."bounds: (286,353),(328,351),(329,370),(287,372)
"ELB"bounds: (339,353),(379,352),(380,367),(340,368)
"+154D"bounds: (293,378),(356,375),(357,392),(294,395)
"JPO"bounds: (357,401),(395,400),(395,416),(357,417)
"HT"bounds: (72,354),(100,355),(100,368),(72,368)
"126+"bounds: (108,353),(147,354),(147,372),(108,371)
"126"bounds: (208,355),(235,353),(236,367),(209,369)
"126+fr."bounds: (422,351),(491,352),(491,370),(422,369)
"HT"bounds: (73,379),(100,379),(100,393),(73,393)
"127"bounds: (108,379),(138,379),(138,394),(108,394)
"127"bounds: (209,378),(236,378),(236,392),(209,392)
"127"bounds: (563,375),(590,375),(590,389),(563,389)
"127"bounds: (682,374),(709,374),(709,388),(682,388)
"+134"bounds: (294,426),(341,425),(341,442),(294,443)
"ELB"bounds: (351,424),(393,424),(393,443),(351,443)
"128+134"bounds: (418,425),(496,424),(496,441),(418,442)
"128+134"bounds: (537,424),(616,424),(616,440),(537,440)
"128++134"bounds: (652,423),(741,422),(741,438),(652,439)
"128+134"bounds: (769,422),(848,421),(848,438),(769,439)
"HT"bounds: (73,427),(101,427),(101,442),(73,442)
"128†"bounds: (109,427),(148,427),(148,445),(109,445)
"HT"bounds: (73,452),(101,452),(101,466),(73,466)
"129"bounds: (109,452),(139,452),(139,467),(109,467)
"128"bounds: (209,427),(237,427),(237,441),(209,441)
"129"bounds: (209,452),(237,452),(237,465),(209,465)
"129"bounds: (564,448),(591,448),(591,462),(564,462)
"129"bounds: (683,447),(710,446),(710,460),(683,461)
"1368"bounds: (902,445),(940,444),(940,458),(902,459)
"HT"bounds: (74,477),(101,477),(101,491),(74,491)
"130"bounds: (110,477),(139,477),(139,491),(110,491)
"130"bounds: (210,475),(238,476),(237,490),(209,489)
"+152"bounds: (295,477),(342,476),(342,490),(295,491)
"MP*"bounds: (351,475),(388,474),(388,489),(351,490)
"130"bounds: (564,473),(591,473),(591,486),(564,486)
"(130+152)"bounds: (649,471),(742,471),(742,490),(649,490)
"130+152"bounds: (769,471),(849,470),(849,487),(769,488)
"1369"bounds: (903,470),(940,470),(940,483),(903,483)
"+fr."bounds: (294,500),(331,499),(332,518),(295,519)
"ELB"bounds: (338,500),(379,498),(380,512),(339,514)
"+fr."bounds: (295,524),(331,524),(331,542),(295,542)
"MP+"bounds: (342,523),(389,523),(389,540),(342,540)
"frr."bounds: (288,547),(319,546),(320,568),(289,569)
"(4)"bounds: (329,548),(350,547),(351,566),(330,567)
"LG"bounds: (360,548),(387,547),(387,561),(360,562)
"HT"bounds: (75,573),(102,573),(102,588),(75,588)
"131t"bounds: (111,573),(150,574),(150,591),(111,590)
"131"bounds: (211,574),(236,574),(236,587),(211,587)
"131"bounds: (565,570),(589,569),(589,583),(565,584)
"131†"bounds: (684,569),(722,569),(722,587),(684,587)
"1372"bounds: (904,567),(942,567),(942,581),(904,581)
"HT"bounds: (75,598),(102,598),(102,612),(75,612)
"132"bounds: (111,598),(141,598),(141,612),(111,612)
"132"bounds: (211,598),(239,598),(239,612),(211,612)
"132"bounds: (565,595),(593,594),(593,608),(565,609)
"132"bounds: (684,594),(713,594),(713,608),(684,608)
"133"bounds: (566,618),(593,617),(593,632),(566,633)
"133"bounds: (685,618),(712,618),(712,632),(685,632)
"HT"bounds: (75,623),(103,623),(103,637),(75,637)
"133"bounds: (111,622),(141,622),(141,637),(111,637)
"(HT"bounds: (76,646),(111,647),(110,664),(75,663)
"134)"bounds: (122,645),(155,646),(154,665),(121,664)
"HT"bounds: (76,671),(103,671),(103,685),(76,685)
"135"bounds: (112,670),(141,670),(141,686),(112,686)
"133"bounds: (212,622),(239,622),(239,635),(212,635)
"(134+128)"bounds: (532,644),(624,643),(624,661),(532,662)
"(134+128)"bounds: (647,641),(744,640),(744,662),(647,663)
"(134+128)"bounds: (762,639),(855,638),(855,661),(762,662)
"135"bounds: (566,667),(593,666),(593,681),(566,682)
"134"bounds: (212,646),(239,646),(239,660),(212,660)
"128"bounds: (290,645),(323,645),(323,662),(290,662)
"(134+128)"bounds: (412,645),(505,645),(505,663),(412,663)
"135"bounds: (212,671),(240,671),(240,684),(212,684)
"135"bounds: (685,667),(713,666),(713,680),(685,681)
"+fr."bounds: (289,694),(332,692),(333,713),(290,715)
"LG"bounds: (343,694),(369,693),(370,709),(344,710)
"+138"bounds: (290,719),(344,717),(345,735),(291,737)
"ELB"bounds: (354,718),(394,717),(394,732),(354,733)
"137"bounds: (291,742),(324,741),(324,759),(291,760)
"137+138"bounds: (659,691),(738,691),(738,708),(659,708)
"136"bounds: (684,715),(712,714),(712,729),(684,730)
"136"bounds: (438,694),(465,694),(465,707),(438,707)
"b"bounds: (476,694),(482,694),(482,707),(476,707)
"136"bounds: (566,692),(594,691),(595,706),(567,707)
"HT"bounds: (76,696),(104,696),(104,710),(76,710)
"136"bounds: (112,696),(141,695),(141,709),(112,710)
"нT"bounds: (83,718),(121,719),(121,738),(83,737)
"137"bounds: (123,719),(143,719),(143,737),(123,737)
"(HT"bounds: (77,744),(112,745),(112,764),(77,763)
"138)"bounds: (123,744),(156,745),(156,764),(123,763)
"нT"bounds: (80,767),(119,767),(119,786),(80,786)
"139"bounds: (121,767),(142,767),(142,786),(121,786)
"НT"bounds: (82,791),(120,792),(120,810),(82,809)
"140"bounds: (113,793),(142,793),(142,807),(113,807)
"136"bounds: (213,695),(240,695),(240,709),(213,709)
"137+138"bounds: (540,715),(619,716),(619,734),(540,733)
"137+138"bounds: (772,715),(851,715),(851,732),(772,732)
"137+138"bounds: (421,719),(500,716),(501,733),(422,736)
"(138+137)"bounds: (414,743),(506,742),(506,760),(414,761)
"(138+137)"bounds: (533,742),(625,741),(625,759),(533,760)
"(138+137)"bounds: (652,741),(744,740),(744,758),(652,759)
"(138+137)"bounds: (765,739),(857,738),(857,757),(765,758)
"137"bounds: (213,720),(240,720),(240,734),(213,734)
"138"bounds: (214,744),(240,744),(240,758),(214,758)
"139"bounds: (213,769),(241,769),(241,783),(213,783)
"139"bounds: (567,764),(595,766),(594,781),(566,779)
"139"bounds: (686,765),(713,765),(713,778),(686,778)
"+143+145"bounds: (304,789),(399,788),(399,811),(304,812)
"140+143+"bounds: (405,789),(510,788),(510,810),(405,811)
"140+143+"bounds: (531,790),(629,789),(629,806),(531,807)
"(140+148)"bounds: (652,789),(745,788),(745,806),(652,807)
"140+143+"bounds: (755,785),(861,784),(861,807),(755,808)
"+153+fr."bounds: (291,815),(386,814),(386,836),(291,837)
"145+153+"bounds: (405,813),(510,812),(510,835),(405,836)
"145+153+"bounds: (531,814),(629,813),(629,831),(531,832)
"ELB+148"bounds: (292,839),(389,838),(389,857),(292,858)
"fr."bounds: (404,838),(427,838),(427,857),(404,857)
"+154H"bounds: (299,866),(363,864),(363,880),(300,882)
"MP**"bounds: (292,886),(345,885),(345,904),(292,905)
"140"bounds: (213,793),(241,792),(241,806),(213,807)
"145+148+"bounds: (756,811),(862,812),(862,831),(756,830)
"fr.*"bounds: (529,839),(556,839),(556,857),(529,857)
"153"bounds: (799,837),(827,837),(827,850),(799,850)
"HT"bounds: (79,915),(106,915),(106,929),(79,929)
"141"bounds: (115,915),(144,915),(144,929),(115,929)
"141"bounds: (215,915),(239,915),(239,928),(215,928)
"141"bounds: (569,912),(593,912),(593,925),(569,925)
"141"bounds: (688,911),(712,911),(712,924),(688,924)
"HT"bounds: (79,939),(106,939),(106,953),(79,953)
"142"bounds: (115,938),(145,938),(145,954),(115,954)
"142"bounds: (215,939),(243,939),(243,952),(215,952)
"142"bounds: (569,936),(597,936),(597,950),(569,950)
"142"bounds: (688,935),(716,935),(716,949),(688,949)
"(143+140)"bounds: (408,959),(509,958),(509,980),(408,981)
"(143+140)"bounds: (535,960),(628,959),(628,977),(535,978)
"|"bounds: (631,957),(651,957),(651,979),(631,979)
"(143+148)"bounds: (653,957),(747,956),(747,979),(653,980)
"(143+140)"bounds: (767,958),(860,957),(860,976),(767,977)
"(HT"bounds: (79,963),(114,963),(114,981),(79,981)
"143)"bounds: (125,963),(158,963),(158,981),(125,981)
"HT"bounds: (79,988),(107,988),(107,1002),(79,1002)
"144"bounds: (115,987),(145,987),(145,1002),(115,1002)
"143"bounds: (215,963),(243,963),(243,976),(215,976)
"140"bounds: (299,963),(327,963),(327,976),(299,976)
"144"bounds: (216,988),(243,988),(243,1001),(216,1001)
"144"bounds: (570,985),(596,985),(596,998),(570,998)
"144"bounds: (689,983),(716,982),(716,996),(689,997)
"(145+140)"bounds: (409,1008),(510,1007),(510,1029),(409,1030)
"(145+140)"bounds: (533,1009),(626,1008),(626,1027),(533,1028)
"(145+148)"bounds: (649,1005),(750,1004),(750,1026),(649,1027)
"(145+140)"bounds: (768,1007),(860,1006),(860,1025),(768,1026)
"(HT"bounds: (80,1012),(115,1012),(115,1030),(80,1030)
"145)"bounds: (126,1011),(159,1011),(159,1030),(126,1030)
"HT"bounds: (80,1036),(108,1036),(108,1050),(80,1050)
"146"bounds: (116,1035),(145,1035),(145,1050),(116,1050)
"145"bounds: (216,1012),(243,1012),(243,1025),(216,1025)
"140"bounds: (300,1011),(327,1011),(327,1024),(300,1024)
"146"bounds: (216,1036),(244,1036),(244,1049),(216,1049)
"146"bounds: (571,1034),(597,1034),(597,1046),(571,1046)
"146"bounds: (689,1032),(717,1031),(717,1045),(689,1046)
"HT"bounds: (80,1060),(108,1060),(108,1074),(80,1074)
"147"bounds: (116,1060),(145,1060),(145,1074),(116,1074)
"147"bounds: (217,1060),(244,1060),(244,1074),(217,1074)
"147"bounds: (571,1056),(598,1056),(598,1071),(571,1071)
"147"bounds: (690,1056),(717,1056),(717,1070),(690,1070)
"148+140+"bounds: (647,1077),(750,1077),(750,1100),(647,1100)
"(148+140)"bounds: (768,1079),(861,1079),(861,1098),(768,1098)
"153+145"bounds: (653,1104),(731,1105),(731,1121),(653,1120)
"+"bounds: (738,1106),(752,1106),(752,1120),(738,1120)
"(HT"bounds: (81,1085),(116,1085),(116,1103),(81,1103)
"148)"bounds: (126,1085),(159,1085),(159,1103),(126,1103)
"148"bounds: (217,1085),(244,1085),(244,1098),(217,1098)
"140"bounds: (301,1084),(328,1084),(328,1097),(301,1097)
"148**"bounds: (572,1081),(618,1079),(619,1094),(573,1096)
"143+"bounds: (646,1127),(698,1128),(698,1150),(646,1149)
"fr."bounds: (704,1129),(723,1129),(723,1148),(704,1148)
"(149+95)"bounds: (656,1154),(738,1154),(738,1172),(656,1172)
"(149+95)"bounds: (534,1155),(617,1154),(617,1172),(534,1173)
"(149+95)"bounds: (769,1153),(851,1153),(851,1171),(769,1171)
"(HT"bounds: (81,1157),(116,1158),(116,1177),(81,1176)
"149)"bounds: (127,1157),(160,1158),(160,1175),(127,1174)
"(HT"bounds: (81,1182),(116,1182),(116,1200),(81,1200)
"150)"bounds: (127,1182),(160,1182),(160,1200),(127,1200)
"(HT"bounds: (82,1205),(116,1206),(116,1225),(82,1224)
"151)"bounds: (127,1206),(160,1207),(160,1224),(127,1223)
"95"bounds: (295,1156),(318,1156),(318,1172),(295,1172)
"23"bounds: (295,1180),(318,1180),(318,1197),(295,1197)
"70"bounds: (295,1204),(318,1204),(318,1220),(295,1220)
"149"bounds: (217,1158),(244,1158),(244,1171),(217,1171)
"150"bounds: (217,1182),(245,1182),(245,1195),(217,1195)
"150"bounds: (571,1179),(598,1179),(598,1192),(571,1192)
"150"bounds: (690,1178),(718,1178),(718,1191),(690,1191)
"151"bounds: (218,1206),(241,1206),(241,1220),(218,1220)
"151"bounds: (451,1205),(475,1205),(475,1218),(451,1218)
"151"bounds: (572,1203),(595,1203),(595,1217),(572,1217)
"151"bounds: (691,1202),(716,1202),(716,1216),(691,1216)
"•"bounds: (323,1240),(332,1240),(332,1253),(323,1253)
"cité"bounds: (334,1240),(360,1240),(360,1253),(334,1253)
"dans"bounds: (359,1243),(393,1243),(393,1254),(359,1254)
"•"bounds: (549,1238),(562,1238),(562,1255),(549,1255)
"+148+13'"bounds: (564,1237),(634,1236),(634,1254),(564,1255)
"*"bounds: (776,1236),(784,1236),(784,1252),(776,1252)
"cf."bounds: (786,1236),(798,1236),(798,1252),(786,1252)
"ci-dessus,"bounds: (800,1236),(869,1236),(869,1253),(800,1253)
"(note)"bounds: (562,1262),(604,1261),(604,1274),(562,1275)
"**+140"bounds: (531,1280),(589,1281),(589,1294),(531,1293)
"(note)"bounds: (597,1280),(638,1280),(638,1295),(597,1295)
"p."bounds: (769,1262),(792,1261),(793,1273),(770,1274)
"XXIII"bounds: (789,1262),(826,1260),(826,1269),(789,1271)
"Pugliese"bounds: (322,1263),(382,1264),(382,1278),(322,1277)
"1963,"bounds: (295,1281),(338,1280),(338,1296),(295,1297)
"sub"bounds: (346,1283),(370,1283),(370,1294),(346,1294)
"152"bounds: (379,1279),(403,1279),(403,1295),(379,1295)
"**"bounds: (308,1297),(351,1298),(351,1317),(308,1316)
"Nestor,"bounds: (353,1298),(392,1299),(392,1318),(353,1317)
"р."bounds: (330,1321),(347,1321),(347,1336),(330,1336)
"69"bounds: (355,1323),(370,1323),(370,1333),(355,1333)