Texts:

"KN Zc6
.4
.2
.3
Y ou ! diiciles ; ¥ exclu.
.4 S.3
.3 S.7 A þosmible.
identi fialde.
S.8
mon
121
"bounds: (53,211),(1175,211),(1175,1536),(53,1536)
"KN"bounds: (53,212),(106,212),(106,238),(53,238)
"Zc6"bounds: (148,211),(220,212),(220,241),(148,240)
".4"bounds: (57,373),(82,373),(82,390),(57,390)
".2"bounds: (53,461),(81,461),(81,479),(53,479)
".3"bounds: (56,544),(81,544),(81,567),(56,567)
"Y"bounds: (267,665),(283,665),(284,694),(268,694)
"ou"bounds: (297,677),(328,676),(328,685),(297,686)
"!"bounds: (344,662),(357,662),(358,695),(345,695)
"diiciles"bounds: (377,665),(477,663),(478,695),(378,697)
";"bounds: (491,660),(512,660),(513,695),(492,695)
"¥"bounds: (511,660),(532,660),(533,695),(512,695)
"exclu."bounds: (548,665),(624,664),(624,684),(548,685)
".4"bounds: (157,673),(181,673),(181,689),(157,689)
"S.3"bounds: (198,671),(232,670),(232,686),(198,687)
".3"bounds: (136,735),(198,734),(199,768),(137,769)
"S.7"bounds: (193,741),(229,740),(229,758),(193,759)
"A"bounds: (254,733),(275,733),(275,759),(254,759)
"þosmible."bounds: (310,733),(415,731),(416,763),(311,765)
"identi"bounds: (317,784),(407,784),(407,824),(317,824)
"fialde."bounds: (409,784),(491,784),(491,824),(409,824)
"S.8"bounds: (194,799),(224,799),(224,815),(194,815)
"mon"bounds: (248,804),(296,804),(296,816),(248,816)
"121"bounds: (1142,1518),(1175,1518),(1175,1536),(1142,1536)