Texts:

"CONCORDANCE MUSÉOGRAPHIQUE
133
s) Musée stratigraphique de Phaistos, Crète
[MSPH]
PH <29>1...
1
2
2
Wc <47>.
[NM]
1 )
t) Musée National, Athènes
KN Zb 344..
3
THE Zb 2, 34.
2
[Palais de Knossos]
u) Palais de Knossos, Crète
KN Zb 354..
1
1
1
v) Palais de Mallia, Crète
[Palais de Mallia]
MA Ze 114..
1
1
1
w) Palais de Phaistos, Crète
[Palais de Phaistos]
PH Zb 54..
1
1
1
x) Musée archéologique de Phira, Théra
[Phira M.]
THE Zb 14....
1
1
1
y) Musée préhistorique Pigorini, Rome
[Pigorini]
HT <12>, 29, 114, 1181..
Wa 1014, 1108, 1110, 1150, 1176, 1283, 1294, 1301, 1407, 1408, 1472,
1512, 1542, 1547, 1559, 1560, 1561, 1593, 1623, 1744, 1759, 1779, 18302.
Zb 1604..
4
28
28
23
1
z) Musée archéologique de Sparte
[Sparte M.]
HS Zg 1.
1
1
1
a') Lieu de conservation inconnu
KN Zb <27> <36-39>
[1427]
"bounds: (163,187),(968,187),(968,877),(163,877)
"CONCORDANCE"bounds: (421,192),(546,191),(546,201),(421,202)
"MUSÉOGRAPHIQUE"bounds: (559,188),(716,187),(716,204),(559,205)
"133"bounds: (938,187),(966,187),(966,201),(938,201)
"s)"bounds: (169,244),(178,244),(178,258),(169,258)
"Musée"bounds: (199,244),(245,244),(245,255),(199,255)
"stratigraphique"bounds: (255,244),(366,244),(366,258),(255,258)
"de"bounds: (376,244),(391,244),(391,254),(376,254)
"Phaistos,"bounds: (401,243),(467,243),(467,257),(401,257)
"Crète"bounds: (479,243),(514,243),(514,254),(479,254)
"[MSPH]"bounds: (809,242),(870,241),(870,257),(809,258)
"PH"bounds: (216,268),(240,268),(240,280),(216,280)
"<29>1..."bounds: (252,269),(328,269),(328,280),(252,280)
"1"bounds: (820,267),(823,267),(823,277),(820,277)
"2"bounds: (884,277),(892,277),(892,287),(884,287)
"2"bounds: (953,277),(961,277),(961,287),(953,287)
"Wc"bounds: (234,288),(259,288),(259,301),(234,301)
"<47>."bounds: (271,288),(330,287),(330,300),(271,301)
"[NM]"bounds: (813,320),(850,320),(850,335),(813,335)
"1"bounds: (807,342),(840,342),(840,358),(807,358)
")"bounds: (843,344),(846,344),(846,358),(843,358)
"t)"bounds: (169,322),(178,322),(178,337),(169,337)
"Musée"bounds: (199,322),(245,322),(245,334),(199,334)
"National,"bounds: (255,322),(323,321),(323,336),(255,337)
"Athènes"bounds: (336,322),(392,321),(392,331),(336,332)
"KN"bounds: (215,346),(240,346),(240,359),(215,359)
"Zb"bounds: (251,346),(270,346),(270,359),(251,359)
"344.."bounds: (281,347),(317,347),(317,358),(281,358)
"3"bounds: (884,355),(891,355),(891,366),(884,366)
"THE"bounds: (215,367),(251,367),(251,380),(215,380)
"Zb"bounds: (263,367),(282,367),(282,379),(263,379)
"2,"bounds: (292,367),(304,367),(304,381),(292,381)
"34."bounds: (316,367),(332,367),(332,379),(316,379)
"2"bounds: (818,365),(825,365),(825,376),(818,376)
"[Palais"bounds: (812,399),(862,399),(862,413),(812,413)
"de"bounds: (873,399),(888,399),(888,410),(873,410)
"Knossos]"bounds: (900,398),(966,398),(966,413),(900,413)
"u)"bounds: (169,401),(181,401),(181,416),(169,416)
"Palais"bounds: (198,401),(244,401),(244,412),(198,412)
"de"bounds: (255,401),(269,401),(269,412),(255,412)
"Knossos,"bounds: (280,401),(343,401),(343,415),(280,415)
"Crète"bounds: (355,401),(390,401),(390,412),(355,412)
"KN"bounds: (215,425),(240,425),(240,437),(215,437)
"Zb"bounds: (251,424),(270,424),(270,437),(251,437)
"354.."bounds: (281,426),(316,426),(316,436),(281,436)
"1"bounds: (818,424),(822,424),(822,434),(818,434)
"1"bounds: (886,424),(889,424),(889,434),(886,434)
"1"bounds: (955,423),(958,423),(958,434),(955,434)
"v)"bounds: (168,460),(181,460),(181,473),(168,473)
"Palais"bounds: (198,460),(244,460),(244,470),(198,470)
"de"bounds: (255,460),(269,460),(269,470),(255,470)
"Mallia,"bounds: (280,459),(333,459),(333,473),(280,473)
"Crète"bounds: (345,459),(380,459),(380,470),(345,470)
"[Palais"bounds: (809,457),(860,457),(860,471),(809,471)
"de"bounds: (871,457),(886,457),(886,468),(871,468)
"Mallia]"bounds: (897,456),(949,456),(949,471),(897,471)
"MA"bounds: (216,483),(242,483),(242,495),(216,495)
"Ze"bounds: (253,483),(271,483),(271,495),(253,495)
"114.."bounds: (283,484),(316,484),(316,494),(283,494)
"1"bounds: (819,482),(822,482),(822,492),(819,492)
"1"bounds: (886,482),(889,482),(889,492),(886,492)
"1"bounds: (955,482),(958,482),(958,491),(955,491)
"w)"bounds: (167,514),(191,514),(191,531),(167,531)
"Palais"bounds: (198,517),(244,517),(244,528),(198,528)
"de"bounds: (255,517),(269,517),(269,528),(255,528)
"Phaistos,"bounds: (280,517),(345,517),(345,530),(280,530)
"Crète"bounds: (357,517),(392,517),(392,528),(357,528)
"[Palais"bounds: (810,515),(860,515),(860,529),(810,529)
"de"bounds: (871,515),(886,515),(886,526),(871,526)
"Phaistos]"bounds: (897,515),(966,515),(966,529),(897,529)
"PH"bounds: (215,541),(240,541),(240,553),(215,553)
"Zb"bounds: (251,541),(270,541),(270,554),(251,554)
"54.."bounds: (281,542),(307,542),(307,553),(281,553)
"1"bounds: (818,540),(822,540),(822,550),(818,550)
"1"bounds: (886,540),(889,540),(889,550),(886,550)
"1"bounds: (955,539),(958,539),(958,550),(955,550)
"x)"bounds: (169,575),(182,575),(182,589),(169,589)
"Musée"bounds: (199,575),(246,575),(246,586),(199,586)
"archéologique"bounds: (256,574),(353,574),(353,589),(256,589)
"de"bounds: (363,575),(378,575),(378,585),(363,585)
"Phira,"bounds: (388,574),(434,574),(434,588),(388,588)
"Théra"bounds: (448,574),(488,574),(488,585),(448,585)
"[Phira"bounds: (811,573),(856,573),(856,587),(811,587)
"M.]"bounds: (868,573),(891,573),(891,587),(868,587)
"THE"bounds: (216,599),(252,599),(252,611),(216,611)
"Zb"bounds: (263,599),(282,599),(282,611),(263,611)
"14...."bounds: (294,600),(334,600),(334,610),(294,610)
"1"bounds: (819,598),(823,598),(823,608),(819,608)
"1"bounds: (886,598),(890,598),(890,608),(886,608)
"1"bounds: (955,597),(959,597),(959,608),(955,608)
"y)"bounds: (169,633),(182,633),(182,647),(169,647)
"Musée"bounds: (199,633),(246,633),(246,644),(199,644)
"préhistorique"bounds: (255,632),(350,632),(350,648),(255,648)
"Pigorini,"bounds: (360,632),(427,632),(427,646),(360,646)
"Rome"bounds: (439,633),(479,633),(479,643),(439,643)
"[Pigorini]"bounds: (811,631),(882,630),(882,645),(811,646)
"HT"bounds: (217,657),(240,657),(240,668),(217,668)
"<12>,"bounds: (253,657),(306,657),(306,671),(253,671)
"29,"bounds: (318,657),(338,657),(338,670),(318,670)
"114,"bounds: (351,657),(379,657),(379,670),(351,670)
"1181.."bounds: (389,654),(430,654),(430,670),(389,670)
"Wa"bounds: (234,676),(259,676),(259,688),(234,688)
"1014,"bounds: (269,677),(306,677),(306,691),(269,691)
"1108,"bounds: (317,676),(353,676),(353,690),(317,690)
"1110,"bounds: (363,677),(400,677),(400,690),(363,690)
"1150,"bounds: (411,677),(448,677),(448,690),(411,690)
"1176,"bounds: (459,677),(495,677),(495,689),(459,689)
"1283,"bounds: (506,676),(543,676),(543,689),(506,689)
"1294,"bounds: (553,676),(590,676),(590,689),(553,689)
"1301,"bounds: (603,676),(639,676),(639,689),(603,689)
"1407,"bounds: (650,675),(686,675),(686,689),(650,689)
"1408,"bounds: (697,675),(733,675),(733,689),(697,689)
"1472,"bounds: (744,676),(781,676),(781,689),(744,689)
"1512,"bounds: (236,697),(272,697),(272,710),(236,710)
"1542,"bounds: (280,697),(317,697),(317,710),(280,710)
"1547,"bounds: (325,697),(361,697),(361,710),(325,710)
"1559,"bounds: (370,696),(406,696),(406,709),(370,709)
"1560,"bounds: (414,696),(451,696),(451,710),(414,710)
"1561,"bounds: (459,696),(495,696),(495,709),(459,709)
"1593,"bounds: (503,696),(540,696),(540,709),(503,709)
"1623,"bounds: (548,696),(585,696),(585,710),(548,710)
"1744,"bounds: (593,696),(629,696),(629,708),(593,708)
"1759,"bounds: (638,695),(674,695),(674,709),(638,709)
"1779,"bounds: (682,695),(718,695),(718,709),(682,709)
"18302."bounds: (727,695),(770,695),(770,706),(727,706)
"Zb"bounds: (236,714),(261,714),(261,729),(236,729)
"1604.."bounds: (266,716),(308,715),(308,727),(266,728)
"4"bounds: (819,656),(825,656),(825,666),(819,666)
"28"bounds: (876,685),(892,685),(892,695),(876,695)
"28"bounds: (945,685),(961,685),(961,695),(945,695)
"23"bounds: (810,695),(826,695),(826,706),(810,706)
"1"bounds: (821,715),(824,715),(824,725),(821,725)
"z)"bounds: (163,746),(188,746),(188,765),(163,765)
"Musée"bounds: (199,750),(245,750),(245,760),(199,760)
"archéologique"bounds: (256,749),(353,749),(353,764),(256,764)
"de"bounds: (363,750),(378,750),(378,760),(363,760)
"Sparte"bounds: (390,750),(436,750),(436,764),(390,764)
"[Sparte"bounds: (812,748),(866,748),(866,762),(812,762)
"M.]"bounds: (878,747),(901,747),(901,762),(878,762)
"HS"bounds: (218,774),(240,774),(240,786),(218,786)
"Zg"bounds: (251,774),(271,774),(271,788),(251,788)
"1."bounds: (282,774),(298,774),(298,785),(282,785)
"1"bounds: (820,773),(824,773),(824,783),(820,783)
"1"bounds: (887,773),(891,773),(891,783),(887,783)
"1"bounds: (956,773),(959,773),(959,782),(956,782)
"a')"bounds: (170,807),(187,807),(187,820),(170,820)
"Lieu"bounds: (199,807),(232,807),(232,818),(199,818)
"de"bounds: (243,807),(257,807),(257,818),(243,818)
"conservation"bounds: (267,807),(356,806),(356,816),(267,817)
"inconnu"bounds: (368,806),(425,806),(425,818),(368,818)
"KN"bounds: (217,831),(242,831),(242,843),(217,843)
"Zb"bounds: (253,830),(272,830),(272,843),(253,843)
"<27>"bounds: (285,831),(331,831),(331,843),(285,843)
"<36-39>"bounds: (353,828),(420,828),(420,843),(353,843)
"[1427]"bounds: (923,863),(968,863),(968,877),(923,877)