Texts:

"TL Za 1
éch. 1: 1
HM 1545. "Coupelle"
58
"bounds: (59,72),(961,72),(961,1531),(59,1531)
"TL"bounds: (63,72),(94,72),(94,89),(63,89)
"Za"bounds: (106,72),(134,72),(134,89),(106,89)
"1"bounds: (150,72),(157,72),(157,88),(150,88)
"éch."bounds: (330,826),(376,826),(376,845),(330,845)
"1:"bounds: (378,827),(406,827),(406,846),(378,846)
"1"bounds: (413,830),(417,830),(417,844),(413,844)
"HM"bounds: (665,1453),(727,1455),(726,1494),(664,1492)
"1545."bounds: (738,1463),(816,1466),(815,1495),(737,1492)
""Coupelle""bounds: (836,1455),(961,1460),(959,1510),(834,1506)
"58"bounds: (59,1513),(82,1513),(82,1531),(59,1531)