Texts:

"24
11 IL
了角主
J16- 24
06-21 - 24 C
КН 47.13
HT 135a.3'
08-31-23- 24
ZA Zb 3.14
JY IC
731- 24
HT 53a.11
40-31-31- 24
KH 5.23
攻Y王
767-31- 24
Кн 6.33
773-67-31- 24
I..7-59- 24
ARKH la.65
HT 135b.1
+ BI
HT 94b.11 122a.6' Wa 1019x?
*HT 135b.1
03-59- 24
IJ-34-59- 24 L
+Is I
нT 115а.4,b.11
03-60- 24
08-03-60- 24
нT 9ба.1-2,b.11
08-80-60- 24
SK Zb 1
个位王
史王
HT 116a.5-61
нT ъ.11 87.11 *94b.61 117Ъ.11
41-67- 24
21-69- 24
78-69- 24
нT 12.31
01-51-73- 24
KN Zf 314
01-81-73- 24
*KN ZE 314
7-77- 24
ARKH 3a.13
卫田王
目92王
*ARKH 3a.13
753-77- 24
757-26-80- 24
PH 7a.31
77-51-80- 24
НT 29.61
A 514
FOP
TY 3a.1-21
H
'24'L 767'
A 612
302+ 24
HT 23a.1' 32.1.41 100.5'
TY 3b.3
181
"bounds: (157,95),(1165,95),(1165,1529),(157,1529)
"24"bounds: (1061,95),(1078,95),(1078,108),(1061,108)
"11"bounds: (200,147),(250,148),(250,184),(200,183)
"IL"bounds: (252,148),(280,148),(280,183),(252,183)
"了"bounds: (192,186),(206,186),(205,209),(191,209)
"角"bounds: (216,182),(236,183),(235,211),(215,210)
"主"bounds: (243,182),(267,183),(266,214),(242,213)
"J16-"bounds: (540,156),(579,159),(577,184),(538,181)
"24"bounds: (589,161),(606,162),(604,186),(587,185)
"06-21"bounds: (523,181),(564,185),(562,211),(521,207)
"-"bounds: (557,187),(580,189),(578,209),(555,207)
"24"bounds: (588,195),(606,197),(605,213),(587,211)
"C"bounds: (614,193),(628,194),(626,212),(612,211)
"КН"bounds: (734,157),(767,155),(768,174),(735,176)
"47.13"bounds: (769,155),(807,153),(808,173),(770,175)
"HT"bounds: (738,196),(754,195),(755,207),(739,208)
"135a.3'"bounds: (765,191),(819,187),(820,205),(766,209)
"08-31-23-"bounds: (503,230),(578,231),(578,241),(503,240)
"24"bounds: (587,231),(603,231),(603,244),(587,244)
"ZA"bounds: (739,229),(754,228),(755,240),(740,241)
"Zb"bounds: (764,229),(779,228),(780,240),(765,241)
"3.14"bounds: (789,223),(821,222),(822,241),(790,242)
"JY"bounds: (200,251),(244,252),(243,283),(199,282)
"IC"bounds: (241,255),(271,256),(271,280),(241,279)
"731-"bounds: (537,260),(578,260),(578,280),(537,280)
"24"bounds: (584,258),(604,258),(604,280),(584,280)
"HT"bounds: (737,264),(754,263),(755,274),(738,275)
"53a.11"bounds: (764,259),(810,256),(811,273),(765,276)
"40-31-31-"bounds: (504,296),(578,298),(578,309),(504,307)
"24"bounds: (589,298),(602,298),(602,308),(589,308)
"KH"bounds: (738,297),(754,296),(755,308),(739,309)
"5.23"bounds: (764,291),(795,289),(796,307),(765,309)
"攻"bounds: (180,321),(207,321),(207,347),(180,347)
"Y"bounds: (216,322),(230,322),(230,347),(216,347)
"王"bounds: (239,323),(255,323),(255,346),(239,346)
"767-31-"bounds: (512,328),(577,329),(577,347),(512,346)
"24"bounds: (586,333),(604,333),(604,348),(586,348)
"Кн"bounds: (738,330),(754,328),(755,341),(739,343)
"6.33"bounds: (763,325),(795,322),(797,341),(765,344)
"773-67-31-"bounds: (486,362),(577,363),(577,382),(486,381)
"24"bounds: (583,360),(602,360),(602,386),(583,386)
"I..7-59-"bounds: (482,394),(577,396),(577,418),(482,416)
"24"bounds: (584,394),(603,394),(603,419),(584,419)
"ARKH"bounds: (737,365),(771,363),(772,377),(738,379)
"la.65"bounds: (781,362),(820,360),(821,377),(782,379)
"HT"bounds: (737,400),(754,400),(754,411),(737,411)
"135b.1"bounds: (765,396),(813,395),(813,414),(765,415)
"+"bounds: (192,423),(208,423),(208,444),(192,444)
"BI"bounds: (219,422),(256,422),(256,447),(219,447)
"HT"bounds: (738,434),(754,434),(754,444),(738,444)
"94b.11"bounds: (764,426),(810,426),(810,445),(764,445)
"122a.6'"bounds: (824,426),(877,426),(877,445),(824,445)
"Wa"bounds: (889,434),(905,434),(905,445),(889,445)
"1019x?"bounds: (917,427),(964,427),(964,449),(917,449)
"*HT"bounds: (738,462),(762,462),(762,478),(738,478)
"135b.1"bounds: (772,460),(821,460),(821,481),(772,481)
"03-59-"bounds: (528,434),(577,434),(577,444),(528,444)
"24"bounds: (586,434),(604,434),(604,448),(586,448)
"IJ-34-59-"bounds: (461,464),(577,464),(577,487),(461,487)
"24"bounds: (586,468),(604,468),(604,483),(586,483)
"L"bounds: (606,461),(618,461),(618,487),(606,487)
"+Is"bounds: (191,485),(248,485),(248,516),(191,516)
"I"bounds: (250,485),(259,485),(259,516),(250,516)
"нT"bounds: (737,500),(754,500),(754,512),(737,512)
"115а.4,b.11"bounds: (765,495),(852,493),(852,514),(765,516)
"03-60-"bounds: (528,500),(577,502),(577,514),(528,512)
"24"bounds: (588,501),(602,502),(602,512),(588,511)
"08-03-60-"bounds: (502,534),(577,535),(577,547),(502,546)
"24"bounds: (588,535),(602,535),(602,549),(588,549)
"нT"bounds: (737,535),(754,534),(754,545),(737,546)
"9ба.1-2,b.11"bounds: (764,529),(860,526),(861,547),(765,550)
"08-80-60-"bounds: (502,568),(577,569),(577,579),(502,578)
"24"bounds: (586,566),(601,566),(601,582),(586,582)
"SK"bounds: (738,568),(754,567),(755,579),(739,580)
"Zb"bounds: (764,563),(786,562),(787,579),(765,580)
"1"bounds: (790,562),(798,562),(799,579),(791,579)
"个"bounds: (181,585),(214,586),(213,619),(180,618)
"位"bounds: (216,586),(236,586),(235,619),(215,619)
"王"bounds: (238,586),(253,586),(252,619),(237,619)
"史"bounds: (191,623),(236,623),(236,646),(191,646)
"王"bounds: (242,624),(257,624),(257,646),(242,646)
"HT"bounds: (737,602),(753,601),(754,613),(738,614)
"116a.5-61"bounds: (765,598),(835,594),(836,612),(766,616)
"нT"bounds: (738,636),(753,636),(753,646),(738,646)
"ъ.11"bounds: (764,628),(801,628),(801,646),(764,646)
"87.11"bounds: (815,627),(852,627),(852,646),(815,646)
"*94b.61"bounds: (864,628),(919,628),(919,646),(864,646)
"117Ъ.11"bounds: (933,628),(987,628),(987,647),(933,647)
"41-67-"bounds: (529,602),(576,602),(576,612),(529,612)
"24"bounds: (588,602),(601,602),(601,613),(588,613)
"21-69-"bounds: (522,624),(578,630),(575,652),(520,646)
"24"bounds: (586,634),(605,636),(603,653),(584,651)
"78-69-"bounds: (529,667),(577,670),(576,682),(528,679)
"24"bounds: (587,668),(604,669),(603,684),(586,683)
"нT"bounds: (737,669),(753,668),(754,680),(738,681)
"12.31"bounds: (764,663),(801,661),(802,679),(765,681)
"01-51-73-"bounds: (502,702),(576,702),(576,718),(502,718)
"24"bounds: (585,703),(603,703),(603,718),(585,718)
"KN"bounds: (738,703),(753,702),(754,713),(739,714)
"Zf"bounds: (763,703),(779,702),(780,713),(764,714)
"314"bounds: (788,697),(811,696),(812,713),(789,714)
"01-81-73-"bounds: (502,734),(576,735),(576,747),(502,746)
"24"bounds: (587,735),(601,735),(601,745),(587,745)
"*KN"bounds: (737,730),(761,730),(761,746),(737,746)
"ZE"bounds: (772,734),(787,734),(787,746),(772,746)
"314"bounds: (797,728),(820,728),(820,746),(797,746)
"7-77-"bounds: (527,766),(576,767),(576,786),(527,785)
"24"bounds: (585,771),(603,771),(603,785),(585,785)
"ARKH"bounds: (736,771),(770,769),(771,781),(737,783)
"3a.13"bounds: (779,765),(820,763),(821,781),(780,783)
"卫"bounds: (188,789),(210,789),(210,817),(188,817)
"田"bounds: (215,790),(235,790),(235,812),(215,812)
"王"bounds: (240,790),(254,790),(254,813),(240,813)
"目"bounds: (157,822),(184,822),(184,847),(157,847)
"92"bounds: (194,822),(234,822),(234,847),(194,847)
"王"bounds: (236,818),(257,818),(257,851),(236,851)
"*ARKH"bounds: (737,797),(778,796),(778,814),(737,815)
"3a.13"bounds: (788,796),(829,795),(829,814),(788,815)
"753-77-"bounds: (509,799),(576,798),(576,822),(509,823)
"24"bounds: (584,804),(603,804),(603,819),(584,819)
"757-26-80-"bounds: (485,833),(576,835),(576,854),(485,852)
"24"bounds: (584,832),(602,832),(602,855),(584,855)
"PH"bounds: (737,837),(753,836),(754,847),(738,848)
"7a.31"bounds: (763,832),(801,830),(802,847),(764,849)
"77-51-80-"bounds: (503,869),(576,871),(576,883),(503,881)
"24"bounds: (586,870),(603,870),(603,884),(586,884)
"НT"bounds: (732,866),(765,864),(766,883),(733,885)
"29.61"bounds: (763,865),(801,863),(802,881),(764,883)
"A"bounds: (173,934),(183,934),(183,951),(173,951)
"514"bounds: (185,937),(209,937),(209,949),(185,949)
"FOP"bounds: (245,928),(277,928),(277,950),(245,950)
"TY"bounds: (737,937),(753,936),(753,947),(737,948)
"3a.1-21"bounds: (763,932),(818,930),(819,948),(764,950)
"H"bounds: (366,935),(374,935),(374,946),(366,946)
"'24'L"bounds: (581,935),(635,935),(635,953),(581,953)
"767'"bounds: (645,934),(684,934),(684,952),(645,952)
"A"bounds: (181,966),(191,966),(191,984),(181,984)
"612"bounds: (193,966),(210,966),(210,984),(193,984)
"302+"bounds: (544,970),(576,971),(576,982),(544,981)
"24"bounds: (587,971),(601,971),(601,981),(587,981)
"HT"bounds: (737,971),(753,971),(753,981),(737,981)
"23a.1'"bounds: (764,964),(809,964),(809,982),(764,982)
"32.1.41"bounds: (822,964),(877,964),(877,982),(822,982)
"100.5'"bounds: (891,964),(936,964),(936,982),(891,982)
"TY"bounds: (737,1005),(753,1005),(753,1015),(737,1015)
"3b.3"bounds: (763,998),(797,998),(797,1016),(763,1016)
"181"bounds: (1135,1512),(1165,1512),(1165,1529),(1135,1529)