Texts:

"KH Wc 2024
-[3,90]x [4,4o]x 0,80 cm., tou
dans
a ke
KH Wc 2025
123
"bounds: (31,69),(1166,69),(1166,1531),(31,1531)
"KH"bounds: (31,70),(69,70),(69,86),(31,86)
"Wc"bounds: (85,70),(119,70),(119,86),(85,86)
"2024"bounds: (135,69),(185,69),(185,85),(135,85)
"-[3,90]x"bounds: (723,556),(795,557),(795,575),(723,574)
"[4,4o]x"bounds: (801,556),(862,556),(862,573),(801,573)
"0,80"bounds: (872,561),(901,561),(901,572),(872,572)
"cm.,"bounds: (907,564),(935,564),(935,573),(907,573)
"tou"bounds: (942,558),(972,558),(972,570),(942,570)
"dans"bounds: (725,589),(759,590),(759,603),(725,602)
"a"bounds: (778,594),(785,594),(785,603),(778,603)
"ke"bounds: (787,594),(798,594),(798,603),(787,603)
"KH"bounds: (65,868),(103,868),(103,885),(65,885)
"Wc"bounds: (119,868),(154,868),(154,885),(119,885)
"2025"bounds: (169,868),(219,868),(219,885),(169,885)
"123"bounds: (1132,1512),(1166,1511),(1166,1530),(1132,1531)