Texts:

"XX
INSCRIPTIONS EN LINÉAIRE A
Рарарosto-
No d'inven-
GORILA
Hallager
lou-Godart-
Date de
Lieu de
taire
1975
Olivier
trouvaille
trouvaille
Khania M.
1976
O. Kanévaro
O. Kanévaro
O. Kanévaro
KH Wc 2001
2001
1968
2001
KH Wc 2002
KH Wc 2003
KH Wc 2004
KH Wc 2005
KH Wc 2006
KH Wc 2007
KH Wc 2008
KH Wc 2009
KH Wc 2010
KH Wc 2011
KH Wc 2012
KH Wc 2013
KH Wc 2014
KH Wc 2015
KH Wc 2016
2002
1968
2002
2003
1968
2003
2004
1970
Pl. A. Aik.
2004
Pl. A. Aik.
О. Katre
О. Katre
O. Katré
O. Katré
О. Katre
О. Katre
O. Katré
О. Katre
O. Katré
О. Кatre
O. Katré
О. Katre
О. Кatre
O. Katré
О. Katre
O. Katré
О. Katre
О. Katre
О. Katre
O. Katré
О. Katre
O. Katré
O. Katré
О. Katre
O. Katré
O. Katré
O. Katré
О. Katre
O. Katré
О. Katre
O. Katré
О. Katre
O. Katré
О. Katre
2005
1971
2005
2006
1973
2006
2007
1973
2007
2008
1973
2008
2009
1973
2009
2010
1973
2010
2011
1973
2011
2012
1973
2012
2013
1973
2013
2014
1973
2014
2015
1973
2015
2016
1973
2016
KH Wc 2017
KH Wc 2018
KH Wc 2019
KH Wc 2020
KH Wc 2021
KH Wc 2022
2017
1973
2017
2018
1973
2018
2019
1973
2019
2020
1973
2020
2021
1973
2021
2022
1973
2022
KH Wc 2023
2023
1973
2023
2024
2025
KH Wc 2024
2024
2025
1973
KH Wc 2025
KH Wc 2026
1973
2026
1973
2026
KH Wc 2027
KH Wc 2028
KH Wc 2029
KH Wc 2030
KH Wc 2031
KH Wc 2032
KH Wc 2033
KH Wc 2034
KH Wc 2035
KH Wc 2036
KH Wc 2037
2027
1973
2027
2028
1973
2028
1973
2029
2030
2029
2030
1973
2031
1973
2031
2032
2033
1973
2032
1973
2033
2034
1973
2034
2035
1973
2035
2036
1973
2036
2037
1973
2037
KH Wc 2038
KH Wc 2039
2038
2039
2038
1973
2039
1973
"bounds: (265,182),(1048,182),(1048,1318),(265,1318)
"XX"bounds: (265,183),(288,183),(288,193),(265,193)
"INSCRIPTIONS"bounds: (530,185),(646,185),(646,195),(530,195)
"EN"bounds: (659,186),(680,186),(680,195),(659,195)
"LINÉAIRE"bounds: (693,182),(773,182),(773,196),(693,196)
"A"bounds: (786,187),(796,187),(796,196),(786,196)
"Рарарosto-"bounds: (595,257),(679,257),(679,271),(595,271)
"No"bounds: (953,262),(990,262),(990,277),(953,277)
"d'inven-"bounds: (992,262),(1048,262),(1048,278),(992,278)
"GORILA"bounds: (311,281),(365,282),(365,293),(311,292)
"Hallager"bounds: (506,276),(569,276),(569,290),(506,290)
"lou-Godart-"bounds: (593,277),(680,277),(680,287),(593,287)
"Date"bounds: (722,277),(756,277),(756,287),(722,287)
"de"bounds: (764,277),(779,277),(779,287),(764,287)
"Lieu"bounds: (850,277),(881,278),(881,289),(850,288)
"de"bounds: (889,278),(905,278),(905,288),(889,288)
"taire"bounds: (986,285),(1019,285),(1019,296),(986,296)
"1975"bounds: (522,296),(554,296),(554,306),(522,306)
"Olivier"bounds: (612,296),(662,297),(662,308),(612,307)
"trouvaille"bounds: (714,297),(785,297),(785,307),(714,307)
"trouvaille"bounds: (842,297),(912,296),(912,307),(842,308)
"Khania"bounds: (963,304),(1017,304),(1017,315),(963,315)
"M."bounds: (1026,304),(1042,304),(1042,315),(1026,315)
"1976"bounds: (621,317),(653,317),(653,327),(621,327)
"O."bounds: (826,373),(851,373),(851,391),(826,391)
"Kanévaro"bounds: (848,376),(934,376),(934,391),(848,391)
"O."bounds: (824,398),(853,398),(853,417),(824,417)
"Kanévaro"bounds: (848,400),(934,400),(934,414),(848,414)
"O."bounds: (824,422),(853,422),(853,441),(824,441)
"Kanévaro"bounds: (848,424),(934,424),(934,439),(848,439)
"KH"bounds: (278,375),(311,375),(311,389),(278,389)
"Wc"bounds: (319,375),(348,375),(348,389),(319,389)
"2001"bounds: (357,374),(397,374),(397,389),(357,389)
"2001"bounds: (516,375),(554,375),(554,389),(516,389)
"1968"bounds: (731,376),(769,375),(769,389),(731,390)
"2001"bounds: (982,377),(1020,377),(1020,391),(982,391)
"KH"bounds: (278,399),(311,399),(311,413),(278,413)
"Wc"bounds: (320,399),(348,399),(348,414),(320,414)
"2002"bounds: (357,399),(398,399),(398,414),(357,414)
"KH"bounds: (279,423),(311,423),(311,438),(279,438)
"Wc"bounds: (320,423),(348,423),(348,439),(320,439)
"2003"bounds: (357,424),(398,424),(398,439),(357,439)
"KH"bounds: (279,448),(311,448),(311,462),(279,462)
"Wc"bounds: (320,448),(348,448),(348,463),(320,463)
"2004"bounds: (357,448),(398,448),(398,464),(357,464)
"KH"bounds: (279,472),(311,472),(311,487),(279,487)
"Wc"bounds: (320,472),(348,472),(348,487),(320,487)
"2005"bounds: (358,473),(398,473),(398,488),(358,488)
"KH"bounds: (279,497),(311,497),(311,511),(279,511)
"Wc"bounds: (320,497),(348,497),(348,512),(320,512)
"2006"bounds: (358,496),(398,496),(398,512),(358,512)
"KH"bounds: (279,521),(311,521),(311,535),(279,535)
"Wc"bounds: (320,521),(348,521),(348,536),(320,536)
"2007"bounds: (358,521),(398,521),(398,536),(358,536)
"KH"bounds: (279,545),(311,545),(311,559),(279,559)
"Wc"bounds: (320,546),(348,546),(348,560),(320,560)
"2008"bounds: (358,546),(398,546),(398,561),(358,561)
"KH"bounds: (279,569),(311,569),(311,584),(279,584)
"Wc"bounds: (320,570),(349,570),(349,585),(320,585)
"2009"bounds: (358,569),(398,570),(398,587),(358,586)
"KH"bounds: (279,594),(311,594),(311,608),(279,608)
"Wc"bounds: (320,594),(348,594),(348,609),(320,609)
"2010"bounds: (358,594),(398,594),(398,610),(358,610)
"KH"bounds: (279,618),(312,619),(312,634),(279,633)
"Wc"bounds: (320,619),(348,620),(348,634),(320,633)
"2011"bounds: (358,617),(398,618),(398,635),(358,634)
"KH"bounds: (279,643),(311,643),(311,657),(279,657)
"Wc"bounds: (320,644),(348,644),(348,658),(320,658)
"2012"bounds: (358,642),(398,643),(398,660),(358,659)
"KH"bounds: (279,667),(312,668),(312,682),(279,681)
"Wc"bounds: (320,668),(348,668),(348,682),(320,682)
"2013"bounds: (358,666),(398,667),(398,684),(358,683)
"KH"bounds: (279,691),(311,691),(311,706),(279,706)
"Wc"bounds: (320,692),(348,692),(348,707),(320,707)
"2014"bounds: (358,691),(398,691),(398,708),(358,708)
"KH"bounds: (279,716),(311,716),(311,730),(279,730)
"Wc"bounds: (320,717),(349,717),(349,731),(320,731)
"2015"bounds: (358,716),(398,716),(398,731),(358,731)
"KH"bounds: (279,740),(311,740),(311,754),(279,754)
"Wc"bounds: (320,741),(348,741),(348,755),(320,755)
"2016"bounds: (357,741),(398,741),(398,756),(357,756)
"2002"bounds: (517,399),(557,400),(557,414),(517,413)
"1968"bounds: (731,399),(769,398),(769,413),(731,414)
"2002"bounds: (982,400),(1022,401),(1022,417),(982,416)
"2003"bounds: (517,423),(556,422),(556,437),(517,438)
"1968"bounds: (731,424),(769,423),(769,437),(731,438)
"2003"bounds: (982,425),(1022,425),(1022,439),(982,439)
"2004"bounds: (517,448),(556,448),(556,462),(517,462)
"1970"bounds: (731,449),(769,448),(769,462),(731,463)
"Pl."bounds: (829,449),(851,449),(851,462),(829,462)
"A."bounds: (861,449),(878,449),(878,462),(861,462)
"Aik."bounds: (889,449),(924,449),(924,463),(889,463)
"2004"bounds: (982,448),(1022,449),(1022,464),(982,463)
"Pl."bounds: (829,473),(851,473),(851,487),(829,487)
"A."bounds: (861,473),(879,473),(879,487),(861,487)
"Aik."bounds: (889,473),(924,473),(924,487),(889,487)
"О."bounds: (837,495),(866,495),(866,513),(837,513)
"Katre"bounds: (865,498),(915,498),(915,511),(865,511)
"О."bounds: (838,520),(867,520),(867,538),(838,538)
"Katre"bounds: (866,521),(915,521),(915,537),(866,537)
"O."bounds: (843,544),(870,544),(870,562),(843,562)
"Katré"bounds: (866,546),(915,546),(915,560),(866,560)
"O."bounds: (842,567),(870,567),(870,586),(842,586)
"Katré"bounds: (866,570),(915,570),(915,584),(866,584)
"О."bounds: (838,593),(865,593),(865,610),(838,610)
"Katre"bounds: (865,594),(915,594),(915,610),(865,610)
"О."bounds: (837,617),(866,617),(866,635),(837,635)
"Katre"bounds: (866,618),(915,618),(915,634),(866,634)
"O."bounds: (842,641),(870,641),(870,660),(842,660)
"Katré"bounds: (865,644),(915,644),(915,657),(865,657)
"О."bounds: (837,665),(866,665),(866,683),(837,683)
"Katre"bounds: (866,668),(915,667),(915,681),(866,682)
"O."bounds: (843,689),(868,688),(868,707),(843,708)
"Katré"bounds: (866,692),(915,691),(915,706),(866,707)
"О."bounds: (837,714),(866,714),(866,732),(837,732)
"Кatre"bounds: (865,717),(915,717),(915,731),(865,731)
"O."bounds: (842,738),(871,738),(871,757),(842,757)
"Katré"bounds: (865,741),(915,741),(915,755),(865,755)
"О."bounds: (838,763),(867,763),(867,781),(838,781)
"Katre"bounds: (866,766),(915,766),(915,780),(866,780)
"О."bounds: (837,787),(866,787),(866,806),(837,806)
"Кatre"bounds: (866,790),(915,789),(915,804),(866,805)
"O."bounds: (842,811),(871,811),(871,830),(842,830)
"Katré"bounds: (866,813),(915,812),(915,828),(866,829)
"О."bounds: (836,837),(863,836),(864,854),(837,855)
"Katre"bounds: (865,838),(915,837),(915,853),(865,854)
"O."bounds: (841,860),(869,860),(869,879),(841,879)
"Katré"bounds: (874,860),(919,860),(919,879),(874,879)
"О."bounds: (837,885),(866,885),(866,903),(837,903)
"Katre"bounds: (866,887),(915,887),(915,902),(866,902)
"О."bounds: (839,909),(866,909),(866,927),(839,927)
"Katre"bounds: (866,912),(915,912),(915,925),(866,925)
"О."bounds: (837,933),(866,933),(866,951),(837,951)
"Katre"bounds: (865,936),(915,936),(915,950),(865,950)
"O."bounds: (842,957),(870,957),(870,976),(842,976)
"Katré"bounds: (865,960),(915,960),(915,974),(865,974)
"О."bounds: (837,982),(866,982),(866,1000),(837,1000)
"Katre"bounds: (866,984),(915,983),(915,998),(866,999)
"O."bounds: (843,1006),(868,1006),(868,1024),(843,1024)
"Katré"bounds: (865,1009),(915,1009),(915,1022),(865,1022)
"O."bounds: (842,1029),(871,1029),(871,1048),(842,1048)
"Katré"bounds: (866,1033),(915,1033),(915,1047),(866,1047)
"О."bounds: (837,1055),(866,1055),(866,1073),(837,1073)
"Katre"bounds: (866,1057),(915,1056),(915,1071),(866,1072)
"O."bounds: (841,1079),(869,1079),(869,1098),(841,1098)
"Katré"bounds: (866,1082),(915,1081),(915,1096),(866,1097)
"O."bounds: (840,1105),(875,1104),(876,1123),(841,1124)
"Katré"bounds: (877,1103),(918,1101),(919,1121),(878,1123)
"O."bounds: (841,1128),(869,1128),(869,1147),(841,1147)
"Katré"bounds: (865,1131),(915,1131),(915,1145),(865,1145)
"О."bounds: (839,1154),(863,1154),(863,1172),(839,1172)
"Katre"bounds: (866,1155),(915,1154),(915,1169),(866,1170)
"O."bounds: (843,1177),(870,1177),(870,1195),(843,1195)
"Katré"bounds: (865,1179),(915,1179),(915,1194),(865,1194)
"О."bounds: (837,1202),(864,1202),(864,1219),(837,1219)
"Katre"bounds: (865,1204),(915,1204),(915,1218),(865,1218)
"O."bounds: (841,1226),(869,1226),(869,1245),(841,1245)
"Katré"bounds: (865,1229),(915,1229),(915,1242),(865,1242)
"О."bounds: (837,1251),(866,1251),(866,1269),(837,1269)
"Katre"bounds: (865,1253),(914,1253),(914,1267),(865,1267)
"O."bounds: (840,1275),(868,1275),(868,1294),(840,1294)
"Katré"bounds: (864,1278),(914,1278),(914,1291),(864,1291)
"О."bounds: (836,1299),(865,1298),(865,1317),(836,1318)
"Katre"bounds: (865,1302),(914,1301),(914,1317),(865,1318)
"2005"bounds: (517,473),(557,473),(557,486),(517,486)
"1971"bounds: (731,473),(766,473),(766,487),(731,487)
"2005"bounds: (982,474),(1022,473),(1022,487),(982,488)
"2006"bounds: (616,498),(656,497),(656,511),(616,512)
"1973"bounds: (731,498),(769,498),(769,511),(731,511)
"2006"bounds: (982,498),(1022,497),(1022,511),(982,512)
"2007"bounds: (616,522),(656,521),(656,535),(616,536)
"1973"bounds: (731,522),(769,522),(769,536),(731,536)
"2007"bounds: (982,523),(1022,522),(1022,536),(982,537)
"2008"bounds: (615,546),(656,545),(656,559),(615,560)
"1973"bounds: (731,546),(769,546),(769,560),(731,560)
"2008"bounds: (982,547),(1022,546),(1022,560),(982,561)
"2009"bounds: (616,570),(656,569),(656,584),(616,585)
"1973"bounds: (731,570),(769,569),(769,583),(731,584)
"2009"bounds: (982,570),(1022,569),(1022,584),(982,585)
"2010"bounds: (616,595),(656,594),(656,608),(616,609)
"1973"bounds: (731,595),(769,595),(769,609),(731,609)
"2010"bounds: (982,595),(1022,594),(1022,608),(982,609)
"2011"bounds: (616,619),(653,619),(653,633),(616,633)
"1973"bounds: (731,619),(768,619),(768,632),(731,633)
"2011"bounds: (982,619),(1020,618),(1020,633),(982,634)
"2012"bounds: (616,644),(656,644),(656,658),(616,658)
"1973"bounds: (731,644),(768,644),(768,657),(731,657)
"2012"bounds: (982,644),(1022,644),(1022,658),(982,658)
"2013"bounds: (616,668),(655,668),(655,682),(616,682)
"1973"bounds: (731,668),(769,668),(769,682),(731,682)
"2013"bounds: (982,669),(1021,668),(1021,682),(982,683)
"2014"bounds: (616,692),(656,692),(656,706),(616,706)
"1973"bounds: (731,692),(769,692),(769,706),(731,706)
"2014"bounds: (982,691),(1022,692),(1022,708),(982,707)
"2015"bounds: (616,716),(656,717),(656,733),(616,732)
"1973"bounds: (731,716),(769,717),(769,731),(731,730)
"2015"bounds: (982,717),(1022,717),(1022,731),(982,731)
"2016"bounds: (616,741),(656,740),(656,754),(616,755)
"1973"bounds: (731,741),(769,741),(769,755),(731,755)
"2016"bounds: (982,741),(1022,740),(1022,754),(982,755)
"KH"bounds: (279,765),(311,765),(311,779),(279,779)
"Wc"bounds: (320,766),(348,766),(348,780),(320,780)
"2017"bounds: (358,765),(398,765),(398,780),(358,780)
"KH"bounds: (279,789),(312,789),(312,803),(279,803)
"Wc"bounds: (320,790),(349,790),(349,805),(320,805)
"2018"bounds: (358,790),(398,791),(398,805),(358,804)
"KH"bounds: (279,813),(312,814),(312,828),(279,827)
"Wc"bounds: (320,814),(349,815),(349,830),(320,829)
"2019"bounds: (358,813),(398,814),(398,830),(358,829)
"KH"bounds: (279,837),(312,837),(312,851),(279,851)
"Wc"bounds: (320,839),(348,839),(348,853),(320,853)
"2020"bounds: (358,838),(398,838),(398,853),(358,853)
"KH"bounds: (279,861),(312,862),(312,877),(279,876)
"Wc"bounds: (320,863),(348,863),(348,877),(320,877)
"2021"bounds: (358,862),(398,863),(398,879),(358,878)
"KH"bounds: (279,886),(312,887),(312,901),(279,900)
"Wc"bounds: (320,887),(349,888),(349,902),(320,901)
"2022"bounds: (358,886),(398,887),(398,903),(358,902)
"2017"bounds: (616,766),(655,764),(656,779),(617,781)
"1973"bounds: (731,765),(769,765),(769,779),(731,779)
"2017"bounds: (982,766),(1022,765),(1022,779),(982,780)
"2018"bounds: (616,790),(656,790),(656,804),(616,804)
"1973"bounds: (731,789),(769,790),(769,804),(731,803)
"2018"bounds: (982,788),(1022,790),(1021,806),(981,804)
"2019"bounds: (616,814),(656,814),(656,828),(616,828)
"1973"bounds: (731,814),(769,813),(769,827),(731,828)
"2019"bounds: (982,815),(1022,814),(1022,828),(982,829)
"2020"bounds: (616,839),(656,839),(656,853),(616,853)
"1973"bounds: (731,838),(769,837),(769,851),(731,852)
"2020"bounds: (982,838),(1022,837),(1022,852),(982,853)
"2021"bounds: (616,863),(653,863),(653,877),(616,877)
"1973"bounds: (731,863),(769,863),(769,877),(731,877)
"2021"bounds: (982,863),(1019,863),(1019,877),(982,877)
"2022"bounds: (616,885),(657,888),(656,905),(615,902)
"1973"bounds: (731,887),(768,887),(768,901),(731,901)
"2022"bounds: (982,888),(1022,888),(1022,902),(982,902)
"KH"bounds: (279,910),(312,910),(312,925),(279,925)
"Wc"bounds: (320,912),(349,912),(349,926),(320,926)
"2023"bounds: (358,911),(398,912),(398,928),(358,927)
"2023"bounds: (616,912),(656,912),(656,926),(616,926)
"1973"bounds: (730,912),(769,912),(769,926),(730,926)
"2023"bounds: (982,912),(1021,912),(1021,925),(982,926)
"2024"bounds: (981,935),(1021,933),(1022,949),(982,951)
"2025"bounds: (982,959),(1022,960),(1022,976),(982,975)
"KH"bounds: (279,934),(312,935),(312,950),(279,949)
"Wc"bounds: (320,936),(348,937),(348,951),(320,950)
"2024"bounds: (358,935),(398,936),(398,952),(358,951)
"2024"bounds: (616,935),(656,936),(656,952),(616,951)
"2025"bounds: (616,957),(656,960),(655,977),(615,974)
"1973"bounds: (731,936),(768,936),(768,950),(731,950)
"KH"bounds: (279,959),(311,959),(311,973),(279,973)
"Wc"bounds: (320,959),(348,959),(348,975),(320,975)
"2025"bounds: (358,960),(398,960),(398,975),(358,975)
"KH"bounds: (279,983),(311,984),(311,998),(279,997)
"Wc"bounds: (320,984),(348,985),(348,1000),(320,999)
"2026"bounds: (358,983),(398,984),(398,1000),(358,999)
"1973"bounds: (731,960),(768,960),(768,974),(731,974)
"2026"bounds: (616,985),(656,985),(656,998),(616,998)
"1973"bounds: (731,985),(768,985),(768,998),(731,998)
"2026"bounds: (982,984),(1022,984),(1022,998),(982,998)
"KH"bounds: (279,1008),(311,1008),(311,1022),(279,1022)
"Wc"bounds: (320,1009),(348,1009),(348,1023),(320,1023)
"2027"bounds: (357,1009),(398,1009),(398,1023),(357,1023)
"KH"bounds: (279,1032),(311,1032),(311,1047),(279,1047)
"Wc"bounds: (320,1033),(348,1033),(348,1048),(320,1048)
"2028"bounds: (357,1033),(398,1033),(398,1048),(357,1048)
"KH"bounds: (279,1056),(311,1057),(311,1072),(279,1071)
"Wc"bounds: (320,1058),(348,1058),(348,1072),(320,1072)
"2029"bounds: (357,1057),(398,1058),(398,1074),(357,1073)
"KH"bounds: (279,1081),(311,1082),(311,1096),(279,1095)
"Wc"bounds: (320,1082),(348,1083),(348,1097),(320,1097)
"2030"bounds: (357,1081),(398,1082),(398,1098),(357,1097)
"KH"bounds: (279,1105),(311,1105),(311,1120),(279,1120)
"Wc"bounds: (320,1106),(348,1106),(348,1121),(320,1121)
"2031"bounds: (357,1107),(397,1107),(397,1122),(357,1122)
"KH"bounds: (279,1130),(311,1130),(311,1144),(279,1144)
"Wc"bounds: (320,1131),(348,1131),(348,1146),(320,1146)
"2032"bounds: (357,1131),(398,1132),(398,1148),(357,1147)
"KH"bounds: (279,1154),(311,1154),(311,1169),(279,1169)
"Wc"bounds: (320,1156),(348,1156),(348,1170),(320,1170)
"2033"bounds: (357,1155),(398,1156),(398,1172),(357,1171)
"KH"bounds: (279,1179),(311,1179),(311,1193),(279,1193)
"Wc"bounds: (320,1180),(348,1180),(348,1194),(320,1194)
"2034"bounds: (357,1180),(398,1180),(398,1195),(357,1195)
"KH"bounds: (279,1203),(311,1203),(311,1218),(279,1218)
"Wc"bounds: (320,1205),(348,1205),(348,1219),(320,1219)
"2035"bounds: (357,1204),(398,1204),(398,1219),(357,1219)
"KH"bounds: (279,1227),(311,1227),(311,1242),(279,1242)
"Wc"bounds: (320,1229),(348,1229),(348,1243),(320,1243)
"2036"bounds: (357,1228),(398,1229),(398,1245),(357,1244)
"KH"bounds: (278,1252),(311,1253),(311,1267),(278,1266)
"Wc"bounds: (320,1253),(348,1253),(348,1268),(320,1268)
"2037"bounds: (357,1252),(397,1253),(397,1269),(357,1268)
"2027"bounds: (616,1009),(655,1010),(655,1024),(616,1023)
"1973"bounds: (731,1009),(768,1009),(768,1022),(731,1022)
"2027"bounds: (982,1008),(1021,1009),(1021,1024),(982,1023)
"2028"bounds: (616,1033),(655,1033),(655,1047),(616,1047)
"1973"bounds: (731,1033),(768,1033),(768,1047),(731,1047)
"2028"bounds: (981,1033),(1022,1033),(1022,1047),(981,1047)
"1973"bounds: (731,1057),(769,1058),(769,1073),(731,1072)
"2029"bounds: (982,1057),(1022,1057),(1022,1072),(982,1072)
"2030"bounds: (982,1080),(1023,1082),(1022,1098),(981,1096)
"2029"bounds: (616,1058),(656,1058),(656,1072),(616,1072)
"2030"bounds: (616,1082),(656,1082),(656,1096),(616,1096)
"1973"bounds: (731,1082),(768,1082),(768,1096),(731,1096)
"2031"bounds: (616,1107),(652,1107),(652,1121),(616,1121)
"1973"bounds: (731,1106),(768,1106),(768,1121),(731,1121)
"2031"bounds: (982,1106),(1019,1105),(1019,1120),(982,1121)
"2032"bounds: (615,1131),(656,1131),(656,1146),(615,1146)
"2033"bounds: (616,1155),(655,1154),(655,1169),(616,1170)
"1973"bounds: (731,1131),(768,1131),(768,1145),(731,1145)
"2032"bounds: (982,1131),(1022,1131),(1022,1145),(982,1145)
"1973"bounds: (730,1155),(768,1155),(768,1169),(730,1169)
"2033"bounds: (981,1155),(1021,1154),(1021,1168),(981,1169)
"2034"bounds: (615,1180),(655,1180),(655,1194),(615,1194)
"1973"bounds: (730,1180),(768,1180),(768,1194),(730,1194)
"2034"bounds: (982,1180),(1021,1179),(1021,1193),(982,1194)
"2035"bounds: (615,1204),(655,1204),(655,1218),(615,1218)
"1973"bounds: (730,1204),(768,1204),(768,1218),(730,1218)
"2035"bounds: (981,1203),(1021,1202),(1021,1217),(981,1218)
"2036"bounds: (615,1229),(655,1229),(655,1243),(615,1243)
"1973"bounds: (730,1229),(768,1229),(768,1242),(730,1242)
"2036"bounds: (981,1228),(1021,1228),(1021,1242),(981,1242)
"2037"bounds: (615,1253),(655,1253),(655,1267),(615,1267)
"1973"bounds: (730,1253),(768,1252),(768,1267),(730,1268)
"2037"bounds: (981,1252),(1021,1251),(1021,1266),(981,1267)
"KH"bounds: (278,1277),(311,1277),(311,1291),(278,1291)
"Wc"bounds: (320,1278),(348,1278),(348,1292),(320,1292)
"2038"bounds: (357,1278),(397,1278),(397,1292),(357,1292)
"KH"bounds: (278,1301),(311,1301),(311,1315),(278,1315)
"Wc"bounds: (319,1302),(347,1302),(347,1316),(319,1316)
"2039"bounds: (357,1302),(397,1302),(397,1317),(357,1317)
"2038"bounds: (981,1277),(1021,1276),(1021,1291),(981,1292)
"2039"bounds: (981,1301),(1021,1302),(1021,1317),(981,1316)
"2038"bounds: (615,1277),(655,1276),(655,1291),(615,1292)
"1973"bounds: (730,1278),(768,1278),(768,1292),(730,1292)
"2039"bounds: (615,1302),(655,1302),(655,1316),(615,1316)
"1973"bounds: (730,1302),(767,1302),(767,1316),(730,1316)