Texts:

"78
08-51-T.7- 28
*TY 3a.3'
31-02- 78
IT 73/+_762.31
77-03- 78
нТ ба.4-51
81-73-06- 78
HT Wc 3014a-h2
781-73-06- 78
HT 54a.2'
+ HO
03-55- 78
ZA 14.43
57- 78
XHT 37.61
上目O
7-57- 78
KN Za 174
03-59- 78
HT 31.6'
38-66- 78
PH WC 452
A 505
H
07 '78'
HT 101.3'
A 537
'56''78'
HT 33.41
A 542
to
65+317 '78'
HT 89,21
A 555
'78' 120+03
ZA 11a.43
A 578
HT 18.1' 28a.11 36.1' 99a.2' 101.1'
120 '78'
A 623
HT 121.1
'302' '78''07'
261
"bounds: (162,96),(1166,96),(1166,1532),(162,1532)
"78"bounds: (1057,96),(1074,96),(1074,109),(1057,109)
"08-51-T.7-"bounds: (481,159),(581,159),(581,183),(481,183)
"28"bounds: (592,162),(606,162),(606,182),(592,182)
"*TY"bounds: (733,155),(757,155),(757,171),(733,171)
"3a.3'"bounds: (768,152),(805,151),(805,170),(768,171)
"31-02-"bounds: (533,197),(581,197),(581,207),(533,207)
"78"bounds: (589,193),(608,193),(608,210),(589,210)
"IT"bounds: (733,195),(749,195),(749,206),(733,206)
"73/+_762.31"bounds: (760,189),(856,186),(857,208),(761,211)
"77-03-"bounds: (533,230),(581,230),(581,241),(533,241)
"78"bounds: (592,231),(606,231),(606,241),(592,241)
"нТ"bounds: (725,224),(763,222),(764,241),(726,243)
"ба.4-51"bounds: (765,221),(816,218),(817,238),(766,241)
"81-73-06-"bounds: (508,263),(581,264),(581,276),(508,275)
"78"bounds: (592,263),(605,263),(605,278),(592,278)
"HT"bounds: (733,263),(750,262),(751,273),(734,274)
"Wc"bounds: (759,262),(774,261),(775,272),(760,273)
"3014a-h2"bounds: (784,256),(850,253),(851,271),(785,274)
"781-73-06-"bounds: (491,295),(582,294),(582,313),(491,314)
"78"bounds: (587,292),(609,292),(609,315),(587,315)
"HT"bounds: (734,296),(750,295),(751,306),(735,307)
"54a.2'"bounds: (761,290),(807,286),(808,305),(762,309)
"+"bounds: (203,326),(218,326),(218,350),(203,350)
"HO"bounds: (228,327),(267,327),(267,351),(228,351)
"03-55-"bounds: (533,332),(582,333),(582,344),(533,343)
"78"bounds: (594,331),(607,331),(607,342),(594,342)
"ZA"bounds: (735,329),(750,328),(751,340),(736,341)
"14.43"bounds: (761,323),(800,320),(801,338),(763,341)
"57-"bounds: (559,367),(582,367),(582,377),(559,377)
"78"bounds: (594,365),(608,365),(608,377),(594,377)
"XHT"bounds: (735,358),(759,357),(760,374),(736,375)
"37.61"bounds: (769,355),(807,354),(808,375),(770,376)
"上"bounds: (210,393),(223,393),(223,417),(210,417)
"目"bounds: (229,394),(240,394),(240,418),(229,418)
"O"bounds: (246,395),(267,395),(267,418),(246,418)
"7-57-"bounds: (534,397),(583,398),(583,418),(534,417)
"78"bounds: (592,400),(610,400),(610,416),(592,416)
"KN"bounds: (736,397),(751,396),(752,409),(737,410)
"Za"bounds: (761,397),(775,396),(776,409),(762,410)
"174"bounds: (787,392),(809,390),(810,406),(788,408)
"03-59-"bounds: (535,434),(583,435),(583,445),(535,444)
"78"bounds: (595,434),(608,434),(608,444),(595,444)
"HT"bounds: (736,431),(752,430),(752,441),(736,442)
"31.6'"bounds: (761,425),(799,423),(800,441),(762,443)
"38-66-"bounds: (536,467),(584,468),(584,479),(536,478)
"78"bounds: (595,468),(609,468),(609,477),(595,477)
"PH"bounds: (736,465),(753,463),(754,475),(737,477)
"WC"bounds: (761,461),(783,459),(785,477),(763,479)
"452"bounds: (787,459),(812,457),(813,474),(789,476)
"A"bounds: (167,534),(176,534),(176,550),(167,550)
"505"bounds: (181,536),(203,536),(203,548),(181,548)
"H"bounds: (367,536),(374,536),(374,547),(367,547)
"07"bounds: (559,534),(585,533),(586,549),(560,550)
"'78'"bounds: (590,534),(618,533),(619,545),(591,546)
"HT"bounds: (737,532),(753,531),(754,543),(738,544)
"101.3'"bounds: (764,527),(810,523),(811,542),(765,546)
"A"bounds: (162,571),(170,571),(170,581),(162,581)
"537"bounds: (181,570),(203,570),(203,581),(181,581)
"'56''78'"bounds: (557,567),(618,568),(618,580),(557,579)
"HT"bounds: (737,566),(753,565),(754,575),(738,577)
"33.41"bounds: (762,560),(802,556),(803,574),(764,578)
"A"bounds: (168,601),(176,601),(176,616),(168,616)
"542"bounds: (181,603),(203,603),(203,615),(181,615)
"to"bounds: (236,595),(261,595),(261,617),(236,617)
"65+317"bounds: (529,603),(577,602),(577,612),(529,613)
"'78'"bounds: (591,601),(618,600),(618,612),(591,613)
"HT"bounds: (737,598),(754,597),(755,610),(738,611)
"89,21"bounds: (764,593),(803,590),(804,608),(765,611)
"A"bounds: (169,635),(177,635),(177,650),(169,650)
"555"bounds: (181,637),(204,637),(204,649),(181,649)
"'78'"bounds: (592,636),(619,636),(619,645),(592,645)
"120+03"bounds: (631,635),(678,635),(678,645),(631,645)
"ZA"bounds: (739,633),(754,632),(755,643),(740,644)
"11a.43"bounds: (766,628),(813,624),(814,642),(768,646)
"A"bounds: (168,669),(177,669),(177,684),(168,684)
"578"bounds: (182,672),(204,672),(204,683),(182,683)
"HT"bounds: (739,667),(755,667),(755,677),(739,677)
"18.1'"bounds: (767,659),(803,658),(803,676),(767,677)
"28a.11"bounds: (816,657),(862,656),(862,675),(816,676)
"36.1'"bounds: (875,657),(913,656),(913,674),(875,675)
"99a.2'"bounds: (926,657),(972,656),(972,674),(926,675)
"101.1'"bounds: (986,655),(1031,654),(1031,674),(986,675)
"120"bounds: (555,669),(579,668),(579,679),(555,680)
"'78'"bounds: (592,669),(620,668),(620,678),(592,679)
"A"bounds: (172,702),(180,702),(180,715),(172,715)
"623"bounds: (182,705),(204,705),(204,715),(182,715)
"HT"bounds: (738,701),(755,700),(756,711),(739,712)
"121.1"bounds: (764,693),(806,690),(807,711),(766,714)
"'302'"bounds: (549,702),(585,702),(585,712),(549,712)
"'78''07'"bounds: (592,702),(653,702),(653,712),(592,712)
"261"bounds: (1131,1514),(1166,1514),(1166,1532),(1131,1532)