Texts:

"XII
AVANT-PROPOS
reprise par M. Petrarca dans Brice 1961, pl. XXVI, celle de KN (?) We 26
reprise par E. Séraf dans Mühlestein 1958, pl. 1, celle de MA Wc <5>
reprise par E. Séraf dans Chapouthier 1948, fig. 2 et enfin celles de PH
Wb 34 et PH Wc <47> reprises par E. Séraf dans Pugliese 1958, p. 375
et p. 378.
Les dessins des deux pièces non retrouvées d'Haghia Triada sont
d'E. Stefani (photos prises par E. Séraf dans Levi 1926 fig. 22 pour
HT Wc <3018> et fig. 25 pour HT Wa <1021 bis>); le dessin de
KN Wc <24> est d'Evans (photo prise par E. Séraf dans Brice 1961,
pl. XXVI).
Nos remerciements vont aussi bien au photographe de l'École française
et à celui de l'Istituto per gli Studi Micenei qu'à tous ceux dont nous avons
réutilisé les photographies ou les dessins.
"bounds: (255,178),(1053,178),(1053,622),(255,622)
"XII"bounds: (256,178),(280,178),(280,188),(256,188)
"AVANT-PROPOS"bounds: (592,182),(718,184),(718,193),(592,191)
"reprise"bounds: (256,227),(324,227),(324,249),(256,249)
"par"bounds: (336,235),(369,235),(369,251),(336,251)
"M."bounds: (380,229),(402,229),(402,245),(380,245)
"Petrarca"bounds: (415,229),(503,230),(503,248),(415,247)
"dans"bounds: (514,231),(560,231),(560,247),(514,247)
"Brice"bounds: (571,231),(623,231),(623,248),(571,248)
"1961,"bounds: (635,232),(686,232),(686,253),(635,253)
"pl."bounds: (698,232),(722,232),(722,253),(698,253)
"XXVI,"bounds: (735,232),(806,233),(806,255),(735,254)
"celle"bounds: (819,234),(862,234),(862,250),(819,250)
"de"bounds: (873,234),(895,234),(895,251),(873,251)
"KN"bounds: (905,234),(939,234),(939,251),(905,251)
"(?)"bounds: (951,235),(974,235),(974,255),(951,255)
"We"bounds: (986,235),(1020,235),(1020,252),(986,252)
"26"bounds: (1029,236),(1053,236),(1053,253),(1029,253)
"reprise"bounds: (257,258),(324,258),(324,281),(257,281)
"par"bounds: (340,266),(371,266),(371,281),(340,281)
"E."bounds: (385,260),(405,260),(405,276),(385,276)
"Séraf"bounds: (421,260),(472,260),(472,277),(421,277)
"dans"bounds: (486,261),(531,261),(531,277),(486,277)
"Mühlestein"bounds: (546,261),(658,262),(658,280),(546,279)
"1958,"bounds: (673,263),(724,263),(724,283),(673,283)
"pl."bounds: (739,264),(762,264),(762,284),(739,284)
"1,"bounds: (778,264),(792,264),(792,284),(778,284)
"celle"bounds: (807,264),(850,264),(850,280),(807,280)
"de"bounds: (864,265),(885,265),(885,281),(864,281)
"MA"bounds: (898,265),(935,265),(935,282),(898,282)
"Wc"bounds: (947,265),(981,265),(981,282),(947,282)
"<5>"bounds: (996,266),(1050,266),(1050,285),(996,285)
"reprise"bounds: (256,289),(324,289),(324,312),(256,312)
"par"bounds: (338,296),(371,296),(371,312),(338,312)
"E."bounds: (385,291),(405,291),(405,307),(385,307)
"Séraf"bounds: (420,291),(472,291),(472,308),(420,308)
"dans"bounds: (485,292),(531,292),(531,308),(485,308)
"Chapouthier"bounds: (545,292),(673,293),(673,316),(545,315)
"1948,"bounds: (687,293),(738,293),(738,315),(687,315)
"fig."bounds: (754,294),(783,294),(783,316),(754,316)
"2"bounds: (798,295),(807,295),(807,311),(798,311)
"et"bounds: (822,298),(839,298),(839,311),(822,311)
"enfin"bounds: (853,295),(903,295),(903,312),(853,312)
"celles"bounds: (917,296),(969,296),(969,313),(917,313)
"de"bounds: (984,297),(1005,297),(1005,313),(984,313)
"PH"bounds: (1018,296),(1053,296),(1053,313),(1018,313)
"Wb"bounds: (262,317),(296,317),(296,341),(262,341)
"34"bounds: (300,320),(324,320),(324,338),(300,338)
"et"bounds: (336,325),(354,325),(354,338),(336,338)
"PH"bounds: (365,320),(400,320),(400,339),(365,339)
"Wc"bounds: (407,322),(442,322),(442,339),(407,339)
"<47>"bounds: (453,321),(519,322),(519,342),(453,341)
"reprises"bounds: (535,324),(612,325),(612,346),(535,345)
"par"bounds: (626,330),(658,330),(658,345),(626,345)
"E."bounds: (672,325),(691,325),(691,341),(672,341)
"Séraf"bounds: (706,324),(758,325),(758,342),(706,341)
"dans"bounds: (770,325),(816,326),(816,343),(770,342)
"Pugliese"bounds: (829,325),(913,326),(913,349),(829,348)
"1958,"bounds: (926,327),(977,328),(977,347),(926,346)
"p."bounds: (991,333),(1008,333),(1008,349),(991,349)
"375"bounds: (1018,328),(1052,328),(1052,344),(1018,344)
"et"bounds: (256,355),(274,354),(275,367),(257,368)
"p."bounds: (287,358),(305,357),(306,372),(288,373)
"378."bounds: (318,352),(358,350),(359,369),(319,371)
"Les"bounds: (305,383),(338,383),(338,399),(305,399)
"dessins"bounds: (356,383),(426,384),(426,401),(356,400)
"des"bounds: (443,384),(474,384),(474,400),(443,400)
"deux"bounds: (491,385),(540,386),(540,403),(491,402)
"pièces"bounds: (557,385),(616,386),(616,406),(557,405)
"non"bounds: (634,393),(670,393),(670,402),(634,402)
"retrouvées"bounds: (688,387),(795,388),(795,404),(688,403)
"d'Haghia"bounds: (812,387),(907,388),(907,409),(812,408)
"Triada"bounds: (924,388),(992,389),(992,407),(924,406)
"sont"bounds: (1010,394),(1052,394),(1052,406),(1010,406)
"d'E."bounds: (256,413),(297,413),(297,430),(256,430)
"Stefani"bounds: (314,413),(385,414),(385,432),(314,431)
"(photos"bounds: (401,415),(477,416),(477,437),(401,436)
"prises"bounds: (493,416),(549,417),(549,438),(493,437)
"par"bounds: (566,423),(598,423),(598,438),(566,438)
"E."bounds: (614,417),(634,417),(634,433),(614,433)
"Séraf"bounds: (650,415),(708,416),(708,440),(650,439)
"dans"bounds: (718,416),(764,417),(764,441),(718,440)
"Levi"bounds: (781,418),(824,418),(824,435),(781,435)
"1926"bounds: (841,419),(887,420),(887,437),(841,436)
"fig."bounds: (923,420),(952,420),(952,442),(923,442)
"22"bounds: (969,420),(990,420),(990,436),(969,436)
"pour"bounds: (1006,427),(1053,428),(1053,444),(1006,443)
"HT"bounds: (256,443),(289,443),(289,461),(256,461)
"Wc"bounds: (304,443),(339,443),(339,462),(304,462)
"<3018>"bounds: (357,443),(448,444),(448,464),(357,463)
"et"bounds: (468,450),(485,450),(485,462),(468,462)
"fig."bounds: (503,446),(532,446),(532,467),(503,467)
"25"bounds: (546,447),(568,447),(568,463),(546,463)
"pour"bounds: (584,454),(632,454),(632,468),(584,468)
"HT"bounds: (648,446),(681,446),(681,465),(648,465)
"Wa"bounds: (696,448),(732,448),(732,465),(696,465)
"<1021"bounds: (747,447),(816,448),(816,468),(747,467)
"bis>);"bounds: (831,447),(904,448),(904,471),(831,470)
"le"bounds: (921,451),(936,451),(936,466),(921,466)
"dessin"bounds: (953,450),(1014,451),(1014,468),(953,467)
"de"bounds: (1031,452),(1052,452),(1052,468),(1031,468)
"KN"bounds: (255,474),(290,474),(290,491),(255,491)
"Wc"bounds: (299,474),(333,474),(333,493),(299,493)
"<24>"bounds: (350,475),(416,476),(416,495),(350,494)
"est"bounds: (434,481),(461,481),(461,493),(434,493)
"d'Evans"bounds: (477,477),(562,478),(562,495),(477,494)
"(photo"bounds: (578,478),(644,479),(644,500),(578,499)
"prise"bounds: (659,479),(706,479),(706,500),(659,500)
"par"bounds: (722,485),(755,485),(755,500),(722,500)
"E."bounds: (770,480),(790,480),(790,496),(770,496)
"Séraf"bounds: (806,480),(858,480),(858,497),(806,497)
"dans"bounds: (873,481),(918,481),(918,497),(873,497)
"Brice"bounds: (933,481),(985,481),(985,498),(933,498)
"1961,"bounds: (1001,482),(1052,482),(1052,502),(1001,502)
"pl."bounds: (256,506),(279,506),(279,528),(256,528)
"XXVI)."bounds: (294,506),(373,506),(373,528),(294,528)
"Nos"bounds: (305,537),(343,537),(343,553),(305,553)
"remerciements"bounds: (353,537),(503,538),(503,555),(353,554)
"vont"bounds: (513,543),(559,543),(559,556),(513,556)
"aussi"bounds: (569,539),(617,539),(617,557),(569,557)
"bien"bounds: (627,540),(669,540),(669,556),(627,556)
"au"bounds: (679,547),(701,547),(701,557),(679,557)
"photographe"bounds: (712,541),(842,542),(842,562),(712,561)
"de"bounds: (852,542),(873,542),(873,558),(852,558)
"l'École"bounds: (883,539),(952,540),(952,560),(883,559)
"française"bounds: (961,542),(1053,543),(1053,564),(961,563)
"et"bounds: (256,571),(274,571),(274,584),(256,584)
"à"bounds: (284,569),(293,569),(293,584),(284,584)
"celui"bounds: (304,567),(350,568),(350,586),(304,585)
"de"bounds: (361,568),(382,568),(382,585),(361,585)
"l'Istituto"bounds: (392,568),(478,569),(478,586),(392,585)
"per"bounds: (489,576),(519,576),(519,589),(489,589)
"gli"bounds: (530,570),(553,570),(553,589),(530,589)
"Studi"bounds: (564,569),(617,570),(617,588),(564,587)
"Micenei"bounds: (628,571),(708,572),(708,588),(628,587)
"qu'à"bounds: (718,572),(761,573),(761,593),(718,592)
"tous"bounds: (772,575),(814,576),(814,590),(772,589)
"ceux"bounds: (825,579),(871,580),(871,590),(825,589)
"dont"bounds: (881,574),(927,575),(927,591),(881,590)
"nous"bounds: (938,580),(983,581),(983,592),(938,591)
"avons"bounds: (994,580),(1052,581),(1052,592),(994,591)
"réutilisé"bounds: (257,598),(338,599),(338,616),(257,615)
"les"bounds: (351,600),(374,600),(374,616),(351,616)
"photographies"bounds: (387,600),(534,601),(534,622),(387,621)
"ou"bounds: (547,608),(569,608),(569,617),(547,617)
"les"bounds: (582,601),(606,601),(606,618),(582,618)
"dessins."bounds: (619,602),(696,603),(696,620),(619,619)