Texts:

"AP Za <3 >
Khania M. 1048?). Couvercle.
éch. 1: 1
AP Za (5)
6.
"bounds: (48,63),(1077,63),(1077,1521),(48,1521)
"AP"bounds: (65,63),(95,63),(95,79),(65,79)
"Za"bounds: (106,63),(134,63),(134,79),(106,79)
"<3"bounds: (148,63),(184,63),(184,80),(148,80)
">"bounds: (196,63),(210,63),(210,77),(196,77)
"Khania"bounds: (678,648),(775,649),(775,681),(678,680)
"M."bounds: (790,652),(827,652),(827,679),(790,679)
"1048?)."bounds: (846,646),(957,647),(956,687),(845,686)
"Couvercle."bounds: (959,647),(1077,649),(1076,689),(958,687)
"éch."bounds: (357,651),(396,651),(396,670),(357,670)
"1:"bounds: (402,651),(431,651),(431,670),(402,670)
"1"bounds: (439,655),(443,655),(443,669),(439,669)
"AP"bounds: (455,921),(506,921),(506,950),(455,950)
"Za"bounds: (532,921),(579,921),(579,949),(532,949)
"(5)"bounds: (594,922),(644,922),(644,949),(594,949)
"6."bounds: (48,1502),(67,1502),(67,1521),(48,1521)