Texts:

"707 J
J
707
ARKH la.53
HT 6a.7,b.6' 8a.2.2.5,b.4L. sl6' 9a.4.5'
10a.2*I. 2a].4,b.2' 13.4.7' 19.3.4'
20.3.5' 24a.3' 28a.2' 30.2.2.3.5' 32.1'
36.2.3' 46b.2 50a.3' 56a.2' 93a.2.61
94a.5' *96b. sI' 98a.3.4' 99a.*2 100.4'
103.3.5' 104.2.3' 106.*1.2' 110b. *1.2
113.3' 115a.3,b.1.2.3' 123a.3.8' 125a.3,
b.4' 129.3' 131a.41 139.21 140.2.61
2
HT WC 3001 lat. zd 1564
KH 1.2° 6.1.3.4.5.6*L.8]³ 7a.3,b.33 8.2
[.2].3 12.1.13 15.1.13 20.43 *27E. 213
58.53 85.13
PH WC 412
PYR 25
TY 3a.2.2.41
ZA la.z' Sh.2 8.1.4.5 10h.63 11a.43 15a.53
KH 75.13
HT 46a.21 50a.31 110b.4' 131b.5' 140.5'
154C.2' 1546'
KH 7b.23 9.33 13.13 29.33 31.33 38.23 84.13
ZA 11a.5
нT 13.2' 128а.31
+7
A 730
JA
HT 120.31
A 731
J B
НT 129.11
KH 5.4 6.8 17.33
HT 6a.5.7' 8a.4' 9a.2.6' 21.
A 732
JE
24b.1.21
42/+ 7 59.7' 89.5' 93a.4' 96b.2' 98a.2.3,
b.2' 100.5' 110b.5' 123a.5.7,b.1 131a.41
*154C.2' Wa 1021p2
PH 7b.3
A 752[ S
JEL
KH 86.33
320
"bounds: (61,88),(1158,88),(1158,1520),(61,1520)
"707"bounds: (1104,88),(1130,89),(1129,104),(1103,103)
"J"bounds: (1148,92),(1156,92),(1155,104),(1147,104)
"J"bounds: (673,273),(689,273),(689,303),(673,303)
"707"bounds: (431,279),(457,279),(457,292),(431,292)
"ARKH"bounds: (787,383),(821,381),(822,393),(788,395)
"la.53"bounds: (832,377),(871,375),(872,392),(833,394)
"HT"bounds: (789,417),(805,417),(805,427),(789,427)
"6a.7,b.6'"bounds: (815,409),(886,408),(886,435),(815,436)
"8a.2.2.5,b.4L."bounds: (895,408),(1014,407),(1014,434),(895,435)
"sl6'"bounds: (1016,407),(1056,407),(1056,434),(1016,434)
"9a.4.5'"bounds: (1059,409),(1114,409),(1114,428),(1059,428)
"10a.2*I."bounds: (816,444),(878,443),(878,461),(816,462)
"2a].4,b.2'"bounds: (883,443),(962,442),(962,467),(883,468)
"13.4.7'"bounds: (976,443),(1030,442),(1030,461),(976,462)
"19.3.4'"bounds: (1044,443),(1097,442),(1097,461),(1044,462)
"20.3.5'"bounds: (816,476),(869,476),(869,495),(816,495)
"24a.3'"bounds: (883,476),(928,476),(928,495),(883,495)
"28a.2'"bounds: (942,476),(987,476),(987,494),(942,494)
"30.2.2.3.5'"bounds: (1000,477),(1089,477),(1089,495),(1000,495)
"32.1'"bounds: (1102,476),(1139,476),(1139,495),(1102,495)
"36.2.3'"bounds: (815,510),(870,510),(870,528),(815,528)
"46b.2"bounds: (881,508),(921,508),(921,533),(881,533)
"50a.3'"bounds: (942,510),(987,510),(987,528),(942,528)
"56a.2'"bounds: (1001,510),(1046,510),(1046,528),(1001,528)
"93a.2.61"bounds: (1060,510),(1122,510),(1122,529),(1060,529)
"94a.5'"bounds: (815,543),(861,543),(861,568),(815,568)
"*96b."bounds: (873,545),(920,545),(920,563),(873,563)
"sI'"bounds: (925,544),(946,544),(946,562),(925,562)
"98a.3.4'"bounds: (959,544),(1021,544),(1021,562),(959,562)
"99a.*2"bounds: (1035,543),(1089,543),(1089,562),(1035,562)
"100.4'"bounds: (1103,544),(1148,544),(1148,562),(1103,562)
"103.3.5'"bounds: (816,577),(878,577),(878,595),(816,595)
"104.2.3'"bounds: (892,576),(954,576),(954,602),(892,602)
"106.*1.2'"bounds: (968,577),(1038,577),(1038,602),(968,602)
"110b."bounds: (1048,574),(1089,574),(1089,601),(1048,601)
"*1.2"bounds: (1091,574),(1123,574),(1123,601),(1091,601)
"113.3'"bounds: (816,610),(861,610),(861,629),(816,629)
"115a.3,b.1.2.3'"bounds: (876,609),(996,610),(996,633),(876,632)
"123a.3.8'"bounds: (1011,611),(1080,611),(1080,629),(1011,629)
"125a.3,"bounds: (1095,618),(1149,618),(1149,632),(1095,632)
"b.4'"bounds: (812,643),(842,643),(842,663),(812,663)
"129.3'"bounds: (856,642),(901,642),(901,663),(856,663)
"131a.41"bounds: (915,643),(969,643),(969,662),(915,662)
"139.21"bounds: (983,642),(1028,642),(1028,662),(983,662)
"140.2.61"bounds: (1044,643),(1106,643),(1106,661),(1044,661)
"2"bounds: (917,676),(923,676),(923,686),(917,686)
"HT"bounds: (789,684),(805,684),(805,695),(789,695)
"WC"bounds: (813,681),(839,681),(839,700),(813,700)
"3001"bounds: (840,684),(870,684),(870,695),(840,695)
"lat."bounds: (879,680),(915,679),(915,697),(879,698)
"zd"bounds: (936,679),(953,679),(953,698),(936,698)
"1564"bounds: (960,679),(989,679),(989,695),(960,695)
"KH"bounds: (789,715),(805,715),(805,726),(789,726)
"1.2°"bounds: (816,707),(846,707),(846,726),(816,726)
"6.1.3.4.5.6*L.8]³"bounds: (857,708),(998,707),(998,727),(857,728)
"7a.3,b.33"bounds: (1009,708),(1083,707),(1083,728),(1009,729)
"8.2"bounds: (1093,715),(1116,715),(1116,726),(1093,726)
"[.2].3"bounds: (816,743),(872,743),(872,765),(816,765)
"12.1.13"bounds: (884,743),(939,743),(939,762),(884,762)
"15.1.13"bounds: (951,744),(1007,744),(1007,763),(951,763)
"20.43"bounds: (1018,744),(1057,744),(1057,763),(1018,763)
"*27E."bounds: (1063,740),(1109,740),(1109,767),(1063,767)
"213"bounds: (1111,740),(1138,740),(1138,767),(1111,767)
"58.53"bounds: (815,777),(855,777),(855,796),(815,796)
"85.13"bounds: (865,778),(905,778),(905,796),(865,796)
"PH"bounds: (789,820),(804,819),(805,830),(790,831)
"WC"bounds: (814,820),(828,819),(829,830),(815,831)
"412"bounds: (840,814),(863,812),(864,829),(841,831)
"PYR"bounds: (789,852),(811,851),(812,864),(790,865)
"25"bounds: (815,846),(837,845),(838,863),(816,864)
"TY"bounds: (788,886),(804,885),(804,898),(788,899)
"3a.2.2.41"bounds: (814,881),(886,879),(887,898),(815,900)
"ZA"bounds: (790,921),(805,921),(805,931),(790,931)
"la.z'"bounds: (816,913),(853,913),(853,939),(816,939)
"Sh.2"bounds: (866,912),(905,912),(905,939),(866,939)
"8.1.4.5"bounds: (909,910),(972,910),(972,939),(909,939)
"10h.63"bounds: (993,913),(1040,913),(1040,939),(993,939)
"11a.43"bounds: (1052,914),(1099,914),(1099,932),(1052,932)
"15a.53"bounds: (1112,913),(1158,913),(1158,939),(1112,939)
"KH"bounds: (788,945),(805,944),(806,957),(789,958)
"75.13"bounds: (815,939),(854,937),(855,956),(816,958)
"HT"bounds: (788,979),(805,979),(805,991),(788,991)
"46a.21"bounds: (815,972),(861,972),(861,990),(815,990)
"50a.31"bounds: (874,972),(920,972),(920,991),(874,991)
"110b.4'"bounds: (934,972),(988,972),(988,990),(934,990)
"131b.5'"bounds: (1002,972),(1055,972),(1055,991),(1002,991)
"140.5'"bounds: (1069,973),(1114,973),(1114,992),(1069,992)
"154C.2'"bounds: (815,1007),(869,1006),(869,1024),(815,1025)
"1546'"bounds: (883,1005),(920,1004),(920,1024),(883,1025)
"KH"bounds: (789,1047),(805,1047),(805,1058),(789,1058)
"7b.23"bounds: (815,1039),(854,1039),(854,1057),(815,1057)
"9.33"bounds: (866,1040),(896,1040),(896,1058),(866,1058)
"13.13"bounds: (909,1040),(947,1040),(947,1058),(909,1058)
"29.33"bounds: (959,1039),(998,1039),(998,1058),(959,1058)
"31.33"bounds: (1009,1039),(1048,1039),(1048,1058),(1009,1058)
"38.23"bounds: (1060,1041),(1099,1041),(1099,1060),(1060,1060)
"84.13"bounds: (1110,1040),(1150,1040),(1150,1059),(1110,1059)
"ZA"bounds: (781,1072),(811,1072),(811,1102),(781,1102)
"11a.5"bounds: (816,1072),(862,1071),(862,1099),(816,1100)
"нT"bounds: (783,1149),(818,1149),(818,1170),(783,1170)
"13.2'"bounds: (820,1148),(858,1148),(858,1170),(820,1170)
"128а.31"bounds: (866,1148),(919,1148),(919,1167),(866,1167)
"+7"bounds: (308,1199),(267,1199),(267,1173),(308,1173)
"A"bounds: (186,1187),(195,1187),(195,1203),(186,1203)
"730"bounds: (197,1189),(220,1189),(220,1200),(197,1200)
"JA"bounds: (601,1189),(626,1189),(626,1203),(601,1203)
"HT"bounds: (787,1189),(803,1188),(804,1199),(788,1200)
"120.31"bounds: (815,1185),(860,1181),(861,1201),(817,1205)
"A"bounds: (190,1221),(198,1221),(198,1236),(190,1236)
"731"bounds: (197,1223),(217,1223),(217,1234),(197,1234)
"J"bounds: (601,1222),(611,1222),(611,1237),(601,1237)
"B"bounds: (619,1223),(627,1223),(627,1233),(619,1233)
"НT"bounds: (779,1220),(819,1217),(820,1235),(780,1238)
"129.11"bounds: (821,1217),(863,1214),(864,1233),(822,1236)
"KH"bounds: (788,1258),(803,1258),(803,1269),(788,1269)
"5.4"bounds: (814,1251),(845,1250),(845,1268),(814,1269)
"6.8"bounds: (856,1250),(887,1249),(887,1269),(856,1270)
"17.33"bounds: (899,1251),(938,1250),(938,1269),(899,1270)
"HT"bounds: (787,1284),(804,1284),(804,1294),(787,1294)
"6a.5.7'"bounds: (814,1275),(868,1275),(868,1295),(814,1295)
"8a.4'"bounds: (881,1276),(919,1276),(919,1295),(881,1295)
"9a.2.6'"bounds: (932,1276),(986,1276),(986,1295),(932,1295)
"21."bounds: (1000,1285),(1020,1285),(1020,1295),(1000,1295)
"A"bounds: (190,1273),(198,1273),(198,1288),(190,1288)
"732"bounds: (196,1275),(219,1274),(219,1285),(196,1286)
"JE"bounds: (601,1283),(627,1283),(627,1297),(601,1297)
"24b.1.21"bounds: (1067,1278),(1130,1277),(1130,1296),(1067,1297)
"42/+"bounds: (800,1309),(860,1309),(860,1336),(800,1336)
"7"bounds: (862,1309),(870,1309),(870,1336),(862,1336)
"59.7'"bounds: (872,1309),(913,1309),(913,1337),(872,1337)
"89.5'"bounds: (923,1310),(961,1310),(961,1338),(923,1338)
"93a.4'"bounds: (974,1311),(1020,1311),(1020,1330),(974,1330)
"96b.2'"bounds: (1033,1310),(1079,1310),(1079,1339),(1033,1339)
"98a.2.3,"bounds: (1092,1320),(1156,1320),(1156,1334),(1092,1334)
"b.2'"bounds: (813,1343),(843,1343),(843,1363),(813,1363)
"100.5'"bounds: (857,1343),(902,1344),(902,1364),(857,1363)
"110b.5'"bounds: (916,1344),(969,1345),(969,1365),(916,1364)
"123a.5.7,b.1"bounds: (983,1343),(1084,1344),(1084,1370),(983,1369)
"131a.41"bounds: (1102,1345),(1155,1346),(1155,1366),(1102,1365)
"*154C.2'"bounds: (812,1377),(876,1378),(876,1404),(812,1403)
"Wa"bounds: (888,1387),(904,1387),(904,1397),(888,1397)
"1021p2"bounds: (916,1377),(962,1378),(962,1403),(916,1402)
"PH"bounds: (787,1420),(803,1420),(803,1432),(787,1432)
"7b.3"bounds: (808,1411),(847,1411),(847,1441),(808,1441)
"A"bounds: (177,1443),(184,1443),(184,1454),(177,1454)
"752["bounds: (195,1440),(234,1440),(234,1460),(195,1460)
"S"bounds: (263,1432),(292,1432),(292,1468),(263,1468)
"JEL"bounds: (599,1451),(642,1449),(643,1469),(600,1471)
"KH"bounds: (786,1454),(803,1453),(804,1469),(787,1470)
"86.33"bounds: (811,1451),(853,1448),(854,1466),(813,1470)
"320"bounds: (61,1502),(99,1502),(99,1520),(61,1520)