Texts:

"ZA 7 b
ZA 7D
2-7
desmt
b4 Kovaces aprei
8: fhulat chifes que Aignes.
ZA 76
.1
2-7
desumt
163
"bounds: (34,67),(1161,67),(1161,1537),(34,1537)
"ZA"bounds: (34,68),(65,68),(65,84),(34,84)
"7"bounds: (80,68),(91,68),(91,85),(80,85)
"b"bounds: (100,67),(112,67),(112,85),(100,85)
"ZA"bounds: (233,264),(268,263),(268,281),(233,282)
"7D"bounds: (292,263),(322,263),(322,281),(292,281)
"2-7"bounds: (332,420),(369,419),(369,438),(332,439)
"desmt"bounds: (477,420),(555,419),(555,436),(477,437)
"b4"bounds: (363,558),(393,559),(392,583),(362,582)
"Kovaces"bounds: (419,555),(484,558),(483,583),(418,580)
"aprei"bounds: (503,563),(546,565),(545,586),(502,584)
"8:"bounds: (583,559),(626,560),(626,582),(583,581)
"fhulat"bounds: (643,559),(699,560),(698,592),(642,591)
"chifes"bounds: (708,561),(766,562),(766,591),(708,590)
"que"bounds: (779,570),(813,571),(813,590),(779,589)
"Aignes."bounds: (839,563),(898,564),(898,591),(839,590)
"ZA"bounds: (157,869),(198,868),(199,895),(158,896)
"76"bounds: (201,867),(229,866),(230,891),(202,892)
".1"bounds: (238,955),(260,955),(260,974),(238,974)
"2-7"bounds: (237,1034),(279,1034),(279,1059),(237,1059)
"desumt"bounds: (424,1038),(497,1040),(496,1061),(423,1059)
"163"bounds: (1128,1521),(1161,1521),(1161,1537),(1128,1537)