Texts:

"KH Wc 2044 + fr.
Khania M.2044+h. Romdele
([2.70] x [3.50] x 4,10 cm),
éch. 1:1
KH Wc 2115
Khania M. 2 115. Romdele
([3,50] x 4,40 K 4,50 cm).
éch. 1:1
46
"bounds: (78,65),(1206,65),(1206,1525),(78,1525)
"KH"bounds: (85,65),(120,66),(120,83),(85,82)
"Wc"bounds: (135,66),(167,66),(167,82),(135,82)
"2044"bounds: (182,65),(229,66),(229,84),(182,83)
"+"bounds: (239,67),(252,67),(252,81),(239,81)
"fr."bounds: (263,66),(283,66),(283,86),(263,86)
"Khania"bounds: (729,436),(841,436),(841,469),(729,469)
"M.2044+h."bounds: (858,435),(1041,436),(1041,475),(858,474)
"Romdele"bounds: (1069,437),(1206,438),(1206,472),(1069,471)
"([2.70]"bounds: (707,491),(825,491),(825,536),(707,536)
"x"bounds: (839,514),(849,514),(849,525),(839,525)
"[3.50]"bounds: (860,497),(961,497),(961,528),(860,528)
"x"bounds: (972,512),(984,512),(984,525),(972,525)
"4,10"bounds: (997,498),(1072,498),(1072,529),(997,529)
"cm),"bounds: (1089,492),(1156,492),(1156,536),(1089,536)
"éch."bounds: (290,564),(327,564),(327,583),(290,583)
"1:1"bounds: (329,564),(367,564),(367,583),(329,583)
"KH"bounds: (81,856),(115,856),(115,873),(81,873)
"Wc"bounds: (130,857),(163,857),(163,874),(130,874)
"2115"bounds: (177,857),(223,858),(223,876),(177,875)
"Khania"bounds: (724,1228),(841,1228),(841,1263),(724,1263)
"M."bounds: (874,1232),(903,1232),(903,1261),(874,1261)
"2"bounds: (918,1236),(935,1236),(935,1263),(918,1263)
"115."bounds: (946,1240),(1015,1240),(1015,1263),(946,1263)
"Romdele"bounds: (1042,1226),(1201,1226),(1201,1263),(1042,1263)
"([3,50]"bounds: (698,1288),(825,1288),(825,1331),(698,1331)
"x"bounds: (838,1305),(851,1305),(851,1318),(838,1318)
"4,40"bounds: (870,1287),(951,1287),(951,1322),(870,1322)
"K"bounds: (968,1303),(979,1303),(979,1318),(968,1318)
"4,50"bounds: (1000,1293),(1075,1293),(1075,1324),(1000,1324)
"cm)."bounds: (1092,1282),(1145,1282),(1145,1329),(1092,1329)
"éch."bounds: (285,1385),(316,1385),(316,1403),(285,1403)
"1:1"bounds: (322,1385),(361,1385),(361,1404),(322,1404)
"46"bounds: (78,1509),(102,1509),(102,1525),(78,1525)