Texts:

"HAGHIA TRIADA - NODULES
Wa 1294
Wa 1295
Wa 1296
Pagorini 14
HM 450.1
HM 450.2
Wa 1297
Wa 1298
Wa 1299
HM 450.4
HM 450.5
HM 450.3
Wa 1300
Wa 1301
Wa 1302
HM 451.1
Pigonimi 3
HM 464.20
Wa 1303
Wa 1304
Wa 1305
HM 464.21
HM 464.22
HM 468.1
Wa 1306
Wa 1307
Wa 1308
HM 471.1
HM 471.2
HM 471.3
29
"bounds: (159,79),(1160,79),(1160,1533),(159,1533)
"HAGHIA"bounds: (453,80),(519,80),(519,91),(453,91)
"TRIADA"bounds: (531,80),(595,80),(595,92),(531,92)
"-"bounds: (609,79),(617,79),(617,94),(609,94)
"NODULES"bounds: (623,81),(700,81),(700,92),(623,92)
"Wa"bounds: (159,162),(189,161),(189,175),(159,176)
"1294"bounds: (204,160),(244,159),(244,174),(204,175)
"Wa"bounds: (531,159),(561,159),(561,173),(531,173)
"1295"bounds: (576,158),(616,158),(616,173),(576,173)
"Wa"bounds: (887,156),(918,156),(918,170),(887,170)
"1296"bounds: (933,156),(974,157),(974,171),(933,170)
"Pagorini"bounds: (255,360),(326,360),(326,389),(255,389)
"14"bounds: (341,368),(358,368),(358,378),(341,378)
"HM"bounds: (638,366),(665,365),(665,378),(638,379)
"450.1"bounds: (675,363),(728,362),(728,377),(675,378)
"HM"bounds: (981,365),(1009,366),(1009,381),(981,380)
"450.2"bounds: (1021,367),(1082,368),(1082,383),(1021,382)
"Wa"bounds: (161,431),(191,431),(191,445),(161,445)
"1297"bounds: (206,431),(247,431),(247,446),(206,446)
"Wa"bounds: (530,432),(561,432),(561,446),(530,446)
"1298"bounds: (576,431),(616,431),(616,446),(576,446)
"Wa"bounds: (894,427),(925,427),(925,441),(894,441)
"1299"bounds: (939,425),(980,425),(980,441),(939,441)
"HM"bounds: (644,634),(672,634),(672,649),(644,649)
"450.4"bounds: (683,632),(742,632),(742,649),(683,649)
"HM"bounds: (1000,629),(1027,628),(1027,642),(1000,643)
"450.5"bounds: (1039,627),(1095,626),(1095,641),(1039,642)
"HM"bounds: (279,641),(304,641),(304,655),(279,655)
"450.3"bounds: (312,640),(363,639),(363,653),(312,654)
"Wa"bounds: (167,702),(198,702),(198,716),(167,716)
"1300"bounds: (213,701),(254,701),(254,716),(213,716)
"Wa"bounds: (534,700),(565,700),(565,714),(534,714)
"1301"bounds: (580,699),(618,699),(618,714),(580,714)
"Wa"bounds: (893,700),(925,700),(925,714),(893,714)
"1302"bounds: (939,700),(980,700),(980,714),(939,714)
"HM"bounds: (294,904),(321,904),(321,917),(294,917)
"451.1"bounds: (332,905),(390,906),(390,919),(332,918)
"Pigonimi"bounds: (649,902),(716,902),(716,929),(649,929)
"3"bounds: (730,910),(738,910),(738,920),(730,920)
"HM"bounds: (1004,905),(1028,905),(1028,919),(1004,919)
"464.20"bounds: (1040,905),(1109,905),(1109,919),(1040,919)
"Wa"bounds: (168,972),(199,972),(199,986),(168,986)
"1303"bounds: (214,972),(254,972),(254,986),(214,986)
"Wa"bounds: (535,971),(566,971),(566,985),(535,985)
"1304"bounds: (580,970),(621,970),(621,985),(580,985)
"Wa"bounds: (898,968),(929,968),(929,982),(898,982)
"1305"bounds: (944,968),(984,968),(984,982),(944,982)
"HM"bounds: (282,1178),(309,1178),(309,1192),(282,1192)
"464.21"bounds: (319,1177),(384,1177),(384,1192),(319,1192)
"HM"bounds: (663,1178),(687,1178),(687,1194),(663,1194)
"464.22"bounds: (694,1179),(752,1180),(752,1195),(694,1194)
"HM"bounds: (1013,1176),(1038,1175),(1038,1189),(1013,1190)
"468.1"bounds: (1047,1174),(1095,1173),(1095,1187),(1047,1188)
"Wa"bounds: (171,1241),(203,1241),(203,1256),(171,1256)
"1306"bounds: (217,1240),(258,1239),(258,1254),(217,1255)
"Wa"bounds: (543,1240),(574,1240),(574,1255),(543,1255)
"1307"bounds: (588,1240),(629,1240),(629,1255),(588,1255)
"Wa"bounds: (901,1241),(932,1241),(932,1256),(901,1256)
"1308"bounds: (947,1241),(988,1241),(988,1255),(947,1255)
"HM"bounds: (285,1436),(312,1437),(312,1451),(285,1450)
"471.1"bounds: (322,1436),(378,1437),(378,1452),(322,1451)
"HM"bounds: (655,1436),(678,1437),(678,1450),(655,1449)
"471.2"bounds: (685,1436),(738,1437),(738,1451),(685,1450)
"HM"bounds: (1001,1435),(1027,1436),(1027,1449),(1001,1448)
"471.3"bounds: (1036,1434),(1091,1436),(1091,1451),(1036,1449)
"29"bounds: (1137,1517),(1160,1517),(1160,1533),(1137,1533)