Texts:

"61
A L4?_7
61
HT 113,31
HT Wa 12792 1280² 12812
KH Wc 20013 20023 20333 20343 20353 21013
21043 2105 21103 21155 21185
61
HT 144.11
C
白非目
PK 1.5'
D
61 -04-57
61 -07
XHIT 113.31
61 -37-.7
HT 93a.6-71
61 -37-02
*HT 93a.6-71
61 -58-16-27
TL Za la
61 -59-30-17-09
ZA 5a.2-33
61 -73L
ZA 27.23
61 -76-07-24
HT 6a.41
白田b44了
РК 1.3-41
61 -77-73-17-41-28-06
E
HT Wc 3006a?
54- 61 -73
sG平控
PH 2.1-2'
60- 61 -07-67
PH(?) 31b.5'
G
708-73-01- 61
本
39- 61 /
PH 19.1
242
"bounds: (60,351),(1151,351),(1151,1530),(60,1530)
"61"bounds: (667,351),(698,351),(698,381),(667,381)
"A"bounds: (401,522),(415,522),(415,546),(401,546)
"L4?_7"bounds: (417,525),(465,525),(465,543),(417,543)
"61"bounds: (558,530),(576,530),(576,545),(558,545)
"HT"bounds: (811,528),(827,527),(828,539),(812,540)
"113,31"bounds: (838,522),(884,520),(885,538),(839,541)
"HT"bounds: (812,562),(828,562),(828,573),(812,573)
"Wa"bounds: (837,561),(853,561),(853,572),(837,572)
"12792"bounds: (864,554),(903,553),(903,572),(864,573)
"1280²"bounds: (914,555),(953,554),(953,571),(914,572)
"12812"bounds: (965,555),(1004,554),(1004,571),(965,572)
"KH"bounds: (812,595),(829,595),(829,605),(812,605)
"Wc"bounds: (836,595),(852,595),(852,606),(836,606)
"20013"bounds: (864,587),(903,587),(903,606),(864,606)
"20023"bounds: (914,587),(953,587),(953,606),(914,606)
"20333"bounds: (965,587),(1004,587),(1004,606),(965,606)
"20343"bounds: (1016,587),(1055,587),(1055,606),(1016,606)
"20353"bounds: (1066,587),(1105,587),(1105,606),(1066,606)
"21013"bounds: (1112,585),(1151,585),(1151,604),(1112,604)
"21043"bounds: (864,621),(903,621),(903,640),(864,640)
"2105"bounds: (911,618),(946,618),(946,642),(911,642)
"21103"bounds: (965,621),(1004,621),(1004,640),(965,640)
"21155"bounds: (1016,621),(1054,621),(1054,641),(1016,641)
"21185"bounds: (1066,621),(1105,621),(1105,641),(1066,641)
"61"bounds: (553,659),(580,659),(580,681),(553,681)
"HT"bounds: (812,662),(828,661),(828,672),(812,673)
"144.11"bounds: (839,655),(884,653),(885,673),(840,675)
"C"bounds: (400,662),(407,662),(407,672),(400,672)
"白"bounds: (255,683),(271,684),(269,717),(253,716)
"非"bounds: (278,685),(296,686),(294,715),(276,714)
"目"bounds: (305,688),(317,689),(315,717),(303,716)
"PK"bounds: (811,696),(828,695),(829,707),(812,708)
"1.5'"bounds: (838,689),(867,687),(868,706),(839,708)
"D"bounds: (400,695),(407,695),(407,705),(400,705)
"61"bounds: (558,697),(576,697),(576,713),(558,713)
"-04-57"bounds: (585,697),(634,696),(634,707),(585,708)
"61"bounds: (558,730),(577,730),(577,745),(558,745)
"-07"bounds: (585,730),(608,730),(608,746),(585,746)
"XHIT"bounds: (812,723),(836,722),(836,739),(812,740)
"113.31"bounds: (847,722),(892,721),(892,739),(847,740)
"61"bounds: (558,762),(576,762),(576,778),(558,778)
"-37-.7"bounds: (585,758),(660,756),(660,776),(585,778)
"HT"bounds: (811,760),(828,759),(829,771),(812,772)
"93a.6-71"bounds: (837,753),(901,750),(902,770),(838,773)
"61"bounds: (561,796),(577,796),(577,810),(561,810)
"-37-02"bounds: (585,795),(634,796),(634,808),(585,807)
"*HT"bounds: (812,790),(836,790),(836,807),(812,807)
"93a.6-71"bounds: (847,789),(910,788),(910,807),(847,808)
"61"bounds: (559,830),(574,830),(574,844),(559,844)
"-58-16-27"bounds: (585,830),(659,830),(659,840),(585,840)
"TL"bounds: (812,829),(828,829),(828,841),(812,841)
"Za"bounds: (838,828),(854,828),(854,840),(838,840)
"la"bounds: (864,825),(885,825),(885,841),(864,841)
"61"bounds: (561,865),(574,865),(574,878),(561,878)
"-59-30-17-09"bounds: (585,864),(684,863),(684,874),(585,875)
"ZA"bounds: (813,863),(828,862),(829,874),(814,875)
"5a.2-33"bounds: (838,857),(895,855),(896,874),(839,876)
"61"bounds: (555,891),(582,891),(582,913),(555,913)
"-73L"bounds: (585,894),(626,894),(626,912),(585,912)
"ZA"bounds: (812,897),(828,896),(828,907),(812,908)
"27.23"bounds: (838,889),(878,887),(879,907),(839,909)
"61"bounds: (559,928),(580,928),(580,943),(559,943)
"-76-07-24"bounds: (586,931),(659,930),(659,941),(586,942)
"HT"bounds: (812,930),(828,929),(829,940),(813,941)
"6a.41"bounds: (838,924),(877,921),(878,940),(839,943)
"白"bounds: (254,948),(269,949),(268,976),(253,975)
"田"bounds: (273,945),(301,946),(300,982),(272,981)
"b44"bounds: (303,946),(369,948),(368,985),(302,983)
"了"bounds: (397,954),(412,955),(411,982),(396,981)
"РК"bounds: (812,964),(829,963),(830,975),(813,976)
"1.3-41"bounds: (839,958),(885,955),(886,974),(840,977)
"61"bounds: (557,962),(580,962),(580,978),(557,978)
"-77-73-17-41-28-06"bounds: (586,965),(736,964),(736,975),(586,976)
"E"bounds: (409,995),(416,995),(416,1005),(409,1005)
"HT"bounds: (812,998),(828,997),(828,1008),(813,1009)
"Wc"bounds: (837,998),(853,997),(853,1008),(838,1009)
"3006a?"bounds: (863,991),(912,989),(913,1008),(864,1010)
"54-"bounds: (528,999),(550,999),(550,1008),(528,1008)
"61"bounds: (561,999),(574,999),(574,1009),(561,1009)
"-73"bounds: (586,999),(609,999),(609,1008),(586,1008)
"sG"bounds: (228,1018),(267,1018),(267,1042),(228,1042)
"平"bounds: (269,1015),(301,1015),(301,1046),(269,1046)
"控"bounds: (303,1016),(317,1016),(317,1047),(303,1047)
"PH"bounds: (813,1030),(829,1029),(829,1041),(813,1042)
"2.1-2'"bounds: (839,1025),(885,1023),(886,1041),(840,1043)
"60-"bounds: (528,1033),(551,1033),(551,1042),(528,1042)
"61"bounds: (561,1033),(575,1033),(575,1042),(561,1042)
"-07-67"bounds: (586,1033),(635,1033),(635,1042),(586,1042)
"PH(?)"bounds: (813,1064),(851,1063),(852,1079),(814,1080)
"31b.5'"bounds: (863,1058),(910,1056),(911,1075),(864,1077)
"G"bounds: (409,1062),(416,1062),(416,1072),(409,1072)
"708-73-01-"bounds: (459,1062),(550,1062),(550,1086),(459,1086)
"61"bounds: (559,1066),(577,1066),(577,1081),(559,1081)
"本"bounds: (208,1077),(255,1078),(254,1117),(207,1116)
"39-"bounds: (528,1099),(551,1099),(551,1109),(528,1109)
"61"bounds: (561,1100),(574,1100),(574,1110),(561,1110)
"/"bounds: (585,1096),(601,1096),(601,1111),(585,1111)
"PH"bounds: (813,1097),(829,1096),(829,1108),(813,1109)
"19.1"bounds: (839,1091),(874,1090),(875,1109),(840,1110)
"242"bounds: (60,1512),(97,1512),(97,1530),(60,1530)