Texts:

"IT 95a
4月*行平月平.p
** HL a TH. -
.3
IIL
るる:2人41:志,
.6
HT93 a
平月,
12
8 月*TI HP目:
43 L
.1-2
.4 La dizaime supérieure n'est þes à la place
Jait quelque peu douteuse.
至
attendue ot
.3-4 T
de le
.6-7 &0t m est pas impossille;
20
Y 77
sont exclus.
.4
本严目
.9 14 O et I quoique pan amporsibles souf
igalement lificiles.
.8
pas imposibl .
至
1 L
.6
.7
8 月举TL
時P目
20
10 7
1-0
4
147
当一
"bounds: (46,102),(1168,102),(1168,1526),(46,1526)
"IT"bounds: (46,102),(72,102),(72,116),(46,116)
"95a"bounds: (87,103),(121,104),(121,117),(87,116)
"4"bounds: (107,166),(123,166),(123,179),(107,179)
"月"bounds: (139,149),(153,149),(153,181),(139,181)
"*"bounds: (168,147),(193,147),(193,176),(168,176)
"行"bounds: (206,149),(230,149),(230,179),(206,179)
"平"bounds: (249,146),(267,146),(267,177),(249,177)
"月"bounds: (281,147),(304,147),(304,179),(281,179)
"平"bounds: (318,146),(343,146),(343,182),(318,182)
".p"bounds: (355,151),(397,151),(397,180),(355,180)
"**"bounds: (129,266),(176,265),(177,300),(130,301)
"HL"bounds: (176,270),(201,269),(202,296),(177,297)
"a"bounds: (216,274),(236,274),(237,297),(217,297)
"TH."bounds: (260,265),(311,264),(312,291),(261,292)
"-"bounds: (328,264),(350,264),(351,295),(329,295)
".3"bounds: (107,280),(120,280),(120,295),(107,295)
"IIL"bounds: (177,286),(201,286),(201,296),(177,296)
"る"bounds: (370,353),(355,353),(355,328),(370,328)
"る"bounds: (343,354),(313,354),(313,327),(343,327)
":"bounds: (311,359),(303,359),(302,324),(310,324)
"2"bounds: (302,353),(286,353),(286,327),(302,327)
"人"bounds: (275,353),(256,353),(256,326),(275,326)
"41"bounds: (232,356),(193,357),(193,328),(232,327)
":"bounds: (180,342),(173,342),(173,326),(180,326)
"志"bounds: (165,355),(141,355),(141,326),(165,326)
","bounds: (120,355),(106,355),(106,338),(120,338)
".6"bounds: (108,462),(120,462),(120,475),(108,475)
"HT93"bounds: (597,523),(652,523),(652,540),(597,540)
"a"bounds: (661,527),(673,527),(673,535),(661,535)
"平"bounds: (828,553),(846,554),(845,585),(827,584)
"月"bounds: (854,554),(869,554),(868,586),(853,586)
","bounds: (884,562),(886,562),(886,569),(884,569)
"12"bounds: (1018,557),(1041,557),(1041,569),(1018,569)
"8"bounds: (107,578),(119,578),(119,593),(107,593)
"月"bounds: (152,565),(165,565),(165,592),(152,592)
"*"bounds: (185,567),(208,567),(208,593),(185,593)
"TI"bounds: (224,563),(251,563),(251,593),(224,593)
"HP"bounds: (269,562),(322,561),(323,598),(270,599)
"目"bounds: (334,564),(345,564),(345,594),(334,594)
":"bounds: (364,570),(367,570),(367,586),(364,586)
"43"bounds: (1020,611),(1046,613),(1045,628),(1019,626)
"L"bounds: (1061,613),(1076,614),(1075,630),(1060,629)
".1-2"bounds: (640,632),(665,632),(665,644),(640,644)
".4"bounds: (163,705),(176,705),(176,718),(163,718)
"La"bounds: (192,705),(211,705),(211,719),(192,719)
"dizaime"bounds: (219,709),(267,709),(267,722),(219,722)
"supérieure"bounds: (278,708),(351,708),(351,724),(278,724)
"n'est"bounds: (363,708),(398,708),(398,719),(363,719)
"þes"bounds: (403,708),(423,708),(423,720),(403,720)
"à"bounds: (430,709),(437,709),(437,717),(430,717)
"la"bounds: (446,705),(462,705),(462,717),(446,717)
"place"bounds: (469,705),(499,705),(499,724),(469,724)
"Jait"bounds: (338,735),(362,734),(362,754),(338,755)
"quelque"bounds: (371,737),(423,736),(423,753),(371,754)
"peu"bounds: (431,736),(455,735),(455,752),(431,753)
"douteuse."bounds: (462,736),(526,734),(526,745),(462,747)
"至"bounds: (944,730),(967,730),(967,759),(944,759)
"attendue"bounds: (191,736),(251,736),(251,747),(191,747)
"ot"bounds: (261,738),(273,738),(273,746),(261,746)
".3-4"bounds: (640,748),(668,745),(669,760),(641,763)
"T"bounds: (689,734),(708,732),(711,763),(692,765)
"de"bounds: (289,739),(306,739),(306,747),(289,747)
"le"bounds: (316,740),(326,740),(326,746),(316,746)
".6-7"bounds: (163,765),(188,766),(188,778),(163,777)
"&0t"bounds: (201,760),(248,761),(248,780),(201,779)
"m"bounds: (262,761),(277,761),(277,780),(262,780)
"est"bounds: (282,762),(310,763),(310,782),(282,781)
"pas"bounds: (316,769),(336,769),(336,782),(316,782)
"impossille;"bounds: (349,764),(429,766),(429,785),(349,783)
"20"bounds: (1024,789),(1044,789),(1044,802),(1024,802)
"Y"bounds: (690,794),(704,794),(704,819),(690,819)
"77"bounds: (717,790),(735,790),(736,820),(718,820)
"sont"bounds: (191,794),(230,793),(230,806),(191,807)
"exclus."bounds: (245,794),(296,793),(296,807),(245,808)
".4"bounds: (640,806),(655,806),(655,820),(640,820)
"本"bounds: (200,814),(224,814),(224,840),(200,840)
"严"bounds: (232,816),(245,816),(245,836),(232,836)
"目"bounds: (250,818),(260,818),(260,837),(250,837)
".9"bounds: (151,849),(198,849),(198,870),(151,870)
"14"bounds: (200,849),(218,849),(218,870),(200,870)
"O"bounds: (227,850),(239,850),(239,864),(227,864)
"et"bounds: (250,853),(264,853),(264,864),(250,864)
"I"bounds: (273,850),(286,850),(286,871),(273,871)
"quoique"bounds: (329,857),(387,857),(387,871),(329,871)
"pan"bounds: (399,854),(417,854),(417,872),(399,872)
"amporsibles"bounds: (428,853),(508,853),(508,871),(428,871)
"souf"bounds: (517,852),(553,852),(553,863),(517,863)
"igalement"bounds: (193,880),(271,879),(271,904),(193,905)
"lificiles."bounds: (284,882),(353,881),(353,901),(284,902)
".8"bounds: (162,824),(175,824),(175,836),(162,836)
"pas"bounds: (276,826),(297,825),(298,843),(277,844)
"imposibl"bounds: (316,824),(391,821),(392,841),(317,844)
"."bounds: (397,834),(398,834),(398,836),(397,836)
"至"bounds: (952,847),(973,847),(973,877),(952,877)
"1"bounds: (1022,964),(1065,964),(1065,983),(1022,983)
"L"bounds: (1060,966),(1073,966),(1073,980),(1060,980)
".6"bounds: (640,981),(653,981),(653,996),(640,996)
".7"bounds: (641,1159),(652,1159),(652,1173),(641,1173)
"8"bounds: (640,1217),(653,1216),(654,1231),(641,1232)
"月"bounds: (685,1204),(701,1203),(703,1231),(687,1232)
"举"bounds: (712,1202),(734,1200),(736,1232),(714,1234)
"TL"bounds: (741,1202),(768,1200),(770,1229),(743,1231)
"時"bounds: (719,1260),(744,1260),(744,1294),(719,1294)
"P"bounds: (754,1260),(773,1260),(773,1289),(754,1289)
"目"bounds: (781,1261),(793,1261),(793,1291),(781,1291)
"20"bounds: (1020,1260),(1042,1260),(1042,1274),(1020,1274)
"10"bounds: (1015,1317),(1061,1316),(1061,1334),(1015,1335)
"7"bounds: (1061,1318),(1072,1318),(1072,1333),(1061,1333)
"1-0"bounds: (738,1388),(783,1387),(783,1417),(738,1418)
"4"bounds: (1045,1400),(1055,1400),(1055,1417),(1045,1417)
"147"bounds: (1134,1510),(1168,1510),(1168,1526),(1134,1526)
"当"bounds: (851,728),(851,746),(832,746),(832,728)
"一"bounds: (839,748),(839,757),(838,757),(838,748)