Texts:

"HAGHIA TRIADA NODULES
n) Illisibles.
Wa 1855
Wa 1856
Wa 1857
HM 454.2
HM 454.29
HM 454.30
Wa 1858
Wa 1859
Wa 1860
HM 454.31
HM 467.14
HM 474.26
Wa 1861
HM 602.1
67
"bounds: (48,75),(1154,75),(1154,1528),(48,1528)
"HAGHIA"bounds: (449,75),(516,75),(516,85),(449,85)
"TRIADA"bounds: (528,75),(591,75),(591,85),(528,85)
"NODULES"bounds: (620,75),(697,75),(697,86),(620,86)
"n)"bounds: (48,157),(67,157),(67,176),(48,176)
"Illisibles."bounds: (81,158),(169,159),(169,176),(81,175)
"Wa"bounds: (165,378),(196,378),(196,392),(165,392)
"1855"bounds: (210,378),(250,378),(250,392),(210,392)
"Wa"bounds: (534,375),(565,375),(565,388),(534,388)
"1856"bounds: (580,374),(620,374),(620,388),(580,388)
"Wa"bounds: (894,373),(925,373),(925,387),(894,387)
"1857"bounds: (940,373),(980,374),(980,388),(940,387)
"HM"bounds: (281,560),(306,560),(306,575),(281,575)
"454.2"bounds: (319,560),(374,560),(374,573),(319,573)
"HM"bounds: (642,568),(670,568),(670,582),(642,582)
"454.29"bounds: (681,567),(743,567),(743,581),(681,581)
"HM"bounds: (991,572),(1020,572),(1020,585),(991,585)
"454.30"bounds: (1032,570),(1105,571),(1105,586),(1032,585)
"Wa"bounds: (164,645),(196,646),(196,661),(164,660)
"1858"bounds: (210,646),(251,647),(251,662),(210,661)
"Wa"bounds: (537,647),(567,647),(567,661),(537,661)
"1859"bounds: (582,646),(623,646),(623,661),(582,661)
"Wa"bounds: (898,643),(929,643),(929,658),(898,658)
"1860"bounds: (944,643),(984,643),(984,658),(944,658)
"HM"bounds: (267,843),(291,843),(291,857),(267,857)
"454.31"bounds: (300,844),(373,845),(373,858),(300,857)
"HM"bounds: (627,849),(654,847),(655,860),(628,862)
"467.14"bounds: (667,845),(729,841),(730,855),(668,859)
"HM"bounds: (990,842),(1015,841),(1015,855),(990,856)
"474.26"bounds: (1028,841),(1099,839),(1099,853),(1028,855)
"Wa"bounds: (171,919),(202,919),(202,933),(171,933)
"1861"bounds: (217,919),(256,919),(256,934),(217,934)
"HM"bounds: (300,1111),(326,1112),(326,1127),(300,1126)
"602.1"bounds: (338,1112),(395,1113),(395,1127),(338,1126)
"67"bounds: (1132,1511),(1154,1511),(1154,1528),(1132,1528)