Texts:

"PYR 2
éch. 1:1
HM 1681. Cablette
( [2,70] x [1,80]x[o,50] cm
PYR 2
PYR2
59
"bounds: (184,70),(1188,70),(1188,1533),(184,1533)
"PYR"bounds: (1116,70),(1164,71),(1164,89),(1116,88)
"2"bounds: (1178,71),(1188,71),(1188,89),(1178,89)
"éch."bounds: (280,479),(311,480),(310,495),(279,494)
"1:1"bounds: (323,481),(355,482),(354,496),(322,495)
"HM"bounds: (664,528),(714,528),(714,558),(664,558)
"1681."bounds: (742,536),(827,536),(827,559),(742,559)
"Cablette"bounds: (844,527),(977,526),(977,561),(844,562)
"("bounds: (655,581),(678,582),(677,623),(654,623)
"[2,70]"bounds: (680,581),(764,583),(763,626),(679,624)
"x"bounds: (770,604),(781,604),(781,618),(770,618)
"[1,80]x[o,50]"bounds: (794,585),(1019,590),(1018,627),(793,622)
"cm"bounds: (1029,588),(1078,589),(1077,621),(1028,620)
"PYR"bounds: (432,821),(514,817),(516,850),(434,854)
"2"bounds: (541,822),(564,821),(565,849),(543,850)
"PYR2"bounds: (184,1208),(331,1208),(331,1255),(184,1255)
"59"bounds: (1149,1517),(1171,1517),(1171,1533),(1149,1533)