Texts:

"45
W-C1
45 -.7
HT 97a.6!
45 -07
HT 94b.2
HT 11b.1
*HT 11b.1
745 -55
745 -56
45 -58-.7-47-04
ARKH 4a.3-43
45 -65-81
HT 93a.6'
lo
平留空
745 -73
ARKH 4b.33
HT 86a.3',b[.30 95a.4,b.4'
E
07- 45 -26
10- 45 -17
HT 122а.11
互留ATC
67- 45 -80-323-06
HT 31.41
78- 45 -73-55
MA la,b'
Is-[]修事
60-.7- 45 -13-04
HT 94b.5'
77-10- 45 -59
нT 13.11
60-53- 45 -13-04
*iT 94b.5'
半已P%Y
04-58- 45 -09-44-28
KN Zf 31
80-67- 45 -04
ZA 10b.33
79-301-09- 45-21-118
ARKH 2.3-43
J08-60-65-10- 45 -17
НГ 122b.31
08-59-28-301- 45 -77
ZA Zb 3,24
7- 45
HT 98a.11
G
03- 45
HT 9a.2,b.2' 122a.s'
08- 45
ZA 10h.43
28- 45
ZA 11b.263
50- 45
KH 88.25
Is 2 AC
HT 113.11
60-53- 45 /
08-59- 45
CR(?) Zf 14
-85-59- 45 -
KO (?) Zf 24
73- 45 /
XPH 30,21
780-27-53-73- 45
PH 30,2'
212
"bounds: (57,352),(1030,352),(1030,1534),(57,1534)
"45"bounds: (664,352),(704,352),(704,381),(664,381)
"W-C1"bounds: (293,524),(353,524),(353,552),(293,552)
"45"bounds: (626,533),(640,533),(640,549),(626,549)
"-.7"bounds: (651,529),(700,528),(700,546),(651,547)
"HT"bounds: (806,532),(822,531),(823,542),(807,543)
"97a.6!"bounds: (832,527),(878,524),(879,541),(833,544)
"45"bounds: (626,565),(641,565),(641,575),(626,575)
"-07"bounds: (651,565),(675,564),(675,574),(651,575)
"HT"bounds: (806,564),(823,563),(823,575),(806,576)
"94b.2"bounds: (831,558),(873,557),(874,577),(832,578)
"HT"bounds: (806,599),(823,598),(824,609),(807,610)
"11b.1"bounds: (832,591),(875,589),(876,612),(833,614)
"*HT"bounds: (807,626),(831,626),(831,642),(807,642)
"11b.1"bounds: (841,622),(883,622),(883,645),(841,645)
"745"bounds: (609,595),(641,595),(641,616),(609,616)
"-55"bounds: (652,599),(675,599),(675,615),(652,615)
"745"bounds: (610,628),(641,629),(641,648),(610,647)
"-56"bounds: (652,631),(675,631),(675,642),(652,642)
"45"bounds: (625,666),(644,666),(644,681),(625,681)
"-58-.7-47-04"bounds: (652,662),(776,660),(776,679),(652,681)
"ARKH"bounds: (806,666),(840,664),(841,675),(807,677)
"4a.3-43"bounds: (849,660),(906,656),(907,674),(850,678)
"45"bounds: (627,699),(641,699),(641,709),(627,709)
"-65-81"bounds: (652,698),(699,697),(699,709),(652,710)
"HT"bounds: (806,697),(823,696),(824,708),(807,709)
"93a.6'"bounds: (833,693),(879,690),(880,708),(834,711)
"lo"bounds: (283,722),(336,722),(336,747),(283,747)
"平"bounds: (271,756),(287,756),(287,781),(271,781)
"留空"bounds: (295,756),(338,756),(338,782),(295,782)
"745"bounds: (610,729),(644,728),(644,746),(610,747)
"-73"bounds: (652,732),(675,731),(675,741),(652,742)
"ARKH"bounds: (805,731),(840,729),(841,742),(806,744)
"4b.33"bounds: (849,726),(889,723),(890,740),(850,743)
"HT"bounds: (807,763),(823,763),(823,773),(807,773)
"86a.3',b[.30"bounds: (833,754),(938,753),(938,776),(833,777)
"95a.4,b.4'"bounds: (951,754),(1030,754),(1030,776),(951,776)
"E"bounds: (458,762),(464,762),(464,772),(458,772)
"07-"bounds: (594,764),(617,764),(617,773),(594,773)
"45"bounds: (626,764),(643,764),(643,777),(626,777)
"-26"bounds: (653,763),(676,763),(676,773),(653,773)
"10-"bounds: (595,798),(617,798),(617,808),(595,808)
"45"bounds: (626,798),(644,798),(644,812),(626,812)
"-17"bounds: (653,798),(676,798),(676,809),(653,809)
"HT"bounds: (807,798),(823,797),(823,808),(807,809)
"122а.11"bounds: (834,791),(887,789),(888,808),(835,810)
"互"bounds: (270,823),(288,822),(289,846),(271,847)
"留"bounds: (290,816),(322,815),(323,851),(291,852)
"ATC"bounds: (345,815),(399,813),(400,844),(346,846)
"67-"bounds: (595,832),(618,832),(618,841),(595,841)
"45"bounds: (627,832),(645,832),(645,847),(627,847)
"-80-323-06"bounds: (654,827),(736,827),(736,846),(654,846)
"HT"bounds: (807,831),(823,830),(824,842),(808,843)
"31.41"bounds: (833,825),(871,823),(872,841),(834,843)
"78-"bounds: (596,865),(618,865),(618,875),(596,875)
"45"bounds: (628,865),(643,865),(643,875),(628,875)
"-73-55"bounds: (653,865),(701,865),(701,875),(653,875)
"MA"bounds: (806,864),(824,863),(824,875),(806,876)
"la,b'"bounds: (834,859),(871,858),(872,877),(835,878)
"Is-"bounds: (223,891),(249,890),(249,912),(224,913)
"["bounds: (256,891),(269,891),(269,913),(257,913)
"]"bounds: (275,891),(290,891),(290,912),(275,912)
"修"bounds: (296,887),(337,886),(338,915),(297,916)
"事"bounds: (343,888),(362,888),(363,912),(344,912)
"60-.7-"bounds: (545,895),(618,895),(618,913),(545,913)
"45"bounds: (629,899),(643,899),(643,909),(629,909)
"-13-04"bounds: (654,899),(702,899),(702,909),(654,909)
"HT"bounds: (807,897),(823,896),(823,908),(807,909)
"94b.5'"bounds: (833,892),(879,891),(880,908),(834,910)
"77-10-"bounds: (571,933),(618,933),(618,943),(571,943)
"45"bounds: (629,933),(643,933),(643,942),(629,942)
"-59"bounds: (654,933),(677,933),(677,942),(654,942)
"нT"bounds: (800,927),(838,925),(839,944),(801,946)
"13.11"bounds: (840,925),(875,924),(876,944),(841,945)
"60-53-"bounds: (570,966),(619,966),(619,976),(570,976)
"45"bounds: (628,962),(643,962),(643,978),(628,978)
"-13-04"bounds: (654,966),(702,966),(702,975),(654,975)
"*iT"bounds: (808,960),(832,960),(832,975),(808,975)
"94b.5'"bounds: (842,958),(888,958),(888,976),(842,976)
"半"bounds: (248,987),(266,987),(266,1010),(248,1010)
"已"bounds: (274,988),(288,988),(288,1010),(274,1010)
"P"bounds: (296,989),(329,989),(329,1014),(296,1014)
"%"bounds: (341,988),(357,988),(357,1012),(341,1012)
"Y"bounds: (363,988),(376,988),(376,1012),(363,1012)
"04-58-"bounds: (570,999),(619,999),(619,1010),(570,1010)
"45"bounds: (628,999),(646,999),(646,1013),(628,1013)
"-09-44-28"bounds: (654,998),(727,998),(727,1010),(654,1010)
"KN"bounds: (808,999),(824,999),(824,1010),(808,1010)
"Zf"bounds: (834,998),(849,998),(849,1009),(834,1009)
"31"bounds: (858,999),(871,999),(871,1010),(858,1010)
"80-67-"bounds: (571,1033),(619,1033),(619,1043),(571,1043)
"45"bounds: (630,1032),(643,1032),(643,1042),(630,1042)
"-04"bounds: (654,1033),(677,1033),(677,1043),(654,1043)
"ZA"bounds: (808,1032),(823,1031),(824,1043),(809,1044)
"10b.33"bounds: (834,1027),(881,1023),(882,1042),(836,1046)
"79-301-09-"bounds: (538,1066),(619,1066),(619,1076),(538,1076)
"45-21-118"bounds: (628,1060),(720,1060),(720,1080),(628,1080)
"ARKH"bounds: (807,1065),(840,1064),(840,1076),(807,1077)
"2.3-43"bounds: (851,1060),(898,1058),(899,1075),(852,1077)
"J08-60-65-10-"bounds: (503,1096),(619,1097),(619,1116),(503,1115)
"45"bounds: (628,1100),(646,1100),(646,1115),(628,1115)
"-17"bounds: (655,1099),(678,1099),(678,1118),(655,1118)
"НГ"bounds: (799,1094),(839,1093),(840,1111),(800,1112)
"122b.31"bounds: (841,1092),(890,1090),(891,1109),(842,1111)
"08-59-28-301-"bounds: (512,1133),(620,1133),(620,1143),(512,1143)
"45"bounds: (628,1132),(646,1132),(646,1147),(628,1147)
"-77"bounds: (655,1133),(678,1133),(678,1142),(655,1142)
"ZA"bounds: (806,1128),(830,1127),(830,1144),(806,1145)
"Zb"bounds: (835,1127),(857,1126),(857,1143),(835,1144)
"3,24"bounds: (859,1127),(890,1126),(890,1142),(859,1143)
"7-"bounds: (598,1162),(628,1162),(628,1181),(598,1181)
"45"bounds: (630,1166),(644,1166),(644,1177),(630,1177)
"HT"bounds: (807,1166),(824,1165),(825,1176),(808,1177)
"98a.11"bounds: (834,1162),(880,1158),(881,1176),(835,1180)
"G"bounds: (457,1166),(464,1166),(464,1176),(457,1176)
"03-"bounds: (597,1200),(620,1201),(620,1211),(597,1210)
"45"bounds: (630,1199),(647,1200),(646,1215),(629,1214)
"HT"bounds: (808,1200),(824,1200),(824,1211),(808,1211)
"9a.2,b.2'"bounds: (834,1194),(905,1192),(906,1216),(835,1218)
"122a.s'"bounds: (919,1192),(972,1191),(972,1210),(919,1211)
"08-"bounds: (597,1233),(621,1234),(620,1245),(596,1244)
"45"bounds: (632,1232),(645,1233),(644,1248),(631,1247)
"ZA"bounds: (808,1234),(823,1233),(823,1244),(809,1245)
"10h.43"bounds: (835,1227),(882,1225),(883,1244),(836,1246)
"28-"bounds: (591,1265),(626,1264),(627,1282),(592,1283)
"45"bounds: (628,1263),(645,1262),(646,1281),(629,1282)
"ZA"bounds: (808,1268),(823,1267),(823,1278),(809,1279)
"11b.263"bounds: (835,1262),(890,1259),(891,1277),(836,1280)
"50-"bounds: (598,1299),(621,1299),(621,1309),(598,1309)
"45"bounds: (632,1299),(646,1299),(646,1309),(632,1309)
"KH"bounds: (808,1300),(825,1298),(826,1310),(809,1312)
"88.25"bounds: (834,1295),(875,1291),(876,1309),(836,1313)
"Is"bounds: (239,1319),(278,1319),(278,1353),(239,1353)
"2"bounds: (273,1323),(285,1323),(285,1346),(273,1346)
"AC"bounds: (295,1323),(325,1323),(325,1349),(295,1349)
"HT"bounds: (808,1333),(824,1332),(824,1343),(808,1344)
"113.11"bounds: (835,1327),(880,1325),(881,1344),(836,1346)
"60-53-"bounds: (573,1331),(622,1333),(621,1344),(573,1342)
"45"bounds: (632,1332),(649,1333),(648,1347),(631,1346)
"/"bounds: (656,1332),(664,1332),(663,1347),(655,1347)
"08-59-"bounds: (573,1365),(622,1367),(621,1379),(573,1377)
"45"bounds: (632,1365),(645,1366),(644,1381),(631,1380)
"CR(?)"bounds: (808,1367),(847,1366),(848,1381),(809,1382)
"Zf"bounds: (859,1367),(875,1366),(875,1378),(859,1379)
"14"bounds: (885,1361),(899,1360),(900,1377),(886,1378)
"-85-59-"bounds: (564,1399),(621,1400),(621,1410),(564,1409)
"45"bounds: (631,1400),(646,1400),(646,1410),(631,1410)
"-"bounds: (656,1404),(663,1404),(663,1406),(656,1406)
"KO"bounds: (809,1401),(824,1400),(824,1411),(810,1412)
"(?)"bounds: (827,1400),(846,1399),(847,1414),(828,1415)
"Zf"bounds: (859,1400),(875,1399),(875,1410),(860,1411)
"24"bounds: (885,1394),(898,1393),(899,1410),(886,1411)
"73-"bounds: (599,1432),(622,1433),(621,1444),(598,1443)
"45"bounds: (632,1432),(646,1433),(645,1444),(631,1443)
"/"bounds: (657,1431),(664,1431),(663,1448),(656,1448)
"XPH"bounds: (808,1429),(833,1429),(833,1445),(808,1445)
"30,21"bounds: (843,1427),(880,1427),(880,1446),(843,1446)
"780-27-53-73-"bounds: (505,1464),(621,1465),(621,1485),(505,1484)
"45"bounds: (628,1463),(648,1463),(648,1484),(628,1484)
"PH"bounds: (808,1471),(824,1470),(825,1481),(809,1482)
"30,2'"bounds: (833,1463),(872,1461),(873,1482),(834,1484)
"212"bounds: (57,1516),(95,1515),(96,1533),(58,1534)