Texts:

"XXXII
INSCRIPTIONS EN LINÉAIRE A
Localisation
GORILA
РоМ
Pugliese 1945
No d'inventaire
HT Zb 15949
HT 159, сol. 591, fig. 232 €
pl. XXIII
HT 160, col. 591, fig. 233
НT 161, сol. 591, pl. XXIII
HM 21074
HT Zb 16051
Pigorini
НМ 3945
HT Zb 16153
KE Zb 355
К. 2974
KE Zb 457
KE Zb 559
KN Zb 461
KN Zb 563
K. 2484
К. 2005
НМ 2631
НМ 2600
1, р. 617
I, p. 556, 572, fig. 416 (b), 616- Cn 5, col. 594, fig. 236
7, fig. 453
Cn 4, col. 593, fig. 235
KN Zb 2065
НМ 14278
KN Zb <27 > 67
I, р. 617
KN Zb 3469
NM 1160
Palais de Knossos. I, p. 563, fig. 409; IV, p. 230,
Magasin des pithos
à médaillons
KN Zb 3571
fig. 177
KN Zb <36 >75
KN Zb <37 >75
KN Zb <38 >77
KN Zb <39 >79
KN Zb 4081
LA Zb 183
HM 21391
Coll. Métaxas
MA Zb 885
MSMA P 2361
| Mus.
| hague 6990
НМ 1620
Palais de Phaistos.
| Magasin 33
HM 19808
Nat. Copen-
I, р. 561, 637 ; IV, р. 715,
fig. 697 (a), p. 736, fig. 721
MI Zb 187
Me 1, col. 602
PH Zb 489
Ph 4, col. 596
PH Zb 591
Ph 5, col. 596, fig. 241
PH Zb 4893
SK Zb 195
НМ 1614
(49) Cf. Pugliese 1945, col. 433, 434.
(50) Ibid.
(51) Воrda 1946, р. 106, по 16,
pl. 48:1.
(52) Cf. Pugliese 1945, col. 433, 434.
(53) Halbherr-Stefani-Banti
p. 142 (mais cf. p. 110).
(54) Id., p. 142.
(54 bis) Id., p. 110.
(55) Сaskey 1970, р. 110, nо 4,
fig. 2, pl. 1.
(56) Ibid.
(57) Ibid., no 5, fig. 2, pl. 1.
(58) Ibid.
(59) Id., p. 110-1, n° 6, fig. ɛ, pl. 1.
(60) Ibid.
(61) РоМ, lос. cit.
(62) Ibid.
(63) РоМ, lос. cil.
(64) Ibid.
(65) Chadwick-Hood 1962, p. 73-4
pl. 20 а.
(66) Id., p. 73.
(67) РоМ, lос. cit.
(68) Ibid.
(69) Cf. Bulletin de Correspondanc
Hellenique, 4 (1880), р. 124-7
1977,
"bounds: (255,189),(1206,189),(1206,1344),(255,1344)
"XXXII"bounds: (255,191),(304,191),(304,200),(255,200)
"INSCRIPTIONS"bounds: (519,192),(635,192),(635,202),(519,202)
"EN"bounds: (650,193),(671,193),(671,202),(650,202)
"LINÉAIRE"bounds: (685,189),(765,189),(765,203),(685,203)
"A"bounds: (778,194),(787,194),(787,203),(778,203)
"Localisation"bounds: (460,262),(568,262),(568,276),(460,276)
"GORILA"bounds: (297,272),(361,274),(361,288),(297,286)
"РоМ"bounds: (753,274),(792,274),(792,288),(753,288)
"Pugliese"bounds: (1011,276),(1083,275),(1083,293),(1011,294)
"1945"bounds: (1094,277),(1132,276),(1132,290),(1094,291)
"No"bounds: (444,286),(465,286),(465,299),(444,299)
"d'inventaire"bounds: (474,286),(581,286),(581,300),(474,300)
"HT"bounds: (268,340),(296,340),(296,354),(268,354)
"Zb"bounds: (304,340),(327,340),(327,354),(304,354)
"15949"bounds: (335,340),(380,340),(380,355),(335,355)
"HT"bounds: (938,340),(986,341),(986,362),(938,361)
"159,"bounds: (988,341),(1019,341),(1019,362),(988,362)
"сol."bounds: (1028,343),(1057,343),(1057,357),(1028,357)
"591,"bounds: (1071,344),(1106,344),(1106,361),(1071,361)
"fig."bounds: (1120,344),(1145,344),(1145,362),(1120,362)
"232"bounds: (1158,345),(1189,345),(1189,359),(1158,359)
"€"bounds: (1202,350),(1206,350),(1206,359),(1202,359)
"pl."bounds: (947,368),(967,368),(967,386),(947,386)
"XXIII"bounds: (978,367),(1037,366),(1037,382),(978,383)
"HT"bounds: (937,392),(965,392),(965,405),(937,405)
"160,"bounds: (976,392),(1009,392),(1009,409),(976,409)
"col."bounds: (1019,393),(1047,393),(1047,406),(1019,406)
"591,"bounds: (1057,392),(1091,392),(1091,409),(1057,409)
"fig."bounds: (1101,393),(1126,393),(1126,409),(1101,409)
"233"bounds: (1135,393),(1165,393),(1165,407),(1135,407)
"НT"bounds: (938,414),(980,414),(980,436),(938,436)
"161,"bounds: (982,414),(1011,414),(1011,436),(982,436)
"сol."bounds: (1019,417),(1047,417),(1047,430),(1019,430)
"591,"bounds: (1057,417),(1091,417),(1091,434),(1057,434)
"pl."bounds: (1101,417),(1121,417),(1121,435),(1101,435)
"XXIII"bounds: (1131,418),(1191,418),(1191,431),(1131,431)
"HM"bounds: (418,341),(449,341),(449,354),(418,354)
"21074"bounds: (458,341),(509,341),(509,355),(458,355)
"HT"bounds: (268,389),(296,389),(296,402),(268,402)
"Zb"bounds: (304,389),(327,389),(327,403),(304,403)
"16051"bounds: (335,389),(380,389),(380,404),(335,404)
"Pigorini"bounds: (418,389),(487,390),(487,409),(418,408)
"НМ"bounds: (421,411),(467,411),(467,430),(421,430)
"3945"bounds: (469,411),(497,411),(497,430),(469,430)
"HT"bounds: (268,413),(296,413),(296,427),(268,427)
"Zb"bounds: (308,411),(330,411),(330,430),(308,430)
"16153"bounds: (335,413),(381,412),(381,427),(335,428)
"KE"bounds: (267,462),(295,462),(295,476),(267,476)
"Zb"bounds: (304,462),(326,462),(326,476),(304,476)
"355"bounds: (335,462),(360,462),(360,476),(335,476)
"К."bounds: (421,459),(445,459),(445,477),(421,477)
"2974"bounds: (446,461),(487,462),(487,477),(446,476)
"KE"bounds: (267,486),(295,486),(295,500),(267,500)
"Zb"bounds: (304,486),(326,486),(326,500),(304,500)
"457"bounds: (335,487),(358,487),(358,501),(335,501)
"KE"bounds: (266,510),(295,510),(295,525),(266,525)
"Zb"bounds: (304,510),(326,510),(326,525),(304,525)
"559"bounds: (335,511),(360,511),(360,526),(335,526)
"KN"bounds: (266,534),(295,534),(295,549),(266,549)
"Zb"bounds: (304,534),(326,534),(326,550),(304,550)
"461"bounds: (334,535),(358,535),(358,549),(334,549)
"KN"bounds: (266,559),(295,559),(295,573),(266,573)
"Zb"bounds: (308,556),(330,556),(330,575),(308,575)
"563"bounds: (335,559),(360,559),(360,573),(335,573)
"K."bounds: (418,487),(437,487),(437,501),(418,501)
"2484"bounds: (447,486),(486,486),(486,501),(447,501)
"К."bounds: (419,508),(448,508),(448,526),(419,526)
"2005"bounds: (446,510),(487,511),(487,526),(446,525)
"НМ"bounds: (424,533),(464,534),(464,553),(424,552)
"2631"bounds: (466,534),(499,534),(499,552),(466,552)
"НМ"bounds: (420,557),(461,557),(461,576),(420,576)
"2600"bounds: (458,560),(498,560),(498,573),(458,573)
"1,"bounds: (632,536),(658,535),(658,554),(632,555)
"р."bounds: (659,541),(672,541),(672,554),(659,554)
"617"bounds: (682,537),(711,536),(711,550),(682,551)
"I,"bounds: (634,558),(657,558),(657,581),(634,581)
"p."bounds: (659,566),(672,566),(672,579),(659,579)
"556,"bounds: (682,561),(717,561),(717,577),(682,577)
"572,"bounds: (726,561),(760,561),(760,578),(726,578)
"fig."bounds: (770,561),(795,561),(795,579),(770,579)
"416"bounds: (804,561),(834,561),(834,575),(804,575)
"(b),"bounds: (843,562),(871,562),(871,580),(843,580)
"616-"bounds: (879,558),(917,558),(917,581),(879,581)
"Cn"bounds: (936,562),(958,562),(958,575),(936,575)
"5,"bounds: (967,562),(981,562),(981,579),(967,579)
"col."bounds: (990,563),(1018,563),(1018,576),(990,576)
"594,"bounds: (1028,562),(1063,562),(1063,580),(1028,580)
"fig."bounds: (1072,563),(1097,563),(1097,581),(1072,581)
"236"bounds: (1107,563),(1136,563),(1136,577),(1107,577)
"7,"bounds: (647,585),(660,585),(660,602),(647,602)
"fig."bounds: (670,585),(694,585),(694,602),(670,602)
"453"bounds: (704,586),(733,585),(733,598),(704,599)
"Cn"bounds: (936,538),(958,538),(958,551),(936,551)
"4,"bounds: (967,538),(980,538),(980,555),(967,555)
"col."bounds: (990,538),(1018,538),(1018,551),(990,551)
"593,"bounds: (1028,537),(1063,537),(1063,555),(1028,555)
"fig."bounds: (1073,539),(1097,539),(1097,557),(1073,557)
"235"bounds: (1107,539),(1136,539),(1136,552),(1107,552)
"KN"bounds: (266,607),(295,607),(295,621),(266,621)
"Zb"bounds: (304,608),(326,608),(326,622),(304,622)
"2065"bounds: (335,608),(370,608),(370,622),(335,622)
"НМ"bounds: (419,606),(465,606),(465,625),(419,625)
"14278"bounds: (467,606),(508,606),(508,625),(467,625)
"KN"bounds: (266,632),(295,632),(295,645),(266,645)
"Zb"bounds: (303,632),(326,632),(326,647),(303,647)
"<27"bounds: (337,632),(365,632),(365,647),(337,647)
">"bounds: (372,638),(377,638),(377,646),(372,646)
"67"bounds: (381,633),(393,633),(393,640),(381,640)
"I,"bounds: (632,631),(655,631),(655,654),(632,654)
"р."bounds: (656,639),(669,639),(669,652),(656,652)
"617"bounds: (677,634),(706,634),(706,647),(677,647)
"KN"bounds: (266,656),(295,656),(295,670),(266,670)
"Zb"bounds: (303,656),(326,656),(326,671),(303,671)
"3469"bounds: (334,656),(370,656),(370,670),(334,670)
"NM"bounds: (417,656),(447,656),(447,670),(417,670)
"1160"bounds: (459,657),(497,657),(497,671),(459,671)
"Palais"bounds: (432,680),(483,680),(483,694),(432,694)
"de"bounds: (502,681),(520,681),(520,695),(502,695)
"Knossos."bounds: (538,679),(616,680),(616,699),(538,698)
"I,"bounds: (637,682),(648,682),(648,699),(637,699)
"p."bounds: (659,687),(673,687),(673,699),(659,699)
"563,"bounds: (684,681),(719,681),(719,698),(684,698)
"fig."bounds: (730,682),(755,682),(755,700),(730,700)
"409;"bounds: (765,682),(806,682),(806,699),(765,699)
"IV,"bounds: (818,682),(844,682),(844,700),(818,700)
"p."bounds: (855,688),(870,688),(870,701),(855,701)
"230,"bounds: (878,682),(916,682),(916,701),(878,701)
"Magasin"bounds: (431,704),(503,705),(503,724),(431,723)
"des"bounds: (520,705),(546,705),(546,719),(520,719)
"pithos"bounds: (563,703),(614,703),(614,725),(563,725)
"à"bounds: (442,727),(454,727),(454,745),(442,745)
"médaillons"bounds: (456,727),(539,727),(539,746),(456,746)
"KN"bounds: (266,704),(295,704),(295,718),(266,718)
"Zb"bounds: (303,704),(326,704),(326,719),(303,719)
"3571"bounds: (334,705),(367,705),(367,719),(334,719)
"fig."bounds: (646,705),(671,704),(671,722),(646,723)
"177"bounds: (682,707),(710,706),(710,720),(682,721)
"KN"bounds: (266,752),(295,752),(295,767),(266,767)
"Zb"bounds: (303,753),(326,753),(326,767),(303,767)
"<36"bounds: (336,753),(365,753),(365,768),(336,768)
">75"bounds: (372,754),(393,754),(393,767),(372,767)
"KN"bounds: (265,777),(294,777),(294,791),(265,791)
"Zb"bounds: (306,775),(329,775),(329,793),(306,793)
"<37"bounds: (336,778),(365,778),(365,793),(336,793)
">75"bounds: (372,778),(393,778),(393,791),(372,791)
"KN"bounds: (265,801),(294,801),(294,815),(265,815)
"Zb"bounds: (302,802),(325,802),(325,816),(302,816)
"<38"bounds: (336,802),(364,802),(364,817),(336,817)
">77"bounds: (371,803),(391,803),(391,816),(371,816)
"KN"bounds: (265,826),(294,826),(294,840),(265,840)
"Zb"bounds: (303,826),(325,826),(325,841),(303,841)
"<39"bounds: (336,826),(364,826),(364,841),(336,841)
">79"bounds: (371,827),(392,827),(392,840),(371,840)
"KN"bounds: (265,850),(294,850),(294,864),(265,864)
"Zb"bounds: (303,850),(325,850),(325,865),(303,865)
"4081"bounds: (333,850),(367,850),(367,865),(333,865)
"LA"bounds: (265,874),(292,874),(292,888),(265,888)
"Zb"bounds: (306,873),(329,873),(329,891),(306,891)
"183"bounds: (334,875),(358,875),(358,889),(334,889)
"HM"bounds: (416,851),(447,851),(447,864),(416,864)
"21391"bounds: (456,850),(505,850),(505,865),(456,865)
"Coll."bounds: (415,875),(453,875),(453,889),(415,889)
"Métaxas"bounds: (463,876),(536,877),(536,890),(463,889)
"MA"bounds: (265,899),(296,899),(296,913),(265,913)
"Zb"bounds: (304,899),(326,899),(326,914),(304,914)
"885"bounds: (334,900),(359,900),(359,914),(334,914)
"MSMA"bounds: (416,900),(474,900),(474,914),(416,914)
"P"bounds: (484,900),(495,900),(495,913),(484,913)
"2361"bounds: (504,900),(542,900),(542,914),(504,914)
"|"bounds: (424,922),(436,921),(437,940),(425,941)
"Mus."bounds: (438,921),(469,919),(470,939),(439,941)
"|"bounds: (419,948),(432,948),(432,967),(419,967)
"hague"bounds: (429,949),(481,948),(481,965),(429,966)
"6990"bounds: (489,949),(530,948),(530,963),(489,964)
"НМ"bounds: (420,971),(464,971),(464,989),(420,989)
"1620"bounds: (466,971),(496,971),(496,989),(466,989)
"Palais"bounds: (429,998),(481,998),(481,1012),(429,1012)
"de"bounds: (499,998),(517,998),(517,1012),(499,1012)
"Phaistos."bounds: (534,995),(615,995),(615,1014),(534,1014)
"|"bounds: (422,1020),(435,1020),(435,1042),(422,1042)
"Magasin"bounds: (438,1019),(500,1019),(500,1042),(438,1042)
"33"bounds: (510,1022),(529,1022),(529,1036),(510,1036)
"HM"bounds: (415,1047),(446,1047),(446,1060),(415,1060)
"19808"bounds: (457,1046),(506,1046),(506,1060),(457,1060)
"Nat."bounds: (494,924),(531,925),(531,939),(494,938)
"Copen-"bounds: (553,922),(613,923),(613,945),(553,944)
"I,"bounds: (646,922),(675,922),(675,945),(646,945)
"р."bounds: (677,922),(695,922),(695,945),(677,945)
"561,"bounds: (705,925),(739,925),(739,943),(705,943)
"637"bounds: (754,925),(783,925),(783,939),(754,939)
";"bounds: (792,930),(794,930),(794,943),(792,943)
"IV,"bounds: (813,922),(843,922),(843,945),(813,945)
"р."bounds: (851,931),(865,931),(865,944),(851,944)
"715,"bounds: (873,922),(915,922),(915,945),(873,945)
"fig."bounds: (649,950),(674,950),(674,968),(649,968)
"697"bounds: (686,949),(715,949),(715,963),(686,963)
"(a),"bounds: (727,949),(754,949),(754,969),(727,969)
"p."bounds: (766,955),(780,955),(780,969),(766,969)
"736,"bounds: (792,950),(826,950),(826,967),(792,967)
"fig."bounds: (838,950),(863,950),(863,968),(838,968)
"721"bounds: (875,951),(902,951),(902,964),(875,964)
"MI"bounds: (265,937),(289,937),(289,951),(265,951)
"Zb"bounds: (302,937),(325,937),(325,951),(302,951)
"187"bounds: (333,937),(357,937),(357,951),(333,951)
"Me"bounds: (934,939),(958,939),(958,953),(934,953)
"1,"bounds: (968,940),(980,940),(980,956),(968,956)
"col."bounds: (990,940),(1019,940),(1019,954),(990,954)
"602"bounds: (1028,940),(1058,940),(1058,954),(1028,954)
"PH"bounds: (265,972),(294,972),(294,987),(265,987)
"Zb"bounds: (306,970),(328,970),(328,989),(306,989)
"489"bounds: (333,973),(358,973),(358,987),(333,987)
"Ph"bounds: (934,975),(957,975),(957,989),(934,989)
"4,"bounds: (966,976),(979,976),(979,992),(966,992)
"col."bounds: (989,975),(1017,975),(1017,990),(989,990)
"596"bounds: (1027,975),(1056,975),(1056,990),(1027,990)
"PH"bounds: (265,1010),(294,1010),(294,1024),(265,1024)
"Zb"bounds: (302,1011),(324,1011),(324,1025),(302,1025)
"591"bounds: (333,1011),(356,1011),(356,1025),(333,1025)
"Ph"bounds: (934,1013),(957,1013),(957,1026),(934,1026)
"5,"bounds: (966,1013),(979,1013),(979,1030),(966,1030)
"col."bounds: (989,1014),(1017,1014),(1017,1027),(989,1027)
"596,"bounds: (1027,1013),(1062,1013),(1062,1031),(1027,1031)
"fig."bounds: (1071,1014),(1096,1014),(1096,1032),(1071,1032)
"241"bounds: (1105,1013),(1133,1013),(1133,1028),(1105,1028)
"PH"bounds: (264,1046),(293,1046),(293,1060),(264,1060)
"Zb"bounds: (301,1046),(324,1046),(324,1060),(301,1060)
"4893"bounds: (332,1045),(368,1045),(368,1061),(332,1061)
"SK"bounds: (265,1094),(291,1094),(291,1108),(265,1108)
"Zb"bounds: (301,1094),(324,1094),(324,1109),(301,1109)
"195"bounds: (332,1094),(357,1094),(357,1109),(332,1109)
"НМ"bounds: (421,1092),(461,1093),(461,1111),(421,1110)
"1614"bounds: (463,1093),(496,1094),(496,1112),(463,1111)
"(49)"bounds: (267,1165),(293,1165),(293,1179),(267,1179)
"Cf."bounds: (305,1166),(324,1166),(324,1176),(305,1176)
"Pugliese"bounds: (333,1166),(393,1166),(393,1180),(333,1180)
"1945,"bounds: (403,1166),(439,1166),(439,1180),(403,1180)
"col."bounds: (448,1166),(472,1166),(472,1177),(448,1177)
"433,"bounds: (481,1166),(510,1166),(510,1180),(481,1180)
"434."bounds: (518,1166),(547,1166),(547,1177),(518,1177)
"(50)"bounds: (266,1185),(293,1184),(294,1199),(267,1200)
"Ibid."bounds: (306,1185),(339,1184),(339,1197),(307,1198)
"(51)"bounds: (267,1205),(293,1205),(293,1219),(267,1219)
"Воrda"bounds: (305,1205),(348,1205),(348,1216),(305,1216)
"1946,"bounds: (367,1206),(403,1206),(403,1219),(367,1219)
"р."bounds: (421,1210),(432,1210),(432,1220),(421,1220)
"106,"bounds: (451,1206),(478,1206),(478,1219),(451,1219)
"по"bounds: (496,1208),(510,1208),(510,1216),(496,1216)
"16,"bounds: (529,1207),(547,1207),(547,1220),(529,1220)
"pl."bounds: (305,1226),(321,1226),(321,1239),(305,1239)
"48:1."bounds: (334,1225),(367,1225),(367,1237),(334,1237)
"(52)"bounds: (267,1245),(292,1245),(292,1259),(267,1259)
"Cf."bounds: (305,1243),(328,1243),(328,1261),(305,1261)
"Pugliese"bounds: (332,1246),(393,1246),(393,1259),(332,1259)
"1945,"bounds: (403,1246),(439,1246),(439,1259),(403,1259)
"col."bounds: (448,1246),(471,1246),(471,1256),(448,1256)
"433,"bounds: (481,1246),(509,1246),(509,1259),(481,1259)
"434."bounds: (518,1246),(547,1246),(547,1257),(518,1257)
"(53)"bounds: (266,1265),(292,1265),(292,1279),(266,1279)
"Halbherr-Stefani-Banti"bounds: (310,1266),(485,1266),(485,1276),(310,1276)
"p."bounds: (303,1282),(321,1282),(321,1299),(303,1299)
"142"bounds: (328,1286),(351,1286),(351,1296),(328,1296)
"(mais"bounds: (362,1285),(400,1285),(400,1299),(362,1299)
"cf."bounds: (410,1286),(426,1286),(426,1297),(410,1297)
"p."bounds: (437,1289),(448,1289),(448,1300),(437,1300)
"110)."bounds: (460,1286),(493,1286),(493,1300),(460,1300)
"(54)"bounds: (266,1305),(292,1305),(292,1319),(266,1319)
"Id.,"bounds: (305,1305),(328,1305),(328,1319),(305,1319)
"p."bounds: (340,1308),(351,1308),(351,1319),(340,1319)
"142."bounds: (363,1306),(391,1306),(391,1317),(363,1317)
"(54"bounds: (266,1325),(287,1325),(287,1339),(266,1339)
"bis)"bounds: (295,1325),(318,1325),(318,1339),(295,1339)
"Id.,"bounds: (331,1326),(355,1326),(355,1339),(331,1339)
"p."bounds: (364,1329),(376,1329),(376,1340),(364,1340)
"110."bounds: (386,1326),(413,1326),(413,1337),(386,1337)
"(55)"bounds: (599,1166),(625,1166),(625,1181),(599,1181)
"Сaskey"bounds: (637,1166),(689,1166),(689,1180),(637,1180)
"1970,"bounds: (707,1166),(743,1166),(743,1180),(707,1180)
"р."bounds: (761,1169),(773,1169),(773,1181),(761,1181)
"110,"bounds: (791,1167),(819,1167),(819,1181),(791,1181)
"nо"bounds: (836,1169),(851,1169),(851,1177),(836,1177)
"4,"bounds: (868,1167),(879,1167),(879,1181),(868,1181)
"fig."bounds: (637,1187),(658,1187),(658,1200),(637,1200)
"2,"bounds: (668,1186),(680,1186),(680,1200),(668,1200)
"pl."bounds: (691,1187),(708,1187),(708,1201),(691,1201)
"1."bounds: (721,1187),(730,1187),(730,1197),(721,1197)
"(56)"bounds: (599,1206),(625,1205),(625,1219),(599,1220)
"Ibid."bounds: (637,1206),(671,1205),(671,1217),(637,1218)
"(57)"bounds: (599,1226),(625,1226),(625,1240),(599,1240)
"Ibid.,"bounds: (638,1226),(676,1226),(676,1239),(638,1239)
"no"bounds: (687,1227),(701,1227),(701,1237),(687,1237)
"5,"bounds: (710,1227),(721,1227),(721,1240),(710,1240)
"fig."bounds: (731,1226),(751,1226),(751,1240),(731,1240)
"2,"bounds: (761,1227),(772,1227),(772,1240),(761,1240)
"pl."bounds: (782,1227),(799,1227),(799,1240),(782,1240)
"1."bounds: (810,1227),(819,1227),(819,1237),(810,1237)
"(58)"bounds: (599,1246),(625,1246),(625,1260),(599,1260)
"Ibid."bounds: (637,1246),(671,1245),(671,1257),(637,1258)
"(59)"bounds: (599,1266),(624,1266),(624,1280),(599,1280)
"Id.,"bounds: (637,1266),(661,1266),(661,1280),(637,1280)
"p."bounds: (671,1269),(682,1269),(682,1280),(671,1280)
"110-1,"bounds: (694,1266),(736,1266),(736,1280),(694,1280)
"n°"bounds: (745,1268),(760,1268),(760,1277),(745,1277)
"6,"bounds: (769,1266),(780,1266),(780,1280),(769,1280)
"fig."bounds: (790,1266),(810,1266),(810,1281),(790,1281)
"ɛ,"bounds: (822,1270),(832,1270),(832,1280),(822,1280)
"pl."bounds: (842,1267),(858,1267),(858,1281),(842,1281)
"1."bounds: (869,1267),(879,1267),(879,1278),(869,1278)
"(60)"bounds: (598,1287),(624,1286),(625,1300),(599,1301)
"Ibid."bounds: (636,1286),(671,1285),(671,1297),(637,1298)
"(61)"bounds: (598,1306),(624,1306),(624,1320),(598,1320)
"РоМ,"bounds: (637,1307),(673,1307),(673,1320),(637,1320)
"lос."bounds: (685,1307),(707,1307),(707,1317),(685,1317)
"cit."bounds: (718,1307),(738,1307),(738,1317),(718,1317)
"(62)"bounds: (598,1327),(624,1327),(624,1340),(598,1340)
"Ibid."bounds: (637,1326),(671,1325),(671,1338),(637,1339)
"(63)"bounds: (932,1168),(957,1168),(957,1182),(932,1182)
"РоМ,"bounds: (970,1167),(1007,1167),(1007,1182),(970,1182)
"lос."bounds: (1018,1168),(1040,1168),(1040,1179),(1018,1179)
"cil."bounds: (1051,1168),(1072,1168),(1072,1180),(1051,1180)
"(64)"bounds: (931,1188),(957,1187),(957,1201),(931,1202)
"Ibid."bounds: (970,1188),(1004,1187),(1004,1199),(970,1200)
"(65)"bounds: (932,1208),(957,1208),(957,1221),(932,1221)
"Chadwick-Hood"bounds: (969,1207),(1090,1208),(1090,1220),(969,1219)
"1962,"bounds: (1104,1208),(1140,1208),(1140,1222),(1104,1222)
"p."bounds: (1152,1212),(1164,1212),(1164,1223),(1152,1223)
"73-4"bounds: (1177,1208),(1206,1208),(1206,1219),(1177,1219)
"pl."bounds: (969,1228),(986,1228),(986,1242),(969,1242)
"20"bounds: (996,1227),(1012,1227),(1012,1239),(996,1239)
"а."bounds: (1019,1231),(1030,1231),(1030,1238),(1019,1238)
"(66)"bounds: (931,1247),(957,1247),(957,1261),(931,1261)
"Id.,"bounds: (970,1247),(994,1247),(994,1262),(970,1262)
"p."bounds: (1003,1251),(1015,1251),(1015,1262),(1003,1262)
"73."bounds: (1025,1248),(1044,1248),(1044,1259),(1025,1259)
"(67)"bounds: (931,1268),(957,1268),(957,1282),(931,1282)
"РоМ,"bounds: (969,1268),(1006,1268),(1006,1282),(969,1282)
"lос."bounds: (1017,1268),(1039,1268),(1039,1279),(1017,1279)
"cit."bounds: (1050,1268),(1070,1268),(1070,1279),(1050,1279)
"(68)"bounds: (931,1288),(957,1288),(957,1302),(931,1302)
"Ibid."bounds: (969,1288),(1003,1288),(1003,1299),(969,1299)
"(69)"bounds: (931,1308),(957,1308),(957,1322),(931,1322)
"Cf."bounds: (968,1308),(987,1308),(987,1320),(968,1320)
"Bulletin"bounds: (1001,1307),(1059,1308),(1059,1320),(1001,1319)
"de"bounds: (1071,1309),(1086,1309),(1086,1320),(1071,1320)
"Correspondanc"bounds: (1098,1308),(1205,1309),(1205,1325),(1098,1324)
"Hellenique,"bounds: (968,1328),(1049,1328),(1049,1343),(968,1343)
"4"bounds: (1062,1330),(1068,1330),(1068,1340),(1062,1340)
"(1880),"bounds: (1081,1330),(1130,1330),(1130,1343),(1081,1343)
"р."bounds: (1143,1333),(1154,1333),(1154,1344),(1143,1344)
"124-7"bounds: (1169,1330),(1206,1330),(1206,1340),(1169,1340)
"1977,"bounds: (511,1266),(547,1267),(547,1280),(511,1279)