Texts:

"28
80-53-.7- 28
HT 6b.2-3'
01- 28
нT 12.61
701- 28
KH 13,43
08-27-01- 28
нГ 29.51
ヤ4トF 半
ARKH 2.2-33
08-41-01-05- 28
08-05-349-05- 28
KH 11.43
立
PK Za 8a“ 14a-b4
69-13- 28
80-53-27- 28
*IT 6b.2-3'
04-58-45-09-44- 28
KN Zf 314
755- 28
*HT 154JA.2'
T目平
707-57- 28
Н 29.31
67-59- 28
НT 123а.1
HT 11a.4' 93a.5
HT 8a.3,b.3-4' 85b.5-6' 122a.4'
100/102- 28
16-310- 28
77-53-310- 28
HT 98a.41
03-342- 28
нT 43.1-21
A 517
H
'28''120+03'
HT 43.2' 93a.3-4.5' 120.41
A 518
'28''122'
ZA 11b.2а3
A 519
'28''301'
KN 2.2'
A 520
28 +301
HT Wa 10222
A 516
28 +L? 7
HT 96b.2' 118.11 154.11
KH 12.23 Wc 20663 2070a3
ZA 1a.1' 11a.1,b.13
41- 28 +? 7
нT 34.11
A 551
нT 34.51 37.11
73+57+ 28
KH 81,23
191
"bounds: (144,95),(1172,95),(1172,1536),(144,1536)
"28"bounds: (1058,95),(1075,95),(1075,108),(1058,108)
"80-53-.7-"bounds: (484,163),(583,164),(583,183),(484,182)
"28"bounds: (592,167),(610,167),(610,184),(592,184)
"HT"bounds: (734,166),(751,165),(751,178),(734,179)
"6b.2-3'"bounds: (761,161),(815,159),(816,178),(762,180)
"01-"bounds: (559,202),(583,202),(583,212),(559,212)
"28"bounds: (593,202),(608,202),(608,212),(593,212)
"нT"bounds: (734,202),(751,201),(751,212),(735,213)
"12.61"bounds: (762,196),(799,194),(800,212),(763,214)
"701-"bounds: (542,232),(583,233),(583,253),(542,252)
"28"bounds: (589,231),(611,231),(611,254),(589,254)
"KH"bounds: (735,236),(751,235),(752,247),(736,248)
"13,43"bounds: (761,230),(800,227),(801,246),(762,249)
"08-27-01-"bounds: (508,269),(582,270),(582,281),(508,280)
"28"bounds: (593,270),(608,270),(608,280),(593,280)
"нГ"bounds: (734,269),(751,268),(752,281),(735,282)
"29.51"bounds: (761,264),(798,261),(799,280),(762,283)
"ヤ"bounds: (144,292),(161,292),(161,315),(144,315)
"4"bounds: (167,292),(187,292),(187,316),(167,316)
"ト"bounds: (193,293),(204,293),(204,315),(193,315)
"F"bounds: (213,295),(226,295),(226,314),(213,314)
"半"bounds: (240,295),(252,295),(252,318),(240,318)
"ARKH"bounds: (733,303),(768,301),(769,314),(734,316)
"2.2-33"bounds: (778,298),(825,296),(826,314),(779,316)
"08-41-01-05-"bounds: (483,303),(582,304),(582,316),(483,315)
"28"bounds: (593,304),(608,304),(608,314),(593,314)
"08-05-349-05-"bounds: (474,338),(582,338),(582,348),(474,348)
"28"bounds: (591,339),(608,339),(608,353),(591,353)
"KH"bounds: (734,338),(750,337),(751,349),(735,350)
"11.43"bounds: (761,332),(800,329),(801,347),(762,350)
"立"bounds: (166,354),(214,353),(215,393),(167,394)
"PK"bounds: (734,372),(750,372),(750,384),(734,384)
"Za"bounds: (760,366),(780,366),(780,387),(760,387)
"8a“"bounds: (785,366),(808,366),(808,384),(785,384)
"14a-b4"bounds: (820,365),(867,364),(867,385),(820,386)
"69-13-"bounds: (534,373),(582,374),(582,386),(534,385)
"28"bounds: (593,373),(607,373),(607,384),(593,384)
"80-53-27-"bounds: (508,407),(582,408),(582,419),(508,418)
"28"bounds: (590,408),(609,408),(609,423),(590,423)
"*IT"bounds: (732,403),(758,403),(758,418),(732,418)
"6b.2-3'"bounds: (769,399),(823,398),(823,418),(769,419)
"04-58-45-09-44-"bounds: (457,441),(581,440),(581,451),(457,452)
"28"bounds: (592,442),(606,442),(606,451),(592,451)
"KN"bounds: (735,441),(750,441),(750,452),(735,452)
"Zf"bounds: (760,441),(775,441),(775,451),(760,451)
"314"bounds: (785,435),(808,435),(808,452),(785,452)
"755-"bounds: (541,471),(581,472),(581,490),(541,489)
"28"bounds: (588,470),(608,470),(608,491),(588,491)
"*HT"bounds: (734,469),(759,470),(759,485),(734,484)
"154JA.2'"bounds: (769,467),(831,468),(831,486),(769,485)
"T"bounds: (180,498),(206,498),(206,522),(180,522)
"目"bounds: (216,498),(228,498),(228,521),(216,521)
"平"bounds: (239,500),(251,500),(251,523),(239,523)
"707-57-"bounds: (516,504),(582,506),(581,526),(515,524)
"28"bounds: (590,508),(609,508),(609,524),(590,524)
"Н"bounds: (734,508),(749,507),(750,519),(735,520)
"29.31"bounds: (760,503),(797,501),(798,518),(761,520)
"67-59-"bounds: (533,541),(582,542),(582,553),(533,552)
"28"bounds: (593,542),(607,542),(607,552),(593,552)
"НT"bounds: (729,538),(765,537),(766,555),(730,556)
"123а.1"bounds: (767,536),(809,534),(810,553),(768,555)
"HT"bounds: (734,575),(750,575),(750,587),(734,587)
"11a.4'"bounds: (761,568),(806,567),(806,587),(761,588)
"93a.5"bounds: (817,566),(857,565),(858,588),(818,589)
"HT"bounds: (734,609),(750,609),(750,620),(734,620)
"8a.3,b.3-4'"bounds: (760,602),(848,601),(848,622),(760,623)
"85b.5-6'"bounds: (861,602),(924,601),(924,620),(861,621)
"122a.4'"bounds: (938,602),(991,601),(991,620),(938,621)
"100/102-"bounds: (516,575),(582,575),(582,588),(516,588)
"28"bounds: (592,575),(606,575),(606,586),(592,586)
"16-310-"bounds: (525,609),(582,610),(582,621),(525,620)
"28"bounds: (592,609),(606,609),(606,623),(592,623)
"77-53-310-"bounds: (500,643),(582,644),(582,654),(500,653)
"28"bounds: (592,643),(607,643),(607,653),(592,653)
"HT"bounds: (734,643),(750,642),(751,653),(735,654)
"98a.41"bounds: (760,637),(806,634),(807,653),(761,656)
"03-342-"bounds: (524,675),(582,677),(582,689),(524,687)
"28"bounds: (591,675),(609,676),(608,691),(590,690)
"нT"bounds: (734,676),(750,675),(750,687),(734,688)
"43.1-21"bounds: (759,671),(814,669),(815,686),(760,688)
"A"bounds: (178,740),(187,740),(187,755),(178,755)
"517"bounds: (189,740),(205,740),(205,755),(189,755)
"H"bounds: (355,741),(363,741),(363,752),(355,752)
"'28''120+03'"bounds: (587,741),(681,740),(681,753),(587,754)
"HT"bounds: (734,743),(750,743),(750,753),(734,753)
"43.2'"bounds: (760,735),(797,735),(797,754),(760,754)
"93a.3-4.5'"bounds: (811,735),(890,734),(890,753),(811,754)
"120.41"bounds: (904,734),(949,734),(949,754),(904,754)
"A"bounds: (174,773),(181,773),(181,788),(174,788)
"518"bounds: (182,775),(204,774),(204,785),(182,786)
"'28''122'"bounds: (586,776),(656,777),(656,790),(586,789)
"ZA"bounds: (723,773),(760,771),(761,789),(724,791)
"11b.2а3"bounds: (761,771),(816,768),(817,787),(762,790)
"A"bounds: (174,805),(183,805),(183,821),(174,821)
"519"bounds: (183,808),(205,808),(205,819),(183,819)
"'28''301'"bounds: (586,809),(656,808),(656,820),(586,821)
"KN"bounds: (734,810),(750,810),(750,821),(734,821)
"2.2'"bounds: (761,804),(789,804),(789,827),(761,827)
"A"bounds: (170,840),(179,840),(179,856),(170,856)
"520"bounds: (182,842),(205,841),(205,852),(182,853)
"28"bounds: (592,844),(606,844),(606,853),(592,853)
"+301"bounds: (617,844),(647,844),(647,854),(617,854)
"HT"bounds: (733,842),(750,841),(750,853),(733,854)
"Wa"bounds: (759,844),(775,843),(775,854),(759,855)
"10222"bounds: (786,839),(825,838),(826,854),(787,855)
"A"bounds: (171,872),(180,872),(180,889),(171,889)
"516"bounds: (183,876),(205,876),(205,887),(183,887)
"28"bounds: (590,877),(608,877),(608,893),(590,893)
"+L?"bounds: (617,874),(640,874),(640,892),(617,892)
"7"bounds: (643,874),(666,874),(666,892),(643,892)
"HT"bounds: (734,877),(750,877),(750,888),(734,888)
"96b.2'"bounds: (760,870),(806,870),(806,888),(760,888)
"118.11"bounds: (819,869),(865,869),(865,888),(819,888)
"154.11"bounds: (878,870),(924,870),(924,888),(878,888)
"KH"bounds: (734,911),(750,911),(750,921),(734,921)
"12.23"bounds: (760,903),(799,903),(799,921),(760,921)
"Wc"bounds: (809,910),(825,910),(825,922),(809,922)
"20663"bounds: (837,904),(875,904),(875,921),(837,921)
"2070a3"bounds: (887,903),(934,903),(934,922),(887,922)
"ZA"bounds: (735,944),(750,944),(750,955),(735,955)
"1a.1'"bounds: (761,936),(797,936),(797,955),(761,955)
"11a.1,b.13"bounds: (811,937),(892,937),(892,958),(811,958)
"41-"bounds: (558,979),(581,979),(581,992),(558,992)
"28"bounds: (589,978),(608,978),(608,994),(589,994)
"+?"bounds: (613,972),(652,971),(652,993),(613,994)
"7"bounds: (655,971),(667,971),(667,993),(655,993)
"нT"bounds: (733,978),(749,977),(750,989),(734,990)
"34.11"bounds: (759,972),(797,970),(798,988),(760,990)
"A"bounds: (175,1006),(182,1006),(182,1021),(175,1021)
"551"bounds: (182,1009),(203,1009),(203,1021),(182,1021)
"нT"bounds: (733,1011),(750,1011),(750,1023),(733,1023)
"34.51"bounds: (759,1004),(797,1003),(798,1023),(760,1024)
"37.11"bounds: (810,1005),(848,1004),(848,1022),(811,1023)
"73+57+"bounds: (533,1013),(581,1013),(581,1022),(533,1022)
"28"bounds: (592,1012),(606,1012),(606,1022),(592,1022)
"KH"bounds: (734,1045),(749,1044),(750,1056),(735,1057)
"81,23"bounds: (759,1039),(799,1036),(800,1055),(760,1058)
"191"bounds: (1141,1519),(1172,1519),(1172,1536),(1141,1536)