Texts:

"HAGHIA TRIADA - NODULES
Wa 1680
Wa 1681
Wa 1682
HM 435.57
HM 435.58
HM 435.59
Wa 1683
Wa 1684
Wa 1685
HM 435.60
HM 435. 61
HM 435. 62
Wa 1686
Wa 1687
Wa 1688
HM 435. 64
HM 435.65
HM 435.63
Wa 1690
Wa 1691
Wa 1689
HM 435. 66
HM 435.67
HM 435.68
Wa 1692
Wa 1693
Wa 1694
HM 435.69
HM 435.70
HM 435.71
55
"bounds: (160,80),(1150,80),(1150,1535),(160,1535)
"HAGHIA"bounds: (469,81),(535,81),(535,92),(469,92)
"TRIADA"bounds: (548,80),(611,80),(611,92),(548,92)
"-"bounds: (623,86),(627,86),(627,87),(623,87)
"NODULES"bounds: (639,80),(717,80),(717,91),(639,91)
"Wa"bounds: (163,160),(194,160),(194,175),(163,175)
"1680"bounds: (208,160),(249,159),(249,174),(208,175)
"Wa"bounds: (530,159),(561,158),(561,173),(530,174)
"1681"bounds: (575,158),(614,157),(614,172),(575,173)
"Wa"bounds: (892,156),(923,156),(923,171),(892,171)
"1682"bounds: (938,156),(978,155),(978,169),(938,170)
"HM"bounds: (271,372),(299,373),(299,387),(271,386)
"435.57"bounds: (310,372),(374,373),(374,388),(310,387)
"HM"bounds: (643,368),(672,368),(672,383),(643,383)
"435.58"bounds: (683,367),(745,367),(745,383),(683,383)
"HM"bounds: (992,368),(1016,368),(1016,382),(992,382)
"435.59"bounds: (1027,367),(1096,367),(1096,382),(1027,382)
"Wa"bounds: (160,434),(191,434),(191,448),(160,448)
"1683"bounds: (206,434),(246,434),(246,448),(206,448)
"Wa"bounds: (529,431),(559,431),(559,445),(529,445)
"1684"bounds: (574,430),(615,430),(615,444),(574,444)
"Wa"bounds: (892,427),(923,427),(923,442),(892,442)
"1685"bounds: (938,427),(978,427),(978,442),(938,442)
"HM"bounds: (301,638),(327,639),(326,652),(300,651)
"435.60"bounds: (333,638),(394,641),(393,656),(332,653)
"HM"bounds: (654,636),(679,637),(679,651),(654,650)
"435."bounds: (687,636),(721,637),(721,651),(687,650)
"61"bounds: (728,637),(748,638),(748,652),(728,651)
"HM"bounds: (999,632),(1022,632),(1022,645),(999,645)
"435."bounds: (1029,632),(1063,633),(1063,647),(1029,646)
"62"bounds: (1068,633),(1086,633),(1086,646),(1068,646)
"Wa"bounds: (165,704),(196,704),(196,718),(165,718)
"1686"bounds: (211,704),(252,704),(252,718),(211,718)
"Wa"bounds: (535,702),(565,702),(565,716),(535,716)
"1687"bounds: (580,702),(621,702),(621,717),(580,717)
"Wa"bounds: (893,700),(925,700),(925,714),(893,714)
"1688"bounds: (939,700),(980,700),(980,714),(939,714)
"HM"bounds: (640,909),(667,909),(667,923),(640,923)
"435."bounds: (677,909),(717,910),(717,924),(677,923)
"64"bounds: (725,910),(747,910),(747,925),(725,925)
"HM"bounds: (1004,904),(1027,904),(1027,917),(1004,917)
"435.65"bounds: (1039,904),(1099,905),(1099,919),(1039,918)
"HM"bounds: (285,917),(307,917),(307,930),(285,930)
"435.63"bounds: (316,917),(375,917),(375,930),(316,930)
"Wa"bounds: (539,973),(570,973),(570,986),(539,986)
"1690"bounds: (585,972),(626,972),(626,987),(585,987)
"Wa"bounds: (895,967),(926,968),(926,982),(895,981)
"1691"bounds: (941,968),(979,969),(979,983),(941,982)
"Wa"bounds: (166,979),(197,978),(197,992),(166,993)
"1689"bounds: (212,977),(253,976),(253,992),(212,993)
"HM"bounds: (291,1185),(317,1185),(317,1198),(291,1198)
"435."bounds: (326,1184),(367,1184),(367,1199),(326,1199)
"66"bounds: (374,1185),(395,1185),(395,1200),(374,1200)
"HM"bounds: (655,1180),(681,1180),(681,1194),(655,1194)
"435.67"bounds: (693,1180),(747,1181),(747,1196),(693,1195)
"HM"bounds: (999,1178),(1022,1178),(1022,1192),(999,1192)
"435.68"bounds: (1031,1176),(1085,1177),(1085,1194),(1031,1193)
"Wa"bounds: (173,1249),(204,1249),(204,1263),(173,1263)
"1692"bounds: (219,1248),(259,1248),(259,1264),(219,1264)
"Wa"bounds: (542,1245),(572,1245),(572,1258),(542,1258)
"1693"bounds: (587,1244),(627,1244),(627,1258),(587,1258)
"Wa"bounds: (904,1242),(935,1242),(935,1256),(904,1256)
"1694"bounds: (949,1241),(990,1241),(990,1256),(949,1256)
"HM"bounds: (294,1442),(319,1442),(319,1456),(294,1456)
"435.69"bounds: (331,1440),(392,1440),(392,1455),(331,1455)
"HM"bounds: (654,1439),(679,1439),(679,1454),(654,1454)
"435.70"bounds: (692,1438),(753,1438),(753,1453),(692,1453)
"HM"bounds: (1003,1438),(1029,1438),(1029,1452),(1003,1452)
"435.71"bounds: (1039,1438),(1097,1438),(1097,1450),(1039,1450)
"55"bounds: (1128,1518),(1150,1518),(1150,1535),(1128,1535)