Texts:

"06
54-40-37- 06 -76
PH Zb 54
16-73-47- 06 -60
KN Zf 314
3月了业了非[
7-81-56- 06 -69-06-04 AP Za 2.1"
728-81-56- 06 -69-06-04[ *AP Za 2.14
J北位区T4
760-67-59- 06 -41L
KH 60.13
10-06-77- 06 -41
KO Za 1c4
4
SY Za 2b5
РK Za 8b'
TL Za 1b
10-06-77/- 06 -41
IO Za 95
10-06-77- 06 -741
IO Za 2c-d, 15
57-31-60-08- 06 -24
KN Zc 7.24
中キ位FTM
08-03-67-10- 06 -08
KN Zb 40.1-24
10-06-26-77- 06 -37
PK Za 11c
10-06-26-77- 06 -57-41
Хрк Zа 12с4
于3月T业宁非C
丹主月T业了[
7-81-56-06-69- O6 -04
AP Za 2.14
728-81-58-06-69- 06 -04/
*AP Za 2.14
F
708
ARKH 1bL413
НT 64.21
7- 06 I
[.7- 06
G
KH 36.23
PH 1b.1
HT 62/+73.2'
[.J- 06
KN 22c.1
77-02- 06
HT 11a.2
7-10-06- 06
MA 2c.11
7-07- 06
KH 59,33
нT 98a.2-31
51
07-27-07- 06
A平了
40-07- 06
НT 28b.
707-60-07- 06
PH la.1
*HT 37.5
08- 06
73-67-09- 06
нT 2ба.2-31
726- 06
KN 2.1
08-27-39-27- 06
ZA Zb 3,24
由田444T
61-77-73-17-41-28- 06
РК 1.3-4
51-80-28- 06
HT 123b,5'
56-30- 06
HT 6b.6' 93a.11
56-30- 06 /
HT 93a.8'
ΗΨΥΤ
14 TE
08-27-31- 06
THE Zb 24
741- 06
*HT 54a.1'
51- 06
*PH 1b.11
平立宁
07-53- 06
HT 93a.1-2' 102.31
155
"bounds: (99,100),(1155,100),(1155,1542),(99,1542)
"06"bounds: (1047,100),(1065,100),(1065,114),(1047,114)
"54-40-37-"bounds: (512,179),(586,179),(586,190),(512,190)
"06"bounds: (596,179),(612,179),(612,193),(596,193)
"-76"bounds: (621,179),(645,179),(645,189),(621,189)
"PH"bounds: (722,178),(738,177),(739,189),(723,190)
"Zb"bounds: (747,178),(762,177),(763,188),(748,189)
"54"bounds: (772,174),(787,173),(788,188),(773,189)
"16-73-47-"bounds: (512,213),(586,214),(586,224),(512,223)
"06"bounds: (596,214),(611,214),(611,224),(596,224)
"-60"bounds: (621,213),(645,213),(645,223),(621,223)
"KN"bounds: (721,213),(737,212),(738,224),(722,225)
"Zf"bounds: (747,213),(763,212),(764,224),(748,225)
"314"bounds: (771,206),(795,204),(796,223),(773,225)
"3"bounds: (187,228),(218,228),(218,252),(187,252)
"月"bounds: (225,227),(238,227),(238,251),(225,251)
"了"bounds: (249,228),(264,228),(264,251),(249,251)
"业"bounds: (270,226),(292,226),(292,251),(270,251)
"了"bounds: (299,228),(313,228),(313,253),(299,253)
"非"bounds: (320,231),(337,231),(337,256),(320,256)
"["bounds: (342,229),(350,229),(350,254),(342,254)
"7-81-56-"bounds: (511,243),(586,242),(586,260),(511,261)
"06"bounds: (594,247),(613,247),(613,263),(594,263)
"-69-06-04"bounds: (619,241),(693,240),(693,262),(619,263)
"AP"bounds: (721,246),(738,246),(738,258),(721,258)
"Za"bounds: (748,246),(763,246),(763,257),(748,257)
"2.1""bounds: (773,240),(804,240),(804,257),(773,257)
"728-81-56-"bounds: (494,277),(585,275),(585,298),(494,300)
"06"bounds: (594,281),(612,281),(612,297),(594,297)
"-69-06-04["bounds: (621,278),(712,276),(712,296),(621,298)
"*AP"bounds: (721,274),(746,274),(746,291),(721,291)
"Za"bounds: (756,280),(770,280),(770,292),(756,292)
"2.14"bounds: (781,271),(812,270),(812,290),(781,291)
"J"bounds: (167,296),(175,296),(175,318),(167,318)
"北"bounds: (177,290),(199,290),(199,325),(177,325)
"位"bounds: (201,290),(223,290),(223,325),(201,325)
"区"bounds: (226,295),(240,295),(240,319),(226,319)
"T4"bounds: (249,294),(307,294),(307,318),(249,318)
"760-67-59-"bounds: (495,312),(585,312),(585,329),(495,329)
"06"bounds: (594,315),(612,315),(612,330),(594,330)
"-41L"bounds: (621,312),(661,312),(661,330),(621,330)
"KH"bounds: (721,313),(737,312),(738,324),(722,325)
"60.13"bounds: (747,308),(787,305),(789,325),(749,328)
"10-06-77-"bounds: (512,347),(586,348),(586,360),(512,359)
"06"bounds: (596,348),(611,348),(611,359),(596,359)
"-41"bounds: (621,348),(643,348),(643,359),(621,359)
"KO"bounds: (714,348),(750,345),(751,363),(715,366)
"Za"bounds: (752,345),(768,344),(769,361),(753,362)
"1c4"bounds: (774,343),(796,341),(797,357),(775,359)
"4"bounds: (784,374),(795,374),(795,390),(784,390)
"SY"bounds: (802,393),(829,391),(830,410),(803,412)
"Za"bounds: (834,391),(857,389),(858,407),(835,409)
"2b5"bounds: (863,389),(891,387),(892,406),(864,408)
"РK"bounds: (720,379),(752,378),(752,394),(720,395)
"Za"bounds: (754,379),(768,379),(768,394),(754,394)
"8b'"bounds: (773,378),(792,378),(792,393),(773,393)
"TL"bounds: (722,416),(737,416),(737,427),(722,427)
"Za"bounds: (748,417),(763,417),(763,428),(748,428)
"1b"bounds: (774,415),(794,415),(794,431),(774,431)
"10-06-77/-"bounds: (504,440),(586,440),(586,458),(504,458)
"06"bounds: (595,443),(613,443),(613,458),(595,458)
"-41"bounds: (621,443),(643,443),(643,452),(621,452)
"IO"bounds: (719,440),(754,439),(754,454),(719,455)
"Za"bounds: (756,439),(770,439),(770,454),(756,454)
"95"bounds: (773,438),(788,438),(788,452),(773,452)
"10-06-77-"bounds: (512,475),(586,476),(586,488),(512,487)
"06"bounds: (595,476),(612,476),(612,490),(595,490)
"-741"bounds: (622,473),(652,473),(652,491),(622,491)
"IO"bounds: (719,472),(749,471),(750,489),(720,490)
"Za"bounds: (747,475),(762,474),(763,486),(748,487)
"2c-d,"bounds: (773,475),(819,473),(820,486),(774,488)
"15"bounds: (824,467),(830,467),(830,477),(824,477)
"57-31-60-08-"bounds: (487,510),(586,510),(586,520),(487,520)
"06"bounds: (595,510),(613,510),(613,524),(595,524)
"-24"bounds: (622,510),(645,510),(645,520),(622,520)
"KN"bounds: (722,509),(738,508),(738,519),(722,520)
"Zc"bounds: (748,505),(771,504),(772,522),(749,523)
"7.24"bounds: (774,504),(804,503),(805,520),(775,521)
"中"bounds: (156,532),(172,532),(172,553),(156,553)
"キ"bounds: (174,529),(202,529),(202,559),(174,559)
"位"bounds: (204,529),(222,529),(222,559),(204,559)
"FTM"bounds: (227,531),(289,531),(289,555),(227,555)
"08-03-67-10-"bounds: (487,543),(586,544),(586,555),(487,554)
"06"bounds: (596,543),(611,543),(611,553),(596,553)
"-08"bounds: (621,544),(645,544),(645,554),(621,554)
"KN"bounds: (722,542),(738,541),(738,553),(722,554)
"Zb"bounds: (748,542),(763,541),(763,553),(748,554)
"40.1-24"bounds: (773,537),(829,535),(830,553),(774,555)
"10-06-26-77-"bounds: (488,577),(586,578),(586,588),(488,587)
"06"bounds: (596,577),(613,577),(613,587),(596,587)
"-37"bounds: (621,578),(645,578),(645,587),(621,587)
"PK"bounds: (722,576),(738,575),(739,587),(723,588)
"Za"bounds: (747,572),(767,571),(768,589),(748,590)
"11c"bounds: (774,571),(804,569),(805,586),(775,588)
"10-06-26-77-"bounds: (487,611),(586,611),(586,621),(487,621)
"06"bounds: (600,607),(618,607),(618,623),(600,623)
"-57-41"bounds: (621,611),(669,611),(669,620),(621,620)
"Хрк"bounds: (722,604),(747,604),(747,621),(722,621)
"Zа"bounds: (757,609),(772,609),(772,620),(757,620)
"12с4"bounds: (783,601),(812,600),(812,620),(783,621)
"于"bounds: (142,628),(155,628),(155,650),(142,650)
"3"bounds: (161,628),(175,628),(175,650),(161,650)
"月"bounds: (183,628),(196,628),(196,651),(183,651)
"T"bounds: (205,629),(222,629),(222,651),(205,651)
"业"bounds: (226,627),(243,627),(243,651),(226,651)
"宁"bounds: (254,624),(266,624),(266,651),(254,651)
"非"bounds: (274,626),(292,626),(292,651),(274,651)
"C"bounds: (296,630),(305,630),(305,652),(296,652)
"丹"bounds: (127,662),(150,662),(150,693),(127,693)
"主"bounds: (159,664),(172,664),(172,686),(159,686)
"月"bounds: (184,663),(195,663),(195,686),(184,686)
"T"bounds: (206,665),(217,665),(217,686),(206,686)
"业"bounds: (225,663),(243,663),(243,687),(225,687)
"了"bounds: (251,665),(267,665),(267,685),(251,685)
"["bounds: (273,663),(304,663),(304,687),(273,687)
"7-81-56-06-69-"bounds: (462,641),(586,641),(586,659),(462,659)
"O6"bounds: (595,644),(613,644),(613,659),(595,659)
"-04"bounds: (622,641),(662,641),(662,659),(622,659)
"AP"bounds: (720,644),(738,643),(739,654),(721,655)
"Za"bounds: (746,638),(766,637),(767,655),(747,656)
"2.14"bounds: (773,637),(805,635),(806,653),(774,655)
"728-81-58-06-69-"bounds: (445,674),(586,674),(586,694),(445,694)
"06"bounds: (595,678),(613,678),(613,693),(595,693)
"-04/"bounds: (622,674),(662,674),(662,692),(622,692)
"*AP"bounds: (722,671),(746,670),(747,687),(723,688)
"Za"bounds: (757,676),(771,675),(771,686),(757,687)
"2.14"bounds: (782,670),(813,669),(814,687),(783,688)
"F"bounds: (382,710),(388,710),(388,720),(382,720)
"708"bounds: (580,707),(614,707),(614,726),(580,726)
"ARKH"bounds: (722,708),(755,706),(756,719),(723,721)
"1bL413"bounds: (766,703),(813,701),(814,720),(767,722)
"НT"bounds: (717,739),(750,736),(752,756),(719,759)
"64.21"bounds: (748,738),(786,734),(788,752),(750,756)
"7-"bounds: (566,773),(593,773),(593,796),(566,796)
"06"bounds: (596,774),(612,774),(612,796),(596,796)
"I"bounds: (622,775),(637,775),(637,793),(622,793)
"[.7-"bounds: (537,800),(587,799),(587,818),(537,819)
"06"bounds: (597,804),(612,804),(612,820),(597,820)
"G"bounds: (382,779),(389,779),(389,790),(382,790)
"KH"bounds: (723,778),(739,776),(740,788),(724,790)
"36.23"bounds: (748,775),(789,771),(791,788),(750,792)
"PH"bounds: (723,803),(740,801),(741,814),(724,816)
"1b.1"bounds: (749,800),(783,797),(784,814),(751,817)
"HT"bounds: (723,838),(738,838),(738,848),(723,848)
"62/+73.2'"bounds: (749,830),(846,828),(846,852),(749,854)
"[.J-"bounds: (538,867),(588,867),(588,885),(538,885)
"06"bounds: (597,864),(616,864),(616,888),(597,888)
"KN"bounds: (723,871),(739,870),(740,881),(724,882)
"22c.1"bounds: (746,865),(791,862),(792,882),(747,885)
"77-02-"bounds: (539,904),(587,903),(587,914),(539,915)
"06"bounds: (596,904),(612,904),(612,918),(596,918)
"HT"bounds: (723,904),(739,903),(740,914),(724,915)
"11a.2"bounds: (750,899),(795,897),(796,915),(751,917)
"7-10-06-"bounds: (513,934),(587,936),(586,955),(512,953)
"06"bounds: (597,938),(615,939),(615,954),(597,953)
"MA"bounds: (721,939),(738,938),(739,949),(722,950)
"2c.11"bounds: (749,931),(788,928),(789,947),(750,950)
"7-07-"bounds: (538,968),(587,968),(587,986),(538,986)
"06"bounds: (596,971),(614,971),(614,987),(596,987)
"KH"bounds: (723,971),(739,970),(740,982),(724,983)
"59,33"bounds: (749,965),(789,962),(790,980),(750,983)
"нT"bounds: (716,1001),(754,999),(755,1018),(717,1020)
"98a.2-31"bounds: (756,998),(814,995),(815,1015),(757,1018)
"51"bounds: (781,1027),(799,1027),(799,1046),(781,1046)
"07-27-07-"bounds: (513,1006),(587,1006),(587,1015),(513,1015)
"06"bounds: (598,1006),(613,1006),(613,1015),(598,1015)
"A"bounds: (211,1028),(225,1028),(225,1050),(211,1050)
"平"bounds: (232,1027),(249,1027),(249,1052),(232,1052)
"了"bounds: (256,1029),(269,1029),(269,1056),(256,1056)
"40-07-"bounds: (539,1039),(587,1039),(587,1049),(539,1049)
"06"bounds: (598,1038),(613,1038),(613,1048),(598,1048)
"НT"bounds: (718,1034),(753,1034),(753,1051),(718,1051)
"28b."bounds: (755,1033),(780,1033),(780,1051),(755,1051)
"707-60-07-"bounds: (497,1069),(587,1069),(587,1086),(497,1086)
"06"bounds: (596,1073),(615,1073),(615,1088),(596,1088)
"PH"bounds: (723,1071),(739,1069),(740,1081),(724,1083)
"la.1"bounds: (747,1067),(784,1063),(785,1080),(749,1084)
"*HT"bounds: (724,1100),(748,1100),(748,1116),(724,1116)
"37.5"bounds: (756,1097),(791,1096),(791,1117),(756,1118)
"08-"bounds: (564,1106),(588,1106),(588,1116),(564,1116)
"06"bounds: (598,1105),(613,1105),(613,1115),(598,1115)
"73-67-09-"bounds: (515,1138),(588,1138),(588,1149),(515,1149)
"06"bounds: (598,1138),(613,1138),(613,1149),(598,1149)
"нT"bounds: (723,1139),(740,1138),(741,1148),(724,1149)
"2ба.2-31"bounds: (750,1133),(813,1130),(814,1149),(751,1152)
"726-"bounds: (548,1168),(588,1169),(588,1189),(548,1188)
"06"bounds: (597,1172),(616,1172),(616,1188),(597,1188)
"KN"bounds: (724,1172),(740,1171),(741,1183),(725,1184)
"2.1"bounds: (748,1166),(776,1164),(777,1184),(749,1186)
"08-27-39-27-"bounds: (489,1206),(588,1206),(588,1216),(489,1216)
"06"bounds: (599,1206),(613,1206),(613,1216),(599,1216)
"ZA"bounds: (724,1206),(739,1205),(740,1217),(725,1218)
"Zb"bounds: (749,1206),(764,1205),(765,1216),(750,1217)
"3,24"bounds: (773,1199),(806,1197),(807,1215),(774,1218)
"由"bounds: (99,1222),(136,1222),(136,1258),(99,1258)
"田"bounds: (138,1222),(161,1222),(161,1258),(138,1258)
"444T"bounds: (190,1224),(271,1224),(271,1256),(190,1256)
"61-77-73-17-41-28-"bounds: (439,1239),(588,1240),(588,1255),(439,1254)
"06"bounds: (599,1240),(614,1240),(614,1250),(599,1250)
"РК"bounds: (719,1236),(752,1235),(753,1254),(720,1255)
"1.3-4"bounds: (754,1234),(792,1232),(793,1252),(755,1254)
"51-80-28-"bounds: (515,1273),(589,1272),(589,1283),(515,1284)
"06"bounds: (599,1273),(614,1273),(614,1283),(599,1283)
"HT"bounds: (724,1273),(740,1272),(741,1283),(725,1284)
"123b,5'"bounds: (751,1266),(806,1262),(807,1281),(752,1285)
"56-30-"bounds: (540,1306),(589,1307),(589,1318),(540,1317)
"06"bounds: (598,1307),(616,1307),(616,1322),(598,1322)
"HT"bounds: (724,1306),(740,1306),(740,1317),(724,1317)
"6b.6'"bounds: (750,1299),(788,1298),(788,1316),(750,1317)
"93a.11"bounds: (801,1298),(847,1297),(847,1316),(801,1317)
"56-30-"bounds: (540,1340),(588,1341),(588,1352),(540,1351)
"06"bounds: (599,1340),(614,1340),(614,1350),(599,1350)
"/"bounds: (623,1339),(639,1339),(639,1354),(623,1354)
"HT"bounds: (723,1340),(740,1339),(741,1351),(724,1352)
"93a.8'"bounds: (750,1335),(796,1332),(797,1350),(751,1353)
"ΗΨΥΤ"bounds: (188,1362),(272,1362),(272,1384),(188,1384)
"14"bounds: (216,1389),(249,1389),(249,1418),(216,1418)
"TE"bounds: (253,1390),(285,1390),(285,1418),(253,1418)
"08-27-31-"bounds: (514,1373),(589,1375),(589,1386),(514,1384)
"06"bounds: (599,1374),(614,1374),(614,1384),(599,1384)
"THE"bounds: (724,1373),(748,1372),(749,1384),(725,1385)
"Zb"bounds: (759,1373),(773,1372),(774,1383),(760,1384)
"24"bounds: (784,1367),(798,1366),(799,1382),(785,1383)
"741-"bounds: (548,1405),(589,1404),(589,1422),(548,1423)
"06"bounds: (597,1400),(617,1400),(618,1423),(598,1423)
"*HT"bounds: (724,1402),(749,1402),(749,1418),(724,1418)
"54a.1'"bounds: (760,1399),(805,1399),(805,1418),(760,1418)
"51-"bounds: (566,1441),(589,1441),(589,1451),(566,1451)
"06"bounds: (599,1442),(614,1442),(614,1451),(599,1451)
"*PH"bounds: (724,1434),(749,1433),(749,1451),(724,1452)
"1b.11"bounds: (760,1434),(797,1433),(797,1451),(760,1452)
"平"bounds: (207,1458),(224,1457),(225,1480),(208,1481)
"立"bounds: (231,1453),(242,1453),(243,1481),(232,1481)
"宁"bounds: (252,1452),(268,1451),(269,1480),(253,1481)
"07-53-"bounds: (540,1475),(589,1476),(589,1486),(540,1485)
"06"bounds: (599,1475),(615,1475),(615,1485),(599,1485)
"HT"bounds: (725,1475),(741,1475),(741,1486),(725,1486)
"93a.1-2'"bounds: (751,1468),(813,1466),(813,1484),(751,1486)
"102.31"bounds: (828,1467),(873,1466),(873,1485),(828,1486)
"155"bounds: (1122,1525),(1155,1525),(1155,1542),(1122,1542)