Texts:

"132
INSCRIPTIONS EN LINÉAIRE A
PH 1-3, 6-19, 22, 24-28, 30, 31.
Wa 32..
Wb 33-362.
Wc 37-46.
Zb 4, 48*.
25
1
4
42
10
2
PL Zf 14..
1
1
PR Za 14.
1
PYR 24..
1
1
SI Zg 14..
1
SK Zb 14.
1
1
SY Za 1-3%.
TRA Zb 14.
1
1
TL Za 14.
1
1
TY 2, 31.
Zb 44.
Zg 14.
ZA 11, 4-33
Wc 22..
Zb 3, 344.
4
1
31
1
34
2
j) Réserves des fouilles américaines de Kéa
[K]
KE 11..
1
Wc 22..
Zb 3-54..
1
5
k) Tombe à tholos de Képhala, Knossos, Crète
[Képhala]
KN Ze 164.....
1
1
1
1) Musée archéologique de Khania, Crète
[Khania M.]
AP Za <3>..
1
1
KH 1-47, 49-70, 72-87°, 88, 90, 915.
Wa 1001-10203.
We 2001-2070, 2084, 2097-2106, 2109-2111, 2113, 21143, 2115, 2117,
88
20
197
200
21185.
89
KO (?) Zf 2ª.
1
1
VRY Za 14..
1
1
m) Musée archéologique de Khora, Kythéra
[Kythéra]
KY Zg 14.
1
1
1
n) Musée du Louvre, Paris
[Louvre]
PS Za 2 (a)*.
cf. АM
o) Musée archéologique de Milos
[Milos M.]
MI 25..
1
1
1
p) Musée Nalional de Copenhague
[Mus. Nat. Copenhague]
MI Zb 14..
1
1
q) Musée slratigraphique d' Akrotiri, Théra
[MSAkrotiri]
THE Zb 44..
1
1
1
r) Musée stratigraphique de Mallia, Crète
MA Zb 8*.
[MSMA]
1
1
1
"bounds: (254,183),(1056,183),(1056,1334),(254,1334)
"132"bounds: (262,183),(290,183),(290,197),(262,197)
"INSCRIPTIONS"bounds: (526,188),(643,187),(643,197),(526,198)
"EN"bounds: (656,188),(677,188),(677,197),(656,197)
"LINÉAIRE"bounds: (691,184),(771,183),(771,197),(691,198)
"A"bounds: (784,188),(794,188),(794,197),(784,197)
"PH"bounds: (307,237),(331,237),(331,249),(307,249)
"1-3,"bounds: (343,238),(368,238),(368,252),(343,252)
"6-19,"bounds: (379,238),(414,238),(414,252),(379,252)
"22,"bounds: (425,238),(446,238),(446,252),(425,252)
"24-28,"bounds: (457,238),(501,238),(501,252),(457,252)
"30,"bounds: (512,238),(532,238),(532,252),(512,252)
"31."bounds: (544,238),(569,238),(569,249),(544,249)
"Wa"bounds: (325,257),(350,257),(350,270),(325,270)
"32.."bounds: (361,257),(394,257),(394,270),(361,270)
"Wb"bounds: (328,274),(357,274),(357,291),(328,291)
"33-362."bounds: (361,278),(410,278),(410,289),(361,289)
"Wc"bounds: (329,295),(359,295),(359,310),(329,310)
"37-46."bounds: (359,297),(408,297),(408,309),(359,309)
"Zb"bounds: (328,316),(353,316),(353,331),(328,331)
"4,"bounds: (355,318),(366,318),(366,331),(355,331)
"48*."bounds: (378,317),(403,317),(403,328),(378,328)
"25"bounds: (900,239),(915,239),(915,250),(900,250)
"1"bounds: (910,259),(914,259),(914,269),(910,269)
"4"bounds: (909,278),(915,278),(915,289),(909,289)
"42"bounds: (966,278),(982,278),(982,289),(966,289)
"10"bounds: (901,298),(915,298),(915,308),(901,308)
"2"bounds: (908,318),(915,318),(915,328),(908,328)
"PL"bounds: (306,340),(327,340),(327,352),(306,352)
"Zf"bounds: (338,340),(354,340),(354,352),(338,352)
"14.."bounds: (366,341),(389,341),(389,351),(366,351)
"1"bounds: (910,341),(913,341),(913,351),(910,351)
"1"bounds: (976,341),(980,341),(980,351),(976,351)
"PR"bounds: (306,363),(330,363),(330,376),(306,376)
"Za"bounds: (341,363),(360,363),(360,375),(341,375)
"14."bounds: (372,364),(387,364),(387,374),(372,374)
"1"bounds: (977,364),(981,364),(981,374),(977,374)
"PYR"bounds: (306,386),(342,386),(342,399),(306,399)
"24.."bounds: (352,387),(376,387),(376,397),(352,397)
"1"bounds: (910,387),(913,387),(913,397),(910,397)
"1"bounds: (976,387),(980,387),(980,397),(976,397)
"SI"bounds: (304,408),(333,408),(333,424),(304,424)
"Zg"bounds: (335,407),(356,407),(356,424),(335,424)
"14.."bounds: (364,410),(389,410),(389,421),(364,421)
"1"bounds: (977,410),(980,410),(980,420),(977,420)
"SK"bounds: (307,432),(329,432),(329,445),(307,445)
"Zb"bounds: (340,432),(359,432),(359,445),(340,445)
"14."bounds: (371,433),(386,433),(386,443),(371,443)
"1"bounds: (909,433),(913,433),(913,443),(909,443)
"1"bounds: (976,433),(980,433),(980,444),(976,444)
"SY"bounds: (307,456),(327,456),(327,468),(307,468)
"Za"bounds: (340,454),(361,454),(361,470),(340,470)
"1-3%."bounds: (369,455),(399,455),(399,467),(369,467)
"TRA"bounds: (306,479),(343,479),(343,491),(306,491)
"Zb"bounds: (355,476),(377,476),(377,493),(355,493)
"14."bounds: (385,479),(400,479),(400,490),(385,490)
"1"bounds: (909,480),(913,480),(913,490),(909,490)
"1"bounds: (976,480),(980,480),(980,490),(976,490)
"TL"bounds: (306,502),(326,502),(326,514),(306,514)
"Za"bounds: (338,502),(357,502),(357,514),(338,514)
"14."bounds: (369,503),(384,503),(384,513),(369,513)
"1"bounds: (909,503),(913,503),(913,513),(909,513)
"1"bounds: (976,503),(980,503),(980,513),(976,513)
"TY"bounds: (306,525),(328,525),(328,537),(306,537)
"2,"bounds: (338,526),(349,526),(349,539),(338,539)
"31."bounds: (361,526),(378,526),(378,536),(361,536)
"Zb"bounds: (329,544),(350,544),(350,559),(329,559)
"44."bounds: (355,545),(372,545),(372,556),(355,556)
"Zg"bounds: (327,562),(350,562),(350,579),(327,579)
"14."bounds: (357,565),(372,565),(372,576),(357,576)
"ZA"bounds: (308,588),(331,588),(331,601),(308,601)
"11,"bounds: (339,588),(354,588),(354,602),(339,602)
"4-33"bounds: (363,586),(395,586),(395,602),(363,602)
"Wc"bounds: (330,607),(362,607),(362,622),(330,622)
"22.."bounds: (364,606),(383,606),(383,622),(364,622)
"Zb"bounds: (327,626),(350,626),(350,642),(327,642)
"3,"bounds: (355,628),(366,628),(366,642),(355,642)
"344."bounds: (378,628),(403,628),(403,639),(378,639)
"4"bounds: (975,546),(981,546),(981,556),(975,556)
"1"bounds: (910,565),(914,565),(914,576),(910,576)
"31"bounds: (900,589),(913,589),(913,599),(900,599)
"1"bounds: (910,609),(913,609),(913,620),(910,620)
"34"bounds: (966,609),(982,609),(982,620),(966,620)
"2"bounds: (908,629),(916,629),(916,640),(908,640)
"j)"bounds: (254,658),(276,658),(276,676),(254,676)
"Réserves"bounds: (289,661),(350,661),(350,672),(289,672)
"des"bounds: (360,662),(381,662),(381,672),(360,672)
"fouilles"bounds: (391,661),(443,661),(443,675),(391,675)
"américaines"bounds: (454,662),(540,662),(540,672),(454,672)
"de"bounds: (550,662),(564,662),(564,672),(550,672)
"Kéa"bounds: (575,662),(603,662),(603,672),(575,672)
"[K]"bounds: (865,657),(891,662),(888,681),(861,676)
"KE"bounds: (306,685),(330,685),(330,697),(306,697)
"11.."bounds: (343,685),(365,685),(365,696),(343,696)
"1"bounds: (909,687),(912,687),(912,696),(909,696)
"Wc"bounds: (326,704),(360,704),(360,719),(326,719)
"22.."bounds: (362,703),(381,703),(381,718),(362,718)
"Zb"bounds: (326,723),(349,722),(349,738),(326,739)
"3-54.."bounds: (354,725),(390,724),(390,737),(354,738)
"1"bounds: (909,706),(913,706),(913,716),(909,716)
"5"bounds: (1043,706),(1050,706),(1050,716),(1043,716)
"k)"bounds: (259,758),(272,758),(272,772),(259,772)
"Tombe"bounds: (291,758),(338,758),(338,769),(291,769)
"à"bounds: (348,758),(355,758),(355,769),(348,769)
"tholos"bounds: (365,758),(405,758),(405,769),(365,769)
"de"bounds: (416,759),(430,759),(430,769),(416,769)
"Képhala,"bounds: (441,758),(506,758),(506,772),(441,772)
"Knossos,"bounds: (517,759),(580,759),(580,772),(517,772)
"Crète"bounds: (593,759),(628,759),(628,769),(593,769)
"[Képhala]"bounds: (863,758),(937,757),(937,773),(863,774)
"KN"bounds: (306,782),(330,782),(330,794),(306,794)
"Ze"bounds: (342,781),(360,781),(360,794),(342,794)
"164....."bounds: (372,783),(426,783),(426,794),(372,794)
"1"bounds: (909,784),(912,784),(912,794),(909,794)
"1"bounds: (976,784),(979,784),(979,794),(976,794)
"1"bounds: (1045,784),(1048,784),(1048,794),(1045,794)
"1)"bounds: (259,815),(267,815),(267,829),(259,829)
"Musée"bounds: (289,815),(336,815),(336,826),(289,826)
"archéologique"bounds: (346,815),(442,815),(442,830),(346,830)
"de"bounds: (453,816),(467,816),(467,826),(453,826)
"Khania,"bounds: (478,816),(537,816),(537,829),(478,829)
"Crète"bounds: (549,816),(584,816),(584,827),(549,827)
"[Khania"bounds: (864,816),(924,816),(924,830),(864,830)
"M.]"bounds: (936,816),(959,816),(959,831),(936,831)
"AP"bounds: (306,839),(328,839),(328,851),(306,851)
"Za"bounds: (340,839),(358,839),(358,852),(340,852)
"<3>.."bounds: (371,840),(429,840),(429,851),(371,851)
"1"bounds: (909,841),(913,841),(913,851),(909,851)
"1"bounds: (976,841),(980,841),(980,851),(976,851)
"KH"bounds: (306,862),(333,862),(333,874),(306,874)
"1-47,"bounds: (345,863),(378,863),(378,877),(345,877)
"49-70,"bounds: (390,863),(434,863),(434,877),(390,877)
"72-87°,"bounds: (446,863),(495,863),(495,877),(446,877)
"88,"bounds: (506,863),(526,863),(526,877),(506,877)
"90,"bounds: (538,863),(558,863),(558,877),(538,877)
"915."bounds: (570,864),(594,864),(594,874),(570,874)
"Wa"bounds: (324,882),(349,882),(349,895),(324,895)
"1001-10203."bounds: (361,883),(445,882),(445,894),(361,895)
"We"bounds: (329,900),(360,900),(360,918),(329,918)
"2001-2070,"bounds: (358,903),(438,903),(438,917),(358,917)
"2084,"bounds: (449,903),(487,903),(487,917),(449,917)
"2097-2106,"bounds: (498,903),(577,903),(577,917),(498,917)
"2109-2111,"bounds: (588,903),(668,903),(668,917),(588,917)
"2113,"bounds: (679,903),(717,903),(717,917),(679,917)
"21143,"bounds: (728,904),(772,904),(772,917),(728,917)
"2115,"bounds: (783,904),(821,904),(821,917),(783,917)
"2117,"bounds: (832,904),(870,904),(870,917),(832,917)
"88"bounds: (899,864),(915,864),(915,875),(899,875)
"20"bounds: (899,884),(915,884),(915,895),(899,895)
"197"bounds: (959,894),(982,894),(982,905),(959,905)
"200"bounds: (1025,904),(1050,904),(1050,915),(1025,915)
"21185."bounds: (324,923),(367,923),(367,933),(324,933)
"89"bounds: (899,924),(915,924),(915,935),(899,935)
"KO"bounds: (306,945),(330,945),(330,958),(306,958)
"(?)"bounds: (341,945),(360,945),(360,961),(341,961)
"Zf"bounds: (373,945),(389,945),(389,958),(373,958)
"2ª."bounds: (399,946),(416,946),(416,957),(399,957)
"1"bounds: (909,948),(913,948),(913,958),(909,958)
"1"bounds: (976,948),(981,948),(981,958),(976,958)
"VRY"bounds: (306,968),(342,968),(342,981),(306,981)
"Za"bounds: (354,969),(372,969),(372,981),(354,981)
"14.."bounds: (385,970),(408,970),(408,980),(385,980)
"1"bounds: (909,971),(913,971),(913,981),(909,981)
"1"bounds: (977,971),(980,971),(980,981),(977,981)
"m)"bounds: (260,1003),(276,1003),(276,1016),(260,1016)
"Musée"bounds: (289,1003),(335,1003),(335,1013),(289,1013)
"archéologique"bounds: (345,1002),(442,1003),(442,1018),(345,1017)
"de"bounds: (452,1003),(466,1003),(466,1013),(452,1013)
"Khora,"bounds: (477,1003),(526,1003),(526,1017),(477,1017)
"Kythéra"bounds: (540,1003),(596,1003),(596,1017),(540,1017)
"[Kythéra]"bounds: (866,1004),(941,1004),(941,1019),(866,1019)
"KY"bounds: (306,1026),(330,1026),(330,1038),(306,1038)
"Zg"bounds: (341,1026),(360,1026),(360,1041),(341,1041)
"14."bounds: (372,1028),(388,1028),(388,1038),(372,1038)
"1"bounds: (908,1029),(913,1029),(913,1039),(908,1039)
"1"bounds: (976,1029),(980,1029),(980,1039),(976,1039)
"1"bounds: (1045,1029),(1048,1029),(1048,1040),(1045,1040)
"n)"bounds: (259,1060),(272,1060),(272,1074),(259,1074)
"Musée"bounds: (289,1060),(335,1060),(335,1070),(289,1070)
"du"bounds: (345,1061),(361,1061),(361,1071),(345,1071)
"Louvre,"bounds: (373,1061),(426,1061),(426,1074),(373,1074)
"Paris"bounds: (438,1060),(477,1060),(477,1071),(438,1071)
"[Louvre]"bounds: (863,1061),(927,1062),(927,1077),(863,1076)
"PS"bounds: (306,1084),(325,1084),(325,1096),(306,1096)
"Za"bounds: (337,1084),(356,1084),(356,1097),(337,1097)
"2"bounds: (366,1085),(373,1085),(373,1095),(366,1095)
"(a)*."bounds: (384,1085),(412,1085),(412,1098),(384,1098)
"cf."bounds: (890,1087),(906,1087),(906,1097),(890,1097)
"АM"bounds: (918,1087),(941,1087),(941,1097),(918,1097)
"o)"bounds: (255,1115),(278,1115),(278,1133),(255,1133)
"Musée"bounds: (289,1118),(335,1118),(335,1129),(289,1129)
"archéologique"bounds: (346,1118),(442,1118),(442,1132),(346,1132)
"de"bounds: (453,1118),(467,1118),(467,1129),(453,1129)
"Milos"bounds: (478,1118),(519,1118),(519,1129),(478,1129)
"[Milos"bounds: (863,1119),(907,1119),(907,1133),(863,1133)
"M.]"bounds: (918,1119),(941,1119),(941,1134),(918,1134)
"MI"bounds: (306,1141),(327,1141),(327,1154),(306,1154)
"25.."bounds: (337,1143),(362,1144),(362,1154),(337,1153)
"1"bounds: (909,1144),(912,1144),(912,1154),(909,1154)
"1"bounds: (976,1144),(980,1144),(980,1155),(976,1155)
"1"bounds: (1045,1144),(1049,1144),(1049,1155),(1045,1155)
"p)"bounds: (259,1176),(272,1176),(272,1189),(259,1189)
"Musée"bounds: (289,1175),(335,1175),(335,1187),(289,1187)
"Nalional"bounds: (346,1176),(410,1176),(410,1187),(346,1187)
"de"bounds: (420,1176),(434,1176),(434,1186),(420,1186)
"Copenhague"bounds: (446,1175),(533,1176),(533,1192),(446,1191)
"[Mus."bounds: (866,1177),(905,1177),(905,1191),(866,1191)
"Nat."bounds: (917,1177),(948,1177),(948,1188),(917,1188)
"Copenhague]"bounds: (960,1177),(1056,1178),(1056,1193),(960,1192)
"MI"bounds: (306,1199),(326,1199),(326,1211),(306,1211)
"Zb"bounds: (338,1199),(356,1199),(356,1211),(338,1211)
"14.."bounds: (369,1201),(391,1201),(391,1211),(369,1211)
"1"bounds: (909,1202),(912,1202),(912,1212),(909,1212)
"1"bounds: (1045,1203),(1049,1203),(1049,1213),(1045,1213)
"q)"bounds: (256,1232),(279,1232),(279,1249),(256,1249)
"Musée"bounds: (290,1235),(335,1235),(335,1246),(290,1246)
"slratigraphique"bounds: (345,1236),(456,1237),(456,1251),(345,1250)
"d'"bounds: (467,1236),(478,1236),(478,1246),(467,1246)
"Akrotiri,"bounds: (483,1236),(546,1236),(546,1250),(483,1250)
"Théra"bounds: (560,1237),(600,1237),(600,1247),(560,1247)
"[MSAkrotiri]"bounds: (867,1237),(963,1238),(963,1253),(867,1252)
"THE"bounds: (306,1259),(341,1259),(341,1271),(306,1271)
"Zb"bounds: (353,1260),(372,1260),(372,1272),(353,1272)
"44.."bounds: (383,1261),(407,1261),(407,1271),(383,1271)
"1"bounds: (909,1263),(913,1263),(913,1273),(909,1273)
"1"bounds: (976,1263),(979,1263),(979,1273),(976,1273)
"1"bounds: (1045,1263),(1048,1263),(1048,1274),(1045,1274)
"r)"bounds: (259,1295),(268,1295),(268,1309),(259,1309)
"Musée"bounds: (289,1295),(335,1295),(335,1307),(289,1307)
"stratigraphique"bounds: (345,1295),(456,1296),(456,1311),(345,1310)
"de"bounds: (466,1297),(480,1297),(480,1307),(466,1307)
"Mallia,"bounds: (491,1296),(544,1296),(544,1310),(491,1310)
"Crète"bounds: (557,1296),(592,1296),(592,1308),(557,1308)
"MA"bounds: (306,1320),(332,1320),(332,1332),(306,1332)
"Zb"bounds: (344,1316),(366,1316),(366,1333),(344,1333)
"8*."bounds: (373,1321),(389,1321),(389,1331),(373,1331)
"[MSMA]"bounds: (866,1297),(928,1298),(928,1313),(866,1312)
"1"bounds: (909,1323),(912,1323),(912,1334),(909,1334)
"1"bounds: (976,1324),(980,1324),(980,1334),(976,1334)
"1"bounds: (1044,1324),(1048,1324),(1048,1334),(1044,1334)