Texts:

"TABLEAU DES VARIANTES DES SIGNES
XXXIII
AB 26
ARKH 2.6 VRY Za 1b HT95 a.3 PK Za 11c MA10 a ZAZ6 34
AB, 27
HT 17.3 HTA3.2 PS Za 2.1 KO Za 1b
AB 28
HT66.3 ARKH46.3 IO Za 3 HT 39.1 IO Za 6 KH9.3 PH6.1
PS Za T KN Zf 31 HT 13.5 GOWe L03ZA II KH'59.
Zb 3.2
59.2 APZae.1
2.2
CRC?ZPA PLZP1
A 28 b
HT62C373.3 ZA 4a.5 ZASŁ.4 ZA6 b.1
AB 29
HT86.1 HT14,3 PK Za 15
"bounds: (102,77),(1054,77),(1054,1366),(102,1366)
"TABLEAU"bounds: (390,81),(467,80),(467,90),(390,91)
"DES"bounds: (481,81),(511,81),(511,90),(481,90)
"VARIANTES"bounds: (524,80),(618,79),(618,89),(524,90)
"DES"bounds: (632,79),(662,79),(662,89),(632,89)
"SIGNES"bounds: (675,79),(733,79),(733,89),(675,89)
"XXXIII"bounds: (905,77),(961,77),(961,87),(905,87)
"AB"bounds: (383,196),(435,196),(435,225),(383,225)
"26"bounds: (456,196),(495,196),(495,224),(456,224)
"ARKH"bounds: (108,315),(196,315),(196,344),(108,344)
"2.6"bounds: (207,317),(248,317),(248,340),(207,340)
"VRY"bounds: (278,315),(347,315),(347,347),(278,347)
"Za"bounds: (350,315),(380,315),(380,347),(350,347)
"1b"bounds: (386,316),(415,316),(415,341),(386,341)
"HT95"bounds: (432,315),(517,315),(517,347),(432,347)
"a.3"bounds: (519,315),(561,315),(561,347),(519,347)
"PK"bounds: (584,319),(623,319),(623,338),(584,338)
"Za"bounds: (634,319),(668,319),(668,340),(634,340)
"11c"bounds: (680,315),(770,315),(770,347),(680,347)
"MA10"bounds: (779,315),(842,315),(842,347),(779,347)
"a"bounds: (845,328),(860,328),(860,338),(845,338)
"ZAZ6"bounds: (888,316),(979,316),(979,342),(888,342)
"34"bounds: (989,319),(1019,319),(1019,342),(989,342)
"AB,"bounds: (378,399),(455,402),(454,436),(377,433)
"27"bounds: (457,401),(490,402),(489,437),(456,436)
"HT"bounds: (107,520),(153,520),(153,546),(107,546)
"17.3"bounds: (164,523),(207,523),(207,550),(164,550)
"HTA3.2"bounds: (238,524),(341,524),(341,546),(238,546)
"PS"bounds: (370,523),(398,523),(398,547),(370,547)
"Za"bounds: (410,520),(440,520),(440,552),(410,552)
"2.1"bounds: (449,520),(495,520),(495,552),(449,552)
"KO"bounds: (498,520),(572,520),(572,552),(498,552)
"Za"bounds: (574,520),(600,520),(600,552),(574,552)
"1b"bounds: (601,523),(636,523),(636,546),(601,546)
"AB"bounds: (368,607),(416,609),(415,634),(367,632)
"28"bounds: (434,610),(467,611),(466,634),(433,633)
"HT66.3"bounds: (119,721),(219,721),(219,758),(119,758)
"ARKH46.3"bounds: (240,724),(391,724),(391,749),(240,749)
"IO"bounds: (412,721),(466,721),(466,758),(412,758)
"Za"bounds: (468,721),(491,721),(491,758),(468,758)
"3"bounds: (500,721),(517,721),(517,758),(500,758)
"HT"bounds: (532,721),(580,721),(580,758),(532,758)
"39.1"bounds: (583,721),(643,721),(643,758),(583,758)
"IO"bounds: (665,721),(719,721),(719,758),(665,758)
"Za"bounds: (722,721),(757,721),(757,758),(722,758)
"6"bounds: (760,721),(776,721),(776,758),(760,758)
"KH9.3"bounds: (790,726),(904,726),(904,758),(790,758)
"PH6.1"bounds: (932,726),(1029,726),(1029,758),(932,758)
"PS"bounds: (106,839),(135,839),(135,864),(106,864)
"Za"bounds: (144,838),(183,838),(184,878),(145,878)
"T"bounds: (186,838),(225,838),(226,878),(187,878)
"KN"bounds: (231,839),(280,838),(280,866),(231,867)
"Zf"bounds: (291,836),(337,835),(338,876),(292,877)
"31"bounds: (339,836),(379,835),(380,875),(340,876)
"HT"bounds: (396,835),(456,834),(457,875),(397,876)
"13.5"bounds: (459,834),(526,833),(527,874),(460,875)
"GOWe"bounds: (541,837),(632,836),(632,867),(541,868)
"L03ZA"bounds: (642,842),(734,841),(734,867),(642,868)
"II"bounds: (753,831),(770,831),(770,867),(753,867)
"KH'59."bounds: (816,830),(918,829),(918,869),(817,870)
"Zb"bounds: (751,872),(790,874),(789,898),(750,896)
"3.2"bounds: (786,877),(822,878),(821,897),(785,896)
"59.2"bounds: (882,843),(946,843),(946,866),(882,866)
"APZae.1"bounds: (954,837),(1054,837),(1054,873),(954,873)
"2.2"bounds: (151,872),(186,870),(187,889),(152,891)
"CRC?ZPA"bounds: (102,946),(249,946),(249,999),(102,999)
"PLZP1"bounds: (288,956),(391,956),(391,995),(288,995)
"A"bounds: (403,1014),(423,1013),(424,1044),(404,1045)
"28"bounds: (435,1019),(466,1018),(467,1043),(436,1044)
"b"bounds: (481,1013),(505,1012),(506,1040),(482,1041)
"HT62C373.3"bounds: (107,1131),(282,1131),(282,1159),(107,1159)
"ZA"bounds: (315,1132),(358,1132),(358,1158),(315,1158)
"4a.5"bounds: (370,1133),(434,1133),(434,1157),(370,1157)
"ZASŁ.4"bounds: (477,1127),(597,1127),(597,1162),(477,1162)
"ZA6"bounds: (639,1129),(697,1129),(697,1157),(639,1157)
"b.1"bounds: (710,1130),(765,1130),(765,1159),(710,1159)
"AB"bounds: (361,1217),(410,1217),(410,1240),(361,1240)
"29"bounds: (429,1215),(466,1215),(466,1243),(429,1243)
"HT86.1"bounds: (106,1332),(224,1333),(224,1361),(106,1360)
"HT14,3"bounds: (252,1331),(366,1332),(366,1361),(252,1360)
"PK"bounds: (397,1331),(434,1331),(434,1360),(397,1360)
"Za"bounds: (451,1331),(484,1331),(484,1366),(451,1366)
"15"bounds: (487,1331),(520,1331),(520,1366),(487,1366)