Texts:

"PH 18 a
PH 18 b
HM 1519-C8o]x[1,90]x1,10cm.
PH 19
HM 1520 - C2,80]x[190]x4,10 cm.
308
"bounds: (73,64),(1200,64),(1200,1526),(73,1526)
"PH"bounds: (74,68),(108,68),(108,84),(74,84)
"18"bounds: (122,68),(144,68),(144,84),(122,84)
"a"bounds: (153,73),(164,73),(164,84),(153,84)
"PH"bounds: (1109,66),(1143,65),(1143,82),(1109,83)
"18"bounds: (1157,66),(1179,66),(1179,82),(1157,82)
"b"bounds: (1188,64),(1200,64),(1200,82),(1188,82)
"HM"bounds: (286,789),(315,789),(315,806),(286,806)
"1519-C8o]x[1,90]x1,10cm."bounds: (323,788),(546,786),(546,805),(323,807)
"PH"bounds: (73,1132),(107,1132),(107,1148),(73,1148)
"19"bounds: (121,1132),(143,1132),(143,1148),(121,1148)
"HM"bounds: (807,1378),(835,1379),(835,1395),(807,1394)
"1520"bounds: (841,1383),(880,1384),(880,1397),(841,1396)
"-"bounds: (886,1390),(890,1390),(890,1391),(886,1391)
"C2,80]x[190]x4,10"bounds: (893,1378),(1034,1381),(1034,1402),(893,1399)
"cm."bounds: (1036,1381),(1063,1382),(1063,1404),(1036,1403)
"308"bounds: (74,1509),(110,1508),(110,1525),(74,1526)