Texts:

"SI
77-37-60- 51
*HT 58.11
78-37-60- 51
нT 8.11
I.7-76-
HT 49a.11
716-76-
*HT 49a.1
79- 51
нT 995.21
799- 51
HT 51b.2'
HT 123b.3 Wa 1021«2 Wc 3020a?
188- 51
A 534
51 +7
HT 39:61
H
218
"bounds: (62,95),(1158,95),(1158,1534),(62,1534)
"SI"bounds: (1135,95),(1158,95),(1158,114),(1135,114)
"77-37-60-"bounds: (592,164),(665,166),(665,178),(592,176)
"51"bounds: (673,166),(692,166),(692,181),(673,181)
"*HT"bounds: (808,161),(833,161),(833,177),(808,177)
"58.11"bounds: (844,159),(881,159),(881,177),(844,177)
"78-37-60-"bounds: (591,197),(664,199),(664,211),(591,209)
"51"bounds: (673,199),(691,199),(691,214),(673,214)
"нT"bounds: (808,199),(824,199),(824,210),(808,210)
"8.11"bounds: (834,193),(873,192),(874,211),(835,212)
"I.7-76-"bounds: (573,227),(664,228),(664,247),(573,246)
"HT"bounds: (807,233),(824,232),(825,243),(808,244)
"49a.11"bounds: (833,227),(880,225),(881,244),(834,246)
"716-76-"bounds: (598,262),(664,263),(664,282),(598,281)
"*HT"bounds: (808,261),(832,261),(832,277),(808,277)
"49a.1"bounds: (841,258),(884,258),(884,281),(841,281)
"79-"bounds: (641,299),(663,299),(663,308),(641,308)
"51"bounds: (674,299),(687,299),(687,309),(674,309)
"нT"bounds: (807,300),(823,299),(824,309),(808,310)
"995.21"bounds: (833,294),(880,291),(881,310),(834,313)
"799-"bounds: (623,328),(663,328),(663,351),(623,351)
"51"bounds: (672,332),(690,332),(690,348),(672,348)
"HT"bounds: (806,333),(823,332),(824,343),(807,344)
"51b.2'"bounds: (833,326),(880,324),(881,344),(834,346)
"HT"bounds: (807,367),(823,367),(823,377),(807,377)
"123b.3"bounds: (831,359),(882,359),(882,381),(831,381)
"Wa"bounds: (900,367),(916,367),(916,377),(900,377)
"1021«2"bounds: (927,359),(974,359),(974,378),(927,378)
"Wc"bounds: (984,368),(1000,368),(1000,378),(984,378)
"3020a?"bounds: (1010,359),(1059,359),(1059,378),(1010,378)
"188-"bounds: (632,366),(663,366),(663,376),(632,376)
"51"bounds: (673,367),(687,367),(687,376),(673,376)
"A"bounds: (243,431),(251,431),(251,446),(243,446)
"534"bounds: (253,433),(275,433),(275,444),(253,444)
"51"bounds: (671,433),(690,433),(690,448),(671,448)
"+7"bounds: (698,430),(747,430),(747,448),(698,448)
"HT"bounds: (799,433),(823,432),(823,443),(799,444)
"39:61"bounds: (832,427),(871,425),(872,443),(833,445)
"H"bounds: (460,432),(468,432),(468,442),(460,442)
"218"bounds: (62,1517),(100,1517),(100,1534),(62,1534)