Texts:

"HT 154 В
HM - -[3,20lx 4, 1o x 0,80 em.; Conpés
en bas.
HT 154 C
HM--C1,60]x[2,00) [o,60] cm.
HT 154 E
HM - -3,70 x[3,80] x 0,7o cm.
244
"bounds: (59,57),(1017,57),(1017,1514),(59,1514)
"HT"bounds: (76,57),(125,57),(125,76),(76,76)
"154"bounds: (127,57),(155,57),(155,76),(127,76)
"В"bounds: (163,60),(178,60),(178,76),(163,76)
"HM"bounds: (699,380),(723,381),(723,395),(699,394)
"-"bounds: (734,377),(745,377),(745,395),(734,395)
"-[3,20lx"bounds: (757,377),(840,379),(840,398),(757,396)
"4,"bounds: (840,382),(851,382),(851,396),(840,396)
"1o"bounds: (857,383),(870,383),(870,395),(857,395)
"x"bounds: (880,386),(885,386),(885,394),(880,394)
"0,80"bounds: (896,380),(925,381),(925,400),(896,399)
"em.;"bounds: (934,381),(973,382),(973,401),(934,400)
"Conpés"bounds: (975,382),(1017,383),(1017,402),(975,401)
"en"bounds: (701,417),(718,416),(718,424),(702,425)
"bas."bounds: (730,408),(757,406),(758,424),(731,426)
"HT"bounds: (66,594),(100,594),(100,610),(66,610)
"154"bounds: (114,594),(148,594),(148,610),(114,610)
"C"bounds: (157,594),(171,594),(171,610),(157,610)
"HM--C1,60]x[2,00)"bounds: (753,850),(918,853),(918,875),(753,872)
"[o,60]"bounds: (924,853),(973,854),(973,876),(924,875)
"cm."bounds: (975,854),(995,854),(995,876),(975,876)
"HT"bounds: (62,1120),(97,1121),(97,1137),(62,1136)
"154"bounds: (112,1121),(147,1122),(147,1139),(112,1138)
"E"bounds: (159,1122),(175,1122),(175,1138),(159,1138)
"HM"bounds: (716,1432),(741,1433),(741,1449),(716,1448)
"-"bounds: (748,1440),(760,1440),(760,1442),(748,1442)
"-3,70"bounds: (771,1433),(814,1434),(814,1449),(771,1448)
"x[3,80]"bounds: (822,1433),(877,1434),(877,1451),(822,1450)
"x"bounds: (886,1443),(892,1443),(892,1449),(886,1449)
"0,7o"bounds: (902,1439),(934,1440),(934,1452),(902,1451)
"cm."bounds: (941,1443),(966,1444),(966,1452),(941,1451)
"244"bounds: (59,1497),(95,1497),(95,1514),(59,1514)