Texts:

"INTRODUCTION
II. NOMBRE
Dans ce volume nous présentons le « texte » (nous mettons ce terme
entre guillemets car le « texte » se réduit le plus souvent à un seul signe)
de 863 nodules, 7 scellés et 43 rondelles, tous édités - d'une façon plus
ou moins complète
avant 1970.
III. PROVENANCE
Ces 913 documents proviennent de sept sites différents, tous crétois,
sauf un (Kéa).
La répartition entre les sites des nodules [Wa], des scellés [VWb] et
des rondelles [Wc] se présente comme suit:
Wa
Wb
Wc
.1 Gournia.
.2 Haghia Triada.
[GO]
[HT]
[KE]
[KN]
[MA]
[PH]
[ZA]
862
21
885
.3 Kéa....
1
1
.4 Knossos..
6.
7
.5 Mallia..
.6 Phaistos.
4
11
16
.7 Zakros..
1
1
863
7
43
913
IV. LIEU DE CONSERVATION
La plus grande partie de nos documents (878) est conservée au Musée
archéologique d'Iraklion!
[HM]
Les autres (35) se trouvent répartis dans les endroits suivants:
(1) En fait, cinq n'ont pu être localisés (HT Wa <1021 bis >, HT We <3018>, KN (P) We <24 >,
KN (P) Wc <25>, MA Wc <5>) : référence y sera toujours faite entre crochets obliques.
"bounds: (164,188),(968,188),(968,1338),(164,1338)
"INTRODUCTION"bounds: (497,188),(624,188),(624,198),(497,198)
"II."bounds: (494,266),(532,266),(532,288),(494,288)
"NOMBRE"bounds: (540,269),(625,269),(625,285),(540,285)
"Dans"bounds: (213,325),(264,325),(264,342),(213,342)
"ce"bounds: (278,332),(296,332),(296,342),(278,342)
"volume"bounds: (309,325),(384,325),(384,342),(309,342)
"nous"bounds: (398,331),(444,331),(444,341),(398,341)
"présentons"bounds: (458,325),(568,325),(568,346),(458,346)
"le"bounds: (581,324),(596,324),(596,341),(581,341)
"«"bounds: (609,329),(615,329),(615,340),(609,340)
"texte"bounds: (624,328),(676,328),(676,340),(624,340)
"»"bounds: (685,329),(691,329),(691,340),(685,340)
"(nous"bounds: (705,324),(759,324),(759,346),(705,346)
"mettons"bounds: (773,327),(855,327),(855,340),(773,340)
"ce"bounds: (869,330),(888,330),(888,340),(869,340)
"terme"bounds: (901,327),(960,327),(960,340),(901,340)
"entre"bounds: (164,360),(215,360),(215,373),(164,373)
"guillemets"bounds: (229,356),(333,356),(333,378),(229,378)
"car"bounds: (347,363),(377,363),(377,373),(347,373)
"le"bounds: (389,356),(404,356),(404,373),(389,373)
"«"bounds: (416,361),(423,361),(423,372),(416,372)
"texte"bounds: (432,360),(484,360),(484,372),(432,372)
"»"bounds: (493,361),(499,361),(499,372),(493,372)
"se"bounds: (512,362),(529,362),(529,372),(512,372)
"réduit"bounds: (542,355),(604,355),(604,372),(542,372)
"le"bounds: (616,355),(631,355),(631,372),(616,372)
"plus"bounds: (644,355),(685,355),(685,377),(644,377)
"souvent"bounds: (698,359),(778,359),(778,372),(698,372)
"à"bounds: (792,356),(801,356),(801,371),(792,371)
"un"bounds: (814,362),(838,362),(838,371),(814,371)
"seul"bounds: (851,355),(889,355),(889,371),(851,371)
"signe)"bounds: (902,354),(959,354),(959,377),(902,377)
"de"bounds: (164,388),(186,388),(186,404),(164,404)
"863"bounds: (199,388),(233,388),(233,404),(199,404)
"nodules,"bounds: (246,388),(330,388),(330,407),(246,407)
"7"bounds: (345,388),(353,388),(353,404),(345,404)
"scellés"bounds: (367,387),(429,387),(429,403),(367,403)
"et"bounds: (443,391),(461,391),(461,403),(443,403)
"43"bounds: (474,387),(496,387),(496,403),(474,403)
"rondelles,"bounds: (509,387),(606,387),(606,407),(509,407)
"tous"bounds: (620,390),(663,390),(663,402),(620,402)
"édités"bounds: (677,386),(734,386),(734,402),(677,402)
"-"bounds: (748,397),(769,397),(769,397),(748,397)
"d'une"bounds: (783,386),(839,386),(839,402),(783,402)
"façon"bounds: (852,385),(906,385),(906,406),(852,406)
"plus"bounds: (920,386),(960,386),(960,407),(920,407)
"ou"bounds: (167,416),(197,416),(197,440),(167,440)
"moins"bounds: (200,418),(259,418),(259,435),(200,435)
"complète"bounds: (272,418),(365,419),(365,441),(272,440)
"avant"bounds: (412,422),(470,421),(470,434),(412,435)
"1970."bounds: (483,417),(534,416),(534,434),(483,435)
"III."bounds: (467,505),(511,505),(511,527),(467,527)
"PROVENANCE"bounds: (521,507),(657,508),(657,526),(521,525)
"Ces"bounds: (215,564),(247,564),(247,580),(215,580)
"913"bounds: (260,564),(294,564),(294,580),(260,580)
"documents"bounds: (308,564),(419,564),(419,580),(308,580)
"proviennent"bounds: (432,563),(558,563),(558,584),(432,584)
"de"bounds: (571,563),(593,563),(593,579),(571,579)
"sept"bounds: (606,567),(647,567),(647,584),(606,584)
"sites"bounds: (660,563),(703,563),(703,579),(660,579)
"différents,"bounds: (717,563),(819,563),(819,583),(717,583)
"tous"bounds: (833,566),(875,566),(875,579),(833,579)
"crétois,"bounds: (889,562),(961,562),(961,583),(889,583)
"sauf"bounds: (166,594),(207,594),(207,611),(166,611)
"un"bounds: (218,602),(243,602),(243,611),(218,611)
"(Kéa)."bounds: (256,594),(318,595),(318,617),(256,616)
"La"bounds: (215,626),(240,626),(240,642),(215,642)
"répartition"bounds: (255,626),(366,626),(366,647),(255,647)
"entre"bounds: (382,629),(433,629),(433,642),(382,642)
"les"bounds: (447,626),(472,626),(472,641),(447,641)
"sites"bounds: (487,625),(530,625),(530,641),(487,641)
"des"bounds: (545,625),(576,625),(576,641),(545,641)
"nodules"bounds: (591,625),(668,625),(668,641),(591,641)
"[Wa],"bounds: (685,624),(741,624),(741,647),(685,647)
"des"bounds: (756,625),(787,625),(787,641),(756,641)
"scellés"bounds: (802,625),(864,625),(864,641),(802,641)
"[VWb]"bounds: (881,624),(930,624),(930,646),(881,646)
"et"bounds: (945,628),(963,628),(963,641),(945,641)
"des"bounds: (167,657),(197,657),(197,673),(167,673)
"rondelles"bounds: (210,657),(301,657),(301,673),(210,673)
"[Wc]"bounds: (315,656),(362,656),(362,678),(315,678)
"se"bounds: (375,655),(397,655),(397,678),(375,678)
"présente"bounds: (403,655),(493,655),(493,678),(403,678)
"comme"bounds: (504,662),(575,662),(575,672),(504,672)
"suit:"bounds: (588,656),(640,656),(640,672),(588,672)
"Wa"bounds: (636,710),(671,710),(671,728),(636,728)
"Wb"bounds: (709,710),(744,710),(744,728),(709,728)
"Wc"bounds: (782,710),(816,710),(816,728),(782,728)
".1"bounds: (231,752),(278,752),(278,775),(231,775)
"Gournia."bounds: (278,755),(367,755),(367,772),(278,772)
".2"bounds: (244,787),(262,787),(262,803),(244,803)
"Haghia"bounds: (279,786),(352,785),(352,808),(279,809)
"Triada."bounds: (367,786),(442,785),(442,803),(367,804)
"[GO]"bounds: (548,755),(594,755),(594,777),(548,777)
"[HT]"bounds: (547,786),(595,785),(596,808),(548,809)
"[KE]"bounds: (549,817),(598,817),(598,839),(549,839)
"[KN]"bounds: (549,847),(599,848),(599,871),(549,870)
"[MA]"bounds: (549,876),(600,880),(598,904),(547,900)
"[PH]"bounds: (549,910),(597,910),(597,932),(549,932)
"[ZA]"bounds: (550,937),(595,940),(593,965),(548,962)
"862"bounds: (638,786),(672,786),(672,803),(638,803)
"21"bounds: (790,786),(811,786),(811,802),(790,802)
"885"bounds: (856,785),(891,785),(891,802),(856,802)
".3"bounds: (245,817),(263,817),(263,834),(245,834)
"Kéa...."bounds: (279,818),(356,818),(356,834),(279,834)
"1"bounds: (803,816),(811,816),(811,833),(803,833)
"1"bounds: (882,816),(890,816),(890,833),(882,833)
".4"bounds: (245,848),(263,848),(263,865),(245,865)
"Knossos.."bounds: (279,848),(380,848),(380,865),(279,865)
"6."bounds: (803,847),(813,847),(813,864),(803,864)
"7"bounds: (882,847),(891,847),(891,864),(882,864)
".5"bounds: (245,879),(263,879),(263,896),(245,896)
"Mallia.."bounds: (279,879),(359,879),(359,895),(279,895)
".6"bounds: (246,910),(264,910),(264,927),(246,927)
"Phaistos."bounds: (279,909),(372,909),(372,927),(279,927)
"4"bounds: (725,910),(735,910),(735,926),(725,926)
"11"bounds: (792,909),(812,909),(812,925),(792,925)
"16"bounds: (871,909),(892,909),(892,926),(871,926)
".7"bounds: (238,938),(281,938),(281,961),(238,961)
"Zakros.."bounds: (280,941),(368,941),(368,957),(280,957)
"1"bounds: (805,940),(813,940),(813,956),(805,956)
"1"bounds: (884,940),(892,940),(892,956),(884,956)
"863"bounds: (639,995),(674,995),(674,1012),(639,1012)
"7"bounds: (726,996),(734,996),(734,1012),(726,1012)
"43"bounds: (792,995),(814,995),(814,1012),(792,1012)
"913"bounds: (858,995),(892,995),(892,1012),(858,1012)
"IV."bounds: (422,1079),(457,1079),(457,1096),(422,1096)
"LIEU"bounds: (464,1080),(512,1081),(512,1097),(464,1096)
"DE"bounds: (530,1086),(554,1086),(554,1096),(530,1096)
"CONSERVATION"bounds: (570,1083),(721,1085),(721,1098),(570,1096)
"La"bounds: (220,1136),(245,1136),(245,1152),(220,1152)
"plus"bounds: (256,1136),(297,1136),(297,1158),(256,1158)
"grande"bounds: (309,1135),(378,1135),(378,1158),(309,1158)
"partie"bounds: (389,1135),(449,1135),(449,1157),(389,1157)
"de"bounds: (460,1135),(482,1135),(482,1152),(460,1152)
"nos"bounds: (493,1142),(525,1142),(525,1152),(493,1152)
"documents"bounds: (537,1134),(648,1134),(648,1152),(537,1152)
"(878)"bounds: (661,1135),(709,1135),(709,1156),(661,1156)
"est"bounds: (722,1139),(749,1139),(749,1151),(722,1151)
"conservée"bounds: (760,1136),(859,1136),(859,1152),(760,1152)
"au"bounds: (871,1141),(893,1141),(893,1151),(871,1151)
"Musée"bounds: (905,1134),(967,1134),(967,1151),(905,1151)
"archéologique"bounds: (171,1168),(313,1165),(313,1188),(171,1191)
"d'Iraklion!"bounds: (324,1166),(437,1164),(437,1183),(324,1185)
"[HM]"bounds: (876,1165),(928,1166),(928,1189),(876,1188)
"Les"bounds: (220,1204),(253,1204),(253,1221),(220,1221)
"autres"bounds: (262,1208),(324,1208),(324,1221),(262,1221)
"(35)"bounds: (334,1203),(370,1203),(370,1225),(334,1225)
"se"bounds: (380,1211),(398,1211),(398,1220),(380,1220)
"trouvent"bounds: (406,1208),(497,1208),(497,1221),(406,1221)
"répartis"bounds: (505,1204),(584,1204),(584,1225),(505,1225)
"dans"bounds: (593,1203),(639,1203),(639,1220),(593,1220)
"les"bounds: (647,1203),(672,1203),(672,1220),(647,1220)
"endroits"bounds: (681,1203),(763,1203),(763,1220),(681,1220)
"suivants:"bounds: (772,1203),(870,1203),(870,1220),(772,1220)
"(1)"bounds: (221,1303),(238,1303),(238,1316),(221,1316)
"En"bounds: (250,1303),(269,1303),(269,1313),(250,1313)
"fait,"bounds: (276,1303),(305,1303),(305,1316),(276,1316)
"cinq"bounds: (311,1303),(341,1303),(341,1316),(311,1316)
"n'ont"bounds: (348,1303),(387,1303),(387,1313),(348,1313)
"pu"bounds: (393,1306),(410,1306),(410,1316),(393,1316)
"être"bounds: (417,1303),(444,1303),(444,1314),(417,1314)
"localisés"bounds: (450,1303),(511,1303),(511,1314),(450,1314)
"(HT"bounds: (518,1303),(547,1303),(547,1316),(518,1316)
"Wa"bounds: (553,1302),(578,1302),(578,1315),(553,1315)
"<1021"bounds: (588,1302),(635,1302),(635,1314),(588,1314)
"bis"bounds: (641,1302),(660,1302),(660,1314),(641,1314)
">,"bounds: (666,1306),(682,1306),(682,1316),(666,1316)
"HT"bounds: (690,1302),(712,1302),(712,1314),(690,1314)
"We"bounds: (718,1302),(742,1302),(742,1314),(718,1314)
"<3018>,"bounds: (751,1302),(822,1302),(822,1316),(751,1316)
"KN"bounds: (827,1302),(851,1302),(851,1314),(827,1314)
"(P)"bounds: (858,1302),(875,1302),(875,1316),(858,1316)
"We"bounds: (882,1302),(906,1302),(906,1314),(882,1314)
"<24"bounds: (915,1302),(946,1302),(946,1314),(915,1314)
">,"bounds: (952,1305),(968,1305),(968,1316),(952,1316)
"KN"bounds: (171,1322),(195,1322),(195,1335),(171,1335)
"(P)"bounds: (203,1322),(220,1322),(220,1337),(203,1337)
"Wc"bounds: (229,1322),(253,1322),(253,1335),(229,1335)
"<25>,"bounds: (263,1322),(316,1322),(316,1336),(263,1336)
"MA"bounds: (323,1322),(349,1322),(349,1335),(323,1335)
"Wc"bounds: (356,1322),(380,1322),(380,1335),(356,1335)
"<5>)"bounds: (391,1323),(435,1323),(435,1337),(391,1337)
":"bounds: (444,1320),(451,1320),(451,1338),(444,1338)
"référence"bounds: (454,1323),(521,1323),(521,1334),(454,1334)
"y"bounds: (528,1326),(536,1326),(536,1337),(528,1337)
"sera"bounds: (544,1326),(572,1326),(572,1334),(544,1334)
"toujours"bounds: (581,1323),(642,1323),(642,1337),(581,1337)
"faite"bounds: (650,1323),(682,1323),(682,1333),(650,1333)
"entre"bounds: (690,1323),(727,1323),(727,1333),(690,1333)
"crochets"bounds: (735,1323),(796,1323),(796,1333),(735,1333)
"obliques."bounds: (803,1323),(869,1323),(869,1337),(803,1337)