Texts:

"74
INSCRIPTIONS EN LINÉAIRE A
HT 106.4
appanat: in kue(¢ ?).
.1.
HT 108. 2
appanat: I 77A
J-+
HT 408. 3
HT 44ob.1
1-+
HT 411 b.3
apparat: T4C
HT 442 a.2
コ过キ-C
HT 412 b.1
HT1154.1-9
apparat: saufen.1, tono len poinls sonf
Saus loule acciden lals.
2 CA!7 211 þéfénable ? !son 4
HT445 a.1-2
? E X HA
HT 445 a.6
apparat : on (2E !1
HT446 a4-5
HTA16 a.5-
中岁王
HT416 a.6-1
HT420.1
HT 121.1
HT121.4
HT1224.1
HT 122 b.1
HT 122 b. 6
三三三C
HT 123 a.1-2
Cganele)
(choire) !
( gau che ex dwile)
(chwile)
HT123 a.1
HT123A.3-4
HT423 a.8
HT 123 b.3
HT 123 b.4
HT 125 a.2
athanat : Thace a dwite .
10
HT 425 b. 4
appanat: Ti þossible.
appanat: 10n ! þossible.
HT 426 a.2
HT126 b.3
HT 427 b.6
11
HT 127 b. 6
C 14]
HT128 a. 14
HT 128 a.4
HT 128 a.4
HT 128 b. 1
HT 1286.2
apparat : 4 hl
HT 131 a.2
4parat:
sun I ).
HT 431 b.2
HT 136 a.1
Atparat: -C.
"bounds: (119,80),(1135,80),(1135,1522),(119,1522)
"74"bounds: (250,80),(269,80),(269,94),(250,94)
"INSCRIPTIONS"bounds: (513,84),(629,84),(629,94),(513,94)
"EN"bounds: (643,84),(664,84),(664,94),(643,94)
"LINÉAIRE"bounds: (678,81),(758,81),(758,94),(678,94)
"A"bounds: (772,86),(781,86),(781,94),(772,94)
"HT"bounds: (128,144),(153,144),(153,158),(128,158)
"106.4"bounds: (163,144),(217,145),(217,160),(163,159)
"appanat:"bounds: (849,181),(927,179),(928,200),(850,202)
"in"bounds: (943,176),(969,175),(970,202),(944,203)
"kue(¢"bounds: (976,175),(1058,173),(1059,201),(977,203)
"?)."bounds: (1060,176),(1092,175),(1093,198),(1061,199)
".1."bounds: (199,180),(220,180),(220,192),(199,192)
"HT"bounds: (125,209),(149,209),(149,226),(125,226)
"108."bounds: (157,209),(203,209),(203,226),(157,226)
"2"bounds: (207,211),(217,211),(217,225),(207,225)
"appanat:"bounds: (540,245),(625,239),(626,260),(542,266)
"I"bounds: (642,238),(664,236),(666,264),(644,266)
"77A"bounds: (671,239),(708,236),(710,259),(673,262)
"J-+"bounds: (609,274),(642,273),(642,292),(609,293)
"HT"bounds: (126,239),(153,239),(153,257),(126,257)
"408."bounds: (161,239),(207,240),(207,259),(161,258)
"3"bounds: (210,244),(218,244),(218,255),(210,255)
"HT"bounds: (121,270),(150,270),(150,291),(121,291)
"44ob.1"bounds: (164,270),(231,271),(231,293),(164,292)
"1-+"bounds: (909,277),(948,276),(948,294),(909,295)
"HT"bounds: (120,306),(149,306),(149,325),(120,325)
"411"bounds: (157,311),(190,311),(190,324),(157,324)
"b.3"bounds: (199,306),(225,306),(225,323),(199,323)
"apparat:"bounds: (538,310),(620,307),(621,334),(539,337)
"T4C"bounds: (644,306),(690,304),(691,331),(645,333)
"HT"bounds: (120,338),(149,339),(148,357),(119,356)
"442"bounds: (158,343),(191,344),(190,357),(158,356)
"a.2"bounds: (198,343),(229,344),(228,357),(198,356)
"コ"bounds: (861,339),(883,339),(883,364),(861,364)
"过"bounds: (885,339),(900,339),(900,364),(885,364)
"キ"bounds: (909,340),(920,340),(920,359),(909,359)
"-C"bounds: (925,344),(945,344),(945,360),(925,360)
"HT"bounds: (124,370),(154,370),(154,389),(124,389)
"412"bounds: (162,370),(187,370),(187,389),(162,389)
"b.1"bounds: (200,371),(226,371),(226,388),(200,388)
"HT1154.1-9"bounds: (129,400),(228,403),(227,420),(128,417)
"apparat:"bounds: (537,404),(604,403),(604,424),(537,425)
"saufen.1,"bounds: (609,403),(683,402),(683,424),(609,425)
"tono"bounds: (688,406),(718,406),(718,418),(688,418)
"len"bounds: (725,402),(744,402),(744,423),(725,423)
"poinls"bounds: (746,402),(792,402),(792,423),(746,423)
"sonf"bounds: (797,404),(829,404),(829,417),(797,417)
"Saus"bounds: (539,434),(579,434),(579,452),(539,452)
"loule"bounds: (582,434),(624,434),(624,452),(582,452)
"acciden"bounds: (637,439),(696,439),(696,449),(637,449)
"lals."bounds: (700,435),(730,435),(730,450),(700,450)
"2"bounds: (537,465),(555,465),(555,490),(537,490)
"CA!7"bounds: (566,467),(623,467),(623,487),(566,487)
"211"bounds: (631,466),(659,466),(659,483),(631,483)
"þéfénable"bounds: (674,468),(762,468),(762,490),(674,490)
"?"bounds: (773,465),(780,465),(780,482),(773,482)
"!son"bounds: (783,465),(815,465),(815,490),(783,490)
"4"bounds: (818,465),(837,465),(837,490),(818,490)
"HT445"bounds: (130,501),(184,503),(184,518),(130,516)
"a.1-2"bounds: (192,500),(228,501),(227,520),(191,519)
"?"bounds: (884,497),(913,498),(912,523),(883,522)
"E"bounds: (923,499),(939,499),(939,520),(923,520)
"X"bounds: (941,496),(955,496),(954,526),(940,526)
"HA"bounds: (957,496),(980,497),(979,527),(956,526)
"HT"bounds: (126,532),(152,532),(152,550),(126,550)
"445"bounds: (157,532),(190,532),(190,550),(157,550)
"a.6"bounds: (187,536),(215,536),(215,548),(187,548)
"apparat"bounds: (535,535),(609,533),(610,555),(536,557)
":"bounds: (614,534),(622,534),(623,555),(615,555)
"on"bounds: (636,542),(656,541),(656,546),(636,547)
"(2E"bounds: (667,534),(745,532),(745,552),(668,554)
"!1"bounds: (756,533),(784,532),(784,547),(756,548)
"HT446"bounds: (129,568),(184,568),(184,582),(129,582)
"a4-5"bounds: (191,565),(234,565),(234,584),(191,584)
"HTA16"bounds: (130,602),(181,603),(181,617),(130,616)
"a.5-"bounds: (191,601),(220,601),(220,617),(191,617)
"中"bounds: (838,590),(871,591),(870,622),(837,621)
"岁"bounds: (873,591),(893,592),(892,623),(872,622)
"王"bounds: (899,596),(912,597),(911,621),(898,621)
"HT416"bounds: (130,635),(180,635),(180,650),(130,650)
"a.6-1"bounds: (186,630),(229,630),(229,649),(186,649)
"HT420.1"bounds: (129,666),(206,666),(206,681),(129,681)
"HT"bounds: (124,698),(159,698),(159,715),(124,715)
"121.1"bounds: (161,698),(207,698),(207,716),(161,716)
"HT121.4"bounds: (131,731),(210,731),(210,746),(131,746)
"HT1224.1"bounds: (132,763),(223,766),(222,780),(132,777)
"HT"bounds: (131,799),(153,799),(153,812),(131,812)
"122"bounds: (158,800),(187,800),(187,812),(158,812)
"b.1"bounds: (194,797),(221,797),(221,812),(194,812)
"HT"bounds: (130,831),(150,831),(150,844),(130,844)
"122"bounds: (158,831),(187,830),(187,842),(158,843)
"b."bounds: (196,829),(208,829),(208,844),(196,844)
"6"bounds: (214,831),(222,831),(222,843),(214,843)
"三三三"bounds: (613,829),(662,828),(662,839),(613,840)
"C"bounds: (676,823),(706,822),(706,839),(676,840)
"HT"bounds: (129,862),(156,862),(156,880),(129,880)
"123"bounds: (161,862),(187,862),(187,881),(161,881)
"a.1-2"bounds: (191,866),(230,866),(230,878),(191,878)
"Cganele)"bounds: (837,866),(920,863),(921,891),(838,894)
"(choire)"bounds: (836,897),(916,892),(917,917),(837,922)
"!"bounds: (940,896),(943,896),(944,907),(941,907)
"("bounds: (847,933),(860,933),(860,956),(847,956)
"gau"bounds: (857,938),(883,937),(883,955),(857,956)
"che"bounds: (887,935),(913,934),(913,946),(887,947)
"ex"bounds: (920,938),(935,938),(935,946),(920,946)
"dwile)"bounds: (944,934),(1000,933),(1000,952),(944,953)
"(chwile)"bounds: (845,964),(912,963),(912,982),(845,983)
"HT123"bounds: (127,896),(189,897),(189,914),(127,913)
"a.1"bounds: (191,897),(219,897),(219,914),(191,914)
"HT123A.3-4"bounds: (136,929),(228,930),(228,948),(136,947)
"HT423"bounds: (132,961),(183,961),(183,979),(132,979)
"a.8"bounds: (189,961),(218,961),(218,979),(189,979)
"HT"bounds: (130,997),(152,997),(152,1009),(130,1009)
"123"bounds: (159,997),(185,997),(185,1010),(159,1010)
"b.3"bounds: (192,993),(216,993),(216,1010),(192,1010)
"HT"bounds: (126,1026),(156,1026),(156,1045),(126,1045)
"123"bounds: (161,1025),(189,1025),(189,1044),(161,1044)
"b.4"bounds: (196,1026),(223,1026),(223,1042),(196,1042)
"HT"bounds: (129,1063),(152,1063),(152,1077),(129,1077)
"125"bounds: (158,1066),(188,1066),(188,1077),(158,1077)
"a.2"bounds: (194,1064),(223,1064),(223,1076),(194,1076)
"athanat"bounds: (534,1063),(607,1063),(607,1081),(534,1081)
":"bounds: (614,1069),(616,1069),(616,1078),(614,1078)
"Thace"bounds: (631,1062),(672,1062),(672,1079),(631,1079)
"a"bounds: (681,1065),(691,1065),(691,1077),(681,1077)
"dwite"bounds: (702,1066),(749,1066),(749,1078),(702,1078)
"."bounds: (757,1077),(758,1077),(758,1079),(757,1079)
"10"bounds: (1099,1088),(1123,1088),(1123,1098),(1099,1098)
"HT"bounds: (129,1094),(151,1094),(151,1107),(129,1107)
"425"bounds: (157,1097),(185,1098),(185,1108),(157,1108)
"b."bounds: (191,1093),(202,1093),(202,1109),(191,1109)
"4"bounds: (209,1096),(219,1096),(219,1110),(209,1110)
"appanat:"bounds: (534,1127),(610,1126),(610,1151),(534,1152)
"Ti"bounds: (623,1126),(677,1126),(677,1150),(623,1150)
"þossible."bounds: (694,1130),(767,1129),(767,1150),(694,1151)
"appanat:"bounds: (534,1161),(607,1160),(607,1183),(534,1184)
"10n"bounds: (624,1164),(661,1164),(661,1181),(624,1181)
"!"bounds: (670,1163),(673,1163),(673,1175),(670,1175)
"þossible."bounds: (696,1162),(757,1162),(757,1183),(696,1183)
"HT"bounds: (129,1128),(152,1128),(152,1142),(129,1142)
"426"bounds: (157,1128),(186,1128),(186,1142),(157,1142)
"a.2"bounds: (191,1130),(220,1130),(220,1142),(191,1142)
"HT126"bounds: (121,1162),(185,1161),(185,1175),(121,1176)
"b.3"bounds: (196,1157),(222,1157),(222,1175),(196,1175)
"HT"bounds: (123,1191),(150,1191),(150,1210),(123,1210)
"427"bounds: (159,1191),(189,1191),(189,1210),(159,1210)
"b.6"bounds: (194,1192),(224,1192),(224,1209),(194,1209)
"11"bounds: (1101,1189),(1123,1188),(1123,1200),(1101,1201)
"HT"bounds: (130,1228),(151,1228),(151,1241),(130,1241)
"127"bounds: (157,1227),(185,1227),(185,1242),(157,1242)
"b."bounds: (196,1224),(208,1224),(208,1242),(196,1242)
"6"bounds: (216,1228),(225,1228),(225,1243),(216,1243)
"C"bounds: (1059,1222),(1075,1222),(1075,1247),(1059,1247)
"14]"bounds: (1101,1223),(1135,1224),(1135,1247),(1101,1246)
"HT128"bounds: (130,1258),(189,1261),(188,1278),(129,1275)
"a."bounds: (196,1267),(210,1268),(210,1277),(196,1276)
"14"bounds: (215,1261),(238,1262),(237,1281),(214,1280)
"HT"bounds: (128,1296),(150,1296),(150,1309),(128,1309)
"128"bounds: (160,1293),(188,1293),(188,1311),(160,1311)
"a.4"bounds: (190,1293),(218,1293),(218,1310),(190,1310)
"HT"bounds: (130,1327),(153,1328),(152,1342),(129,1341)
"128"bounds: (161,1329),(191,1330),(190,1344),(160,1343)
"a.4"bounds: (196,1330),(224,1331),(224,1344),(196,1343)
"HT"bounds: (128,1363),(150,1363),(150,1376),(128,1376)
"128"bounds: (157,1364),(185,1364),(185,1377),(157,1377)
"b."bounds: (191,1360),(205,1360),(205,1376),(191,1376)
"1"bounds: (210,1364),(222,1364),(222,1376),(210,1376)
"HT"bounds: (126,1393),(152,1393),(152,1411),(126,1411)
"1286.2"bounds: (160,1393),(221,1393),(221,1412),(160,1412)
"apparat"bounds: (532,1397),(600,1396),(600,1420),(533,1421)
":"bounds: (604,1395),(614,1395),(615,1419),(605,1419)
"4"bounds: (626,1397),(642,1397),(642,1414),(626,1414)
"hl"bounds: (651,1396),(664,1396),(664,1418),(651,1418)
"HT"bounds: (127,1431),(149,1431),(149,1445),(127,1445)
"131"bounds: (155,1431),(181,1431),(181,1443),(155,1443)
"a.2"bounds: (187,1433),(217,1433),(217,1444),(187,1444)
"4parat:"bounds: (532,1431),(611,1428),(612,1456),(533,1459)
"sun"bounds: (648,1437),(681,1435),(682,1446),(649,1448)
"I"bounds: (694,1432),(704,1432),(705,1445),(695,1446)
")."bounds: (724,1428),(737,1427),(738,1444),(725,1445)
"HT"bounds: (130,1462),(152,1462),(152,1475),(130,1475)
"431"bounds: (157,1464),(183,1464),(183,1476),(157,1476)
"b.2"bounds: (191,1461),(216,1461),(216,1476),(191,1476)
"HT"bounds: (128,1496),(153,1496),(153,1510),(128,1510)
"136"bounds: (162,1493),(194,1493),(194,1512),(162,1512)
"a.1"bounds: (196,1493),(224,1493),(224,1512),(196,1512)
"Atparat:"bounds: (538,1498),(619,1495),(620,1519),(539,1522)
"-C."bounds: (633,1495),(687,1493),(688,1516),(634,1518)