Texts:

"IT 51
[:]-0 Y.A P
.1
2
.3
.4
已月21
S vest.
4 Amemn
sigue
ente les deux auses du hefied:2
mimuscules caillowe out
entretenir cette illusion.
s brau à gauche.
.5 Moraces de saus doute 2 mit's facbas afrès les vest.,
lesquelber sout dans dout l' amita inferieura gamcha
d' mm
groufe rimikif de 6.
HT31
4 [:1-0Y:
.1
H 10
10
.2
1 10
.3
.3 YIA
140
4
.4-5
400
.5
EHE 300
.6
300
59
"bounds: (102,97),(1162,97),(1162,1529),(102,1529)
"IT"bounds: (103,97),(130,98),(129,112),(102,111)
"51"bounds: (148,98),(167,99),(166,113),(147,112)
"[:]-0"bounds: (211,141),(270,142),(269,174),(210,173)
"Y.A"bounds: (285,144),(345,145),(344,175),(284,174)
"P"bounds: (360,146),(381,146),(380,175),(359,175)
".1"bounds: (167,162),(179,162),(179,171),(167,171)
"2"bounds: (166,217),(178,217),(178,230),(166,230)
".3"bounds: (166,276),(179,276),(179,290),(166,290)
".4"bounds: (164,334),(180,334),(180,350),(164,350)
"已"bounds: (367,373),(381,373),(381,390),(367,390)
"月"bounds: (383,373),(396,373),(396,390),(383,390)
"21"bounds: (398,373),(405,373),(405,390),(398,390)
"S"bounds: (193,395),(203,395),(203,414),(193,414)
"vest."bounds: (203,397),(235,397),(235,410),(203,410)
"4"bounds: (205,510),(216,510),(217,528),(206,528)
"Amemn"bounds: (219,510),(259,508),(260,525),(220,527)
"sigue"bounds: (269,517),(308,517),(308,536),(269,536)
"ente"bounds: (317,513),(351,513),(351,526),(317,526)
"les"bounds: (361,510),(382,510),(382,526),(361,526)
"deux"bounds: (391,515),(425,515),(425,526),(391,526)
"auses"bounds: (432,518),(469,518),(469,526),(432,526)
"du"bounds: (478,515),(500,515),(500,526),(478,526)
"hefied:2"bounds: (508,511),(584,512),(584,530),(508,529)
"mimuscules"bounds: (218,542),(298,542),(298,555),(218,555)
"caillowe"bounds: (306,542),(361,542),(361,555),(306,555)
"out"bounds: (373,543),(400,543),(400,554),(373,554)
"entretenir"bounds: (437,543),(501,543),(501,554),(437,554)
"cette"bounds: (509,544),(542,544),(542,554),(509,554)
"illusion."bounds: (550,542),(608,542),(608,554),(550,554)
"s"bounds: (210,563),(225,564),(223,587),(208,586)
"brau"bounds: (221,568),(265,571),(264,587),(220,584)
"à"bounds: (273,574),(281,575),(280,585),(272,584)
"gauche."bounds: (295,569),(356,573),(354,596),(293,592)
".5"bounds: (193,598),(222,598),(222,615),(193,615)
"Moraces"bounds: (221,599),(269,599),(269,614),(221,614)
"de"bounds: (274,604),(293,604),(293,614),(274,614)
"saus"bounds: (303,604),(333,604),(333,614),(303,614)
"doute"bounds: (339,601),(378,601),(378,615),(339,615)
"2"bounds: (388,604),(396,604),(396,614),(388,614)
"mit's"bounds: (405,602),(448,602),(448,614),(405,614)
"facbas"bounds: (452,601),(507,601),(507,617),(452,617)
"afrès"bounds: (515,602),(550,602),(550,616),(515,616)
"les"bounds: (558,600),(575,600),(575,613),(558,613)
"vest.,"bounds: (581,600),(617,600),(617,617),(581,617)
"lesquelber"bounds: (221,628),(288,628),(288,649),(221,649)
"sout"bounds: (292,632),(327,632),(327,644),(292,644)
"dans"bounds: (349,633),(378,633),(378,642),(349,642)
"dout"bounds: (388,631),(427,631),(427,644),(388,644)
"l'"bounds: (443,628),(452,628),(452,643),(443,643)
"amita"bounds: (460,630),(497,630),(497,642),(460,642)
"inferieura"bounds: (507,632),(584,632),(584,651),(507,651)
"gamcha"bounds: (593,631),(643,631),(643,651),(593,651)
"d'"bounds: (220,663),(241,663),(241,674),(220,674)
"mm"bounds: (240,668),(259,668),(259,673),(240,673)
"groufe"bounds: (269,665),(313,663),(314,684),(270,686)
"rimikif"bounds: (329,664),(383,662),(384,683),(330,685)
"de"bounds: (394,662),(414,661),(414,673),(394,674)
"6."bounds: (425,663),(440,662),(440,674),(425,675)
"HT31"bounds: (597,735),(644,735),(644,750),(597,750)
"4"bounds: (646,765),(672,763),(675,800),(649,802)
"[:1-0Y:"bounds: (673,763),(784,755),(786,789),(676,797)
".1"bounds: (631,838),(650,837),(650,851),(631,852)
"H"bounds: (1042,924),(1061,924),(1061,963),(1042,963)
"10"bounds: (1062,936),(1085,936),(1085,949),(1062,949)
"10"bounds: (1065,992),(1089,992),(1089,1006),(1065,1006)
".2"bounds: (638,1011),(655,1011),(655,1025),(638,1025)
"1"bounds: (1000,1047),(1055,1042),(1059,1083),(1004,1088)
"10"bounds: (1067,1055),(1090,1053),(1091,1066),(1068,1068)
".3"bounds: (637,1069),(652,1069),(652,1083),(637,1083)
".3"bounds: (615,1118),(678,1112),(681,1149),(618,1155)
"YIA"bounds: (674,1114),(747,1107),(750,1139),(677,1146)
"140"bounds: (1057,1167),(1088,1167),(1088,1188),(1057,1188)
"4"bounds: (640,1182),(653,1182),(653,1201),(640,1201)
".4-5"bounds: (640,1243),(668,1243),(668,1260),(640,1260)
"400"bounds: (1018,1276),(1097,1276),(1097,1313),(1018,1313)
".5"bounds: (638,1304),(654,1304),(654,1320),(638,1320)
"EHE"bounds: (1022,1337),(1056,1342),(1053,1357),(1020,1352)
"300"bounds: (1066,1345),(1099,1350),(1096,1364),(1064,1359)
".6"bounds: (636,1421),(650,1421),(650,1436),(636,1436)
"300"bounds: (1068,1420),(1109,1420),(1109,1431),(1068,1431)
"59"bounds: (1139,1512),(1162,1512),(1162,1529),(1139,1529)