Texts:

"26
直中会
39- 26 -38-65
PH 2.31
41- 26 -.7
РК Zа 11а4
中个非
41- 26 -04
1O Za 2a 25
KO Za 144
SY Za 35
VRY Za 1b4
41- 26 -51
*PK Za 11a
41- 26 -80-53-66
HT 90.2-3'
51- 26 -40
HT 25a.41
53- 26 -77
TY 2.5'
53- 26 -80
нT 118.41
53- 26 -80-37
*PH(?) 31b.41
追92EC
757- 26 -80-24/
PH 7a.3'
69- 26 -31
KO Za 1b4
69-
26 -55-09-13
HT 128a.11
73- 26 -59-60-27
HT 117а.4-51
780- 26 -08
TY Zg 14
81- 26 -80
HT 115b.31
81- 26 -81
HT 87.41
03-01- 26 -65-67
TY 2.31
10-06- 26 -77 757-41
РK Zа 12с4
10-06- 26 -77-06-37
PK Za 11c4
10-06- 26 -77-06-57-41
*PK Za 12c4
37-80- 26 -40-04
PYR 1.11
F
726
нT 115Ь.11
MA 10a5
PH(?) 31a.21
*ARKH la.53
G.
08-03- 26
HT 9a.5,*b.2' 49a.6'
нT 115а.51
HT 93a.4-5' 118.2-3' 122b.3-41
08- 26
77-11- 26
16-16- 26
716-16- 26
HT 111a.3'
23- 26
HT 3.41
723- 26
HT 46a.11
31- 26
HT 86a.2,b[.2]' 94b.2' 95a.3,b.1
123a.4
77-31- 26
HT 10b.3
08-37- 26
ZA 4a.33
41- 26
HT 55a.2'
41- 26
*PK Za 104
TL Za 1c4
183
"bounds: (151,93),(1171,93),(1171,1530),(151,1530)
"26"bounds: (1058,93),(1075,93),(1075,106),(1058,106)
"直"bounds: (164,153),(177,154),(175,182),(162,181)
"中"bounds: (179,151),(211,153),(209,189),(177,187)
"会"bounds: (213,153),(236,154),(234,190),(211,189)
"39-"bounds: (482,166),(504,166),(504,176),(482,176)
"26"bounds: (515,165),(530,165),(530,176),(515,176)
"-38-65"bounds: (540,166),(589,166),(589,176),(540,176)
"PH"bounds: (733,165),(749,164),(750,176),(734,177)
"2.31"bounds: (759,157),(789,155),(791,175),(761,177)
"41-"bounds: (482,200),(505,200),(505,210),(482,210)
"26"bounds: (513,199),(532,199),(532,216),(513,216)
"-.7"bounds: (540,196),(589,197),(589,216),(540,215)
"РК"bounds: (733,199),(749,198),(750,209),(734,210)
"Zа"bounds: (759,199),(773,198),(774,209),(760,210)
"11а4"bounds: (786,192),(815,191),(816,209),(787,210)
"中"bounds: (160,224),(183,224),(183,250),(160,250)
"个"bounds: (185,221),(205,221),(205,254),(185,254)
"非"bounds: (210,224),(228,224),(228,250),(210,250)
"41-"bounds: (481,234),(505,234),(505,243),(481,243)
"26"bounds: (515,234),(530,234),(530,244),(515,244)
"-04"bounds: (540,234),(563,234),(563,244),(540,244)
"1O"bounds: (735,231),(749,231),(749,244),(735,244)
"Za"bounds: (762,228),(781,227),(781,244),(762,245)
"2a"bounds: (785,232),(800,232),(800,243),(785,243)
"25"bounds: (811,226),(824,226),(824,243),(811,243)
"KO"bounds: (734,266),(749,265),(750,276),(735,277)
"Za"bounds: (758,260),(778,259),(779,277),(759,278)
"144"bounds: (785,259),(807,258),(808,276),(786,277)
"SY"bounds: (830,274),(860,272),(861,291),(831,293)
"Za"bounds: (862,273),(885,272),(886,290),(863,291)
"35"bounds: (891,272),(907,271),(908,288),(892,289)
"VRY"bounds: (733,300),(757,299),(758,311),(734,312)
"Za"bounds: (767,300),(782,299),(783,310),(768,311)
"1b4"bounds: (794,292),(816,291),(817,309),(795,310)
"41-"bounds: (482,335),(505,337),(504,347),(481,345)
"26"bounds: (515,335),(533,336),(532,352),(514,351)
"-51"bounds: (540,334),(563,336),(562,356),(539,354)
"*PK"bounds: (733,329),(758,329),(758,345),(733,345)
"Za"bounds: (768,334),(783,334),(783,345),(768,345)
"11a"bounds: (793,326),(817,326),(817,348),(793,348)
"41-"bounds: (481,371),(504,371),(504,381),(481,381)
"26"bounds: (515,371),(530,371),(530,381),(515,381)
"-80-53-66"bounds: (540,369),(614,369),(614,382),(540,382)
"HT"bounds: (733,369),(749,368),(750,380),(734,381)
"90.2-3'"bounds: (759,363),(814,360),(815,380),(760,383)
"51-"bounds: (482,405),(504,405),(504,414),(482,414)
"26"bounds: (513,405),(531,405),(531,420),(513,420)
"-40"bounds: (540,401),(580,401),(580,420),(540,420)
"HT"bounds: (733,404),(749,403),(750,414),(734,415)
"25a.41"bounds: (759,398),(806,395),(807,413),(760,416)
"53-"bounds: (482,439),(505,439),(505,449),(482,449)
"26"bounds: (513,439),(531,439),(531,453),(513,453)
"-77"bounds: (540,439),(564,439),(564,448),(540,448)
"TY"bounds: (733,438),(749,437),(750,448),(734,449)
"2.5'"bounds: (760,431),(789,429),(790,447),(761,449)
"53-"bounds: (482,472),(505,472),(505,482),(482,482)
"26"bounds: (516,472),(530,472),(530,482),(516,482)
"-80"bounds: (540,472),(564,472),(564,482),(540,482)
"нT"bounds: (733,470),(750,469),(751,480),(734,481)
"118.41"bounds: (761,466),(806,463),(807,480),(762,483)
"53-"bounds: (482,506),(505,506),(505,516),(482,516)
"26"bounds: (516,505),(530,505),(530,515),(516,515)
"-80-37"bounds: (540,506),(589,505),(589,515),(540,516)
"*PH(?)"bounds: (733,498),(780,497),(780,517),(733,518)
"31b.41"bounds: (793,497),(840,496),(840,515),(793,516)
"追"bounds: (151,523),(177,523),(177,551),(151,551)
"92EC"bounds: (188,526),(261,525),(261,551),(188,552)
"757-"bounds: (465,533),(505,533),(505,552),(465,552)
"26"bounds: (514,539),(532,539),(532,554),(514,554)
"-80-24/"bounds: (540,532),(598,532),(598,555),(540,555)
"PH"bounds: (733,539),(750,537),(751,548),(734,550)
"7a.3'"bounds: (760,533),(799,529),(800,547),(762,551)
"69-"bounds: (482,571),(505,571),(505,581),(482,581)
"26"bounds: (514,571),(532,571),(532,586),(514,586)
"-31"bounds: (541,572),(563,572),(563,581),(541,581)
"KO"bounds: (734,572),(750,572),(750,582),(734,582)
"Za"bounds: (760,572),(775,572),(775,583),(760,583)
"1b4"bounds: (786,566),(808,566),(808,582),(786,582)
"69-"bounds: (482,605),(505,605),(505,614),(482,614)
"26"bounds: (513,605),(532,605),(532,619),(513,619)
"-55-09-13"bounds: (540,605),(614,603),(614,615),(540,617)
"HT"bounds: (733,604),(750,603),(750,616),(734,617)
"128a.11"bounds: (761,600),(815,598),(816,616),(762,618)
"73-"bounds: (483,638),(505,638),(505,648),(483,648)
"26"bounds: (516,638),(531,638),(531,648),(516,648)
"-59-60-27"bounds: (541,638),(615,638),(615,649),(541,649)
"HT"bounds: (734,639),(750,638),(751,649),(735,650)
"117а.4-51"bounds: (761,633),(832,630),(833,650),(762,653)
"780-"bounds: (465,668),(505,668),(505,685),(465,685)
"26"bounds: (515,671),(532,671),(532,685),(515,685)
"-08"bounds: (541,672),(564,672),(564,682),(541,682)
"TY"bounds: (734,672),(750,671),(751,683),(735,684)
"Zg"bounds: (758,668),(778,667),(779,685),(759,686)
"14"bounds: (786,667),(800,666),(801,682),(787,683)
"81-"bounds: (482,702),(506,702),(506,712),(482,712)
"26"bounds: (516,703),(531,703),(531,713),(516,713)
"-80"bounds: (541,703),(566,703),(566,713),(541,713)
"HT"bounds: (734,705),(750,704),(751,715),(735,716)
"115b.31"bounds: (761,699),(815,696),(816,714),(762,717)
"81-"bounds: (483,737),(506,737),(506,747),(483,747)
"26"bounds: (515,736),(533,736),(533,750),(515,750)
"-81"bounds: (541,737),(564,737),(564,747),(541,747)
"HT"bounds: (733,738),(750,737),(751,749),(734,750)
"87.41"bounds: (760,731),(798,728),(799,747),(762,750)
"03-01-"bounds: (457,770),(506,771),(506,781),(457,780)
"26"bounds: (517,771),(532,771),(532,784),(517,784)
"-65-67"bounds: (541,770),(590,771),(590,782),(541,781)
"TY"bounds: (734,773),(750,772),(751,782),(735,783)
"2.31"bounds: (760,766),(791,764),(792,782),(761,784)
"10-06-"bounds: (457,804),(505,804),(505,814),(457,814)
"26"bounds: (514,805),(533,805),(533,820),(514,820)
"-77"bounds: (538,799),(566,799),(566,821),(538,821)
"757-41"bounds: (592,801),(648,801),(648,819),(592,819)
"РK"bounds: (730,801),(763,800),(764,819),(731,820)
"Zа"bounds: (765,799),(779,798),(780,817),(766,818)
"12с4"bounds: (787,798),(817,797),(818,817),(788,818)
"10-06-"bounds: (458,840),(506,840),(506,849),(458,849)
"26"bounds: (517,839),(531,839),(531,848),(517,848)
"-77-06-37"bounds: (542,840),(615,840),(615,849),(542,849)
"PK"bounds: (735,840),(750,839),(751,850),(736,851)
"Za"bounds: (760,840),(776,839),(777,849),(761,850)
"11c4"bounds: (786,834),(817,832),(818,849),(787,851)
"10-06-"bounds: (458,872),(506,873),(506,884),(458,883)
"26"bounds: (514,873),(533,873),(533,888),(514,888)
"-77-06-57-41"bounds: (541,872),(640,873),(640,889),(541,888)
"*PK"bounds: (734,868),(759,868),(759,884),(734,884)
"Za"bounds: (769,873),(784,873),(784,884),(769,884)
"12c4"bounds: (796,866),(826,866),(826,884),(796,884)
"37-80-"bounds: (458,906),(506,906),(506,916),(458,916)
"26"bounds: (517,906),(531,906),(531,916),(517,916)
"-40-04"bounds: (542,907),(590,907),(590,916),(542,916)
"PYR"bounds: (735,906),(758,904),(759,917),(736,919)
"1.11"bounds: (770,902),(799,900),(800,916),(771,918)
"F"bounds: (372,940),(379,940),(379,951),(372,951)
"726"bounds: (498,936),(532,934),(533,955),(499,957)
"нT"bounds: (725,937),(766,935),(767,954),(726,956)
"115Ь.11"bounds: (768,935),(819,932),(820,951),(769,954)
"MA"bounds: (734,974),(749,972),(751,985),(736,987)
"10a5"bounds: (762,969),(792,965),(794,980),(764,985)
"PH(?)"bounds: (735,1007),(773,1005),(774,1021),(736,1023)
"31a.21"bounds: (786,1001),(832,999),(833,1019),(787,1021)
"*ARKH"bounds: (732,1027),(776,1026),(776,1043),(732,1044)
"la.53"bounds: (787,1026),(826,1025),(826,1042),(787,1043)
"G."bounds: (370,1030),(384,1030),(384,1043),(370,1043)
"08-03-"bounds: (458,1032),(506,1033),(506,1043),(458,1042)
"26"bounds: (517,1032),(532,1032),(532,1042),(517,1042)
"HT"bounds: (735,1066),(751,1065),(751,1077),(735,1078)
"9a.5,*b.2'"bounds: (761,1060),(841,1057),(842,1079),(762,1082)
"49a.6'"bounds: (854,1059),(900,1057),(901,1077),(855,1079)
"нT"bounds: (723,1095),(766,1093),(767,1114),(724,1116)
"115а.51"bounds: (768,1092),(817,1089),(818,1111),(769,1114)
"HT"bounds: (736,1133),(752,1133),(752,1144),(736,1144)
"93a.4-5'"bounds: (762,1125),(824,1125),(824,1144),(762,1144)
"118.2-3'"bounds: (839,1125),(901,1125),(901,1144),(839,1144)
"122b.3-41"bounds: (914,1126),(985,1126),(985,1144),(914,1144)
"08-"bounds: (483,1065),(507,1066),(507,1076),(483,1075)
"26"bounds: (517,1065),(532,1066),(532,1076),(517,1075)
"77-11-"bounds: (459,1099),(506,1099),(506,1109),(459,1109)
"26"bounds: (517,1098),(532,1098),(532,1108),(517,1108)
"16-16-"bounds: (459,1131),(507,1133),(507,1144),(459,1142)
"26"bounds: (518,1132),(532,1132),(532,1142),(518,1142)
"716-16-"bounds: (441,1162),(507,1162),(507,1183),(441,1183)
"26"bounds: (515,1166),(534,1166),(534,1181),(515,1181)
"HT"bounds: (735,1166),(751,1165),(752,1178),(736,1179)
"111a.3'"bounds: (763,1162),(816,1158),(817,1176),(764,1180)
"23-"bounds: (484,1200),(507,1200),(507,1209),(484,1209)
"26"bounds: (517,1199),(532,1199),(532,1209),(517,1209)
"HT"bounds: (736,1200),(751,1200),(751,1211),(736,1211)
"3.41"bounds: (762,1192),(791,1192),(791,1211),(762,1211)
"723-"bounds: (468,1229),(507,1230),(507,1248),(468,1247)
"26"bounds: (516,1232),(534,1232),(534,1248),(516,1248)
"HT"bounds: (735,1234),(751,1233),(752,1244),(736,1245)
"46a.11"bounds: (761,1227),(808,1225),(809,1245),(762,1247)
"31-"bounds: (485,1265),(508,1266),(508,1277),(485,1276)
"26"bounds: (516,1265),(535,1266),(534,1281),(515,1280)
"HT"bounds: (736,1267),(751,1267),(751,1277),(736,1277)
"86a.2,b[.2]'"bounds: (762,1259),(859,1258),(859,1280),(762,1281)
"94b.2'"bounds: (872,1259),(917,1259),(917,1277),(872,1277)
"95a.3,b.1"bounds: (926,1256),(1006,1255),(1006,1281),(926,1282)
"123a.4"bounds: (763,1299),(810,1298),(810,1311),(763,1312)
"77-31-"bounds: (461,1333),(508,1335),(508,1345),(461,1343)
"26"bounds: (517,1333),(535,1334),(534,1349),(516,1348)
"HT"bounds: (736,1334),(752,1334),(752,1346),(736,1346)
"10b.3"bounds: (762,1328),(804,1327),(805,1346),(763,1347)
"08-37-"bounds: (458,1366),(507,1367),(507,1378),(458,1377)
"26"bounds: (518,1366),(533,1366),(533,1377),(518,1377)
"ZA"bounds: (736,1369),(751,1368),(752,1380),(737,1381)
"4a.33"bounds: (761,1363),(802,1360),(803,1378),(762,1381)
"41-"bounds: (484,1401),(507,1402),(507,1412),(484,1411)
"26"bounds: (518,1401),(533,1401),(533,1411),(518,1411)
"HT"bounds: (735,1401),(752,1400),(753,1413),(736,1414)
"55a.2'"bounds: (762,1396),(809,1392),(810,1412),(764,1416)
"41-"bounds: (485,1434),(507,1434),(507,1444),(485,1444)
"26"bounds: (519,1434),(533,1434),(533,1445),(519,1445)
"*PK"bounds: (736,1431),(761,1430),(762,1446),(737,1447)
"Za"bounds: (774,1428),(790,1427),(791,1446),(775,1447)
"104"bounds: (797,1428),(819,1427),(820,1444),(798,1445)
"TL"bounds: (736,1469),(751,1468),(752,1480),(737,1481)
"Za"bounds: (762,1469),(776,1468),(777,1480),(763,1481)
"1c4"bounds: (788,1463),(810,1461),(811,1478),(789,1480)
"183"bounds: (1136,1512),(1171,1512),(1171,1530),(1136,1530)