Texts:

"CONCORDANCE GÉNÉRALE
83
Colonne 4 : « Scribe » (leur identification a été mise au point par
L. Godart!).
Colonne 5 : « GORILA » (volume et page).
N° D'ÉDITION
N° D'INVENTAIRE
DATATION
SCRIBE
GORILA
APODOULOU
AP Za 1
AP Za 2
AP Za <8>
НМ 2478
HM 2479 [+] 2480
Khania M. 1048 (?)
MM III
4, р. 2
4, р. 4
4, р. 6
MM III
ARKALOKHORI
AR ZI 1
AR ZI 2
|
1 AR Zf
Boston M. 58.1009
Нм 626
4, р. 142
4, р. 143
2 AR Zf
ARKHANÈS
HM 1668 [+] 1669 [+]-|
нм 1673
НM 1675
ARKH 1
MR I B
MR I B
1 ARKH
1 ARKH
1 ARKH (?)
ARKH 2
ARKH 3
ARKH 4
ARKH 5
ARKH 6
ARKH 7
3, р. 2
3, р. 6
3, р. 8
3, р. 12
3, р. 16
3, р. 18
3, р. 18
НМ 1670
НМ 1674
MR I B
MR I B
MR I B
HM 1671
MR I B
НМ 1672
MR I B
CRÈTE
CR (P) Zf 1
A. Nik. M. 9675
| MR I A
| 4, р. 146
GOURNIA
GO We 1
HM 83
| 2, р. 2
HAGHIA TRIADA
HT 1
HT 2
HT 3
HT 4
НМ 3
НМ 4
НМ 5
НМ 6
НМ 50
нM 8
MR I B
MR I B
MR I B
MR I B
MR I B
MR I B
1, р. 2
1, р. 4
1, р. 6
1, р. 8
1, р. 10
1, р. 12
HT 5
HT 6
1 HT (?)
17 HT (a, b.1-3)
18 HT (b. 4-6)
11 HT
2 HT
НМ 10
MR I B
MR I B
MR I B
MR I B
HT 7
1, р. 14
1, р. 16
1, р. 18
1, р. 20
HT 8
HM 11
НМ 13
нМ 17
HT 9
HT 10
(1) Qui s'en expliquera dans sa contribution au 8e Colloque International des Études
Mycéniennes » (Ohrid, septembre 1985).
"bounds: (166,189),(963,189),(963,1344),(166,1344)
"CONCORDANCE"bounds: (451,193),(576,192),(576,203),(451,204)
"GÉNÉRALE"bounds: (589,190),(679,189),(679,204),(589,205)
"83"bounds: (944,191),(963,191),(963,206),(944,206)
"Colonne"bounds: (166,242),(249,243),(249,260),(166,259)
"4"bounds: (266,242),(277,242),(277,259),(266,259)
":"bounds: (297,240),(307,240),(307,263),(297,263)
"«"bounds: (316,248),(323,248),(323,259),(316,259)
"Scribe"bounds: (332,243),(394,244),(394,262),(332,261)
"»"bounds: (403,249),(410,249),(410,260),(403,260)
"(leur"bounds: (432,243),(478,243),(478,264),(432,264)
"identification"bounds: (498,243),(638,244),(638,263),(498,262)
"a"bounds: (659,252),(669,252),(669,262),(659,262)
"été"bounds: (690,246),(719,246),(719,262),(690,262)
"mise"bounds: (740,244),(786,244),(786,263),(740,263)
"au"bounds: (807,252),(831,252),(831,263),(807,263)
"point"bounds: (852,245),(906,245),(906,268),(852,268)
"par"bounds: (927,253),(961,253),(961,269),(927,269)
"L."bounds: (320,274),(338,275),(338,292),(320,291)
"Godart!)."bounds: (355,272),(448,275),(447,299),(354,296)
"Colonne"bounds: (167,305),(250,306),(250,324),(167,323)
"5"bounds: (268,305),(277,305),(277,322),(268,322)
":"bounds: (300,313),(302,313),(302,322),(300,322)
"«"bounds: (317,311),(324,311),(324,322),(317,322)
"GORILA"bounds: (333,305),(409,306),(409,324),(333,323)
"»"bounds: (418,311),(424,311),(424,323),(418,323)
"(volume"bounds: (437,307),(519,308),(519,330),(437,329)
"et"bounds: (532,310),(550,310),(550,323),(532,323)
"page)."bounds: (562,306),(622,307),(622,331),(562,330)
"N°"bounds: (185,369),(226,369),(226,384),(185,384)
"D'ÉDITION"bounds: (223,371),(298,371),(298,383),(223,383)
"N°"bounds: (361,370),(398,370),(398,385),(361,385)
"D'INVENTAIRE"bounds: (396,373),(501,374),(501,385),(396,384)
"DATATION"bounds: (576,373),(651,374),(651,385),(576,384)
"SCRIBE"bounds: (727,374),(779,375),(779,387),(727,386)
"GORILA"bounds: (866,374),(921,375),(921,387),(866,386)
"APODOULOU"bounds: (511,446),(620,446),(620,459),(511,459)
"AP"bounds: (190,477),(212,477),(212,490),(190,490)
"Za"bounds: (223,477),(242,477),(242,491),(223,491)
"1"bounds: (253,478),(260,478),(260,490),(253,490)
"AP"bounds: (190,498),(212,498),(212,510),(190,510)
"Za"bounds: (223,498),(242,498),(242,510),(223,510)
"2"bounds: (252,498),(260,498),(260,511),(252,511)
"AP"bounds: (190,518),(212,518),(212,530),(190,530)
"Za"bounds: (223,518),(241,518),(241,530),(223,530)
"<8>"bounds: (254,518),(292,518),(292,530),(254,530)
"НМ"bounds: (349,476),(386,477),(386,492),(349,491)
"2478"bounds: (382,479),(416,480),(416,491),(382,490)
"HM"bounds: (345,499),(371,499),(371,509),(345,509)
"2479"bounds: (382,499),(416,499),(416,510),(382,510)
"[+]"bounds: (424,499),(452,499),(452,513),(424,513)
"2480"bounds: (459,499),(493,499),(493,510),(459,510)
"Khania"bounds: (345,518),(399,519),(399,531),(345,530)
"M."bounds: (408,519),(423,519),(423,530),(408,530)
"1048"bounds: (432,518),(464,519),(464,531),(432,530)
"(?)"bounds: (472,520),(491,520),(491,534),(472,534)
"MM"bounds: (566,480),(592,480),(592,491),(566,491)
"III"bounds: (605,480),(624,480),(624,491),(605,491)
"4,"bounds: (844,481),(855,481),(855,495),(844,495)
"р."bounds: (867,484),(879,484),(879,495),(867,495)
"2"bounds: (890,482),(897,482),(897,492),(890,492)
"4,"bounds: (844,501),(855,501),(855,515),(844,515)
"р."bounds: (867,504),(879,504),(879,515),(867,515)
"4"bounds: (890,501),(897,501),(897,512),(890,512)
"4,"bounds: (844,521),(855,521),(855,535),(844,535)
"р."bounds: (867,524),(879,524),(879,536),(867,536)
"6"bounds: (891,521),(897,521),(897,532),(891,532)
"MM"bounds: (565,500),(592,500),(592,510),(565,510)
"III"bounds: (605,500),(624,500),(624,511),(605,511)
"ARKALOKHORI"bounds: (497,565),(633,564),(633,578),(497,579)
"AR"bounds: (190,598),(215,597),(215,609),(190,610)
"ZI"bounds: (225,598),(242,598),(242,609),(225,609)
"1"bounds: (252,598),(259,598),(259,610),(252,610)
"AR"bounds: (190,617),(215,617),(215,629),(190,629)
"ZI"bounds: (227,615),(249,615),(249,632),(227,632)
"2"bounds: (252,618),(260,618),(260,629),(252,629)
"|"bounds: (682,597),(683,597),(682,636),(681,636)
"1"bounds: (737,597),(747,597),(747,612),(737,612)
"AR"bounds: (752,598),(768,598),(768,613),(752,613)
"Zf"bounds: (776,600),(790,600),(790,611),(776,611)
"Boston"bounds: (344,599),(395,599),(395,609),(344,609)
"M."bounds: (404,599),(420,599),(420,610),(404,610)
"58.1009"bounds: (427,599),(485,599),(485,613),(427,613)
"Нм"bounds: (347,616),(388,617),(388,632),(347,631)
"626"bounds: (390,617),(407,617),(407,632),(390,632)
"4,"bounds: (844,601),(855,601),(855,614),(844,614)
"р."bounds: (867,604),(879,604),(879,615),(867,615)
"142"bounds: (892,601),(915,600),(915,611),(892,612)
"4,"bounds: (844,621),(855,621),(855,634),(844,634)
"р."bounds: (863,619),(881,618),(882,635),(864,636)
"143"bounds: (892,621),(915,620),(915,631),(892,632)
"2"bounds: (722,620),(729,620),(729,631),(722,631)
"AR"bounds: (740,621),(763,621),(763,632),(740,632)
"Zf"bounds: (776,620),(790,620),(790,631),(776,631)
"ARKHANÈS"bounds: (515,663),(616,662),(616,678),(515,679)
"HM"bounds: (345,698),(370,698),(370,709),(345,709)
"1668"bounds: (384,699),(416,699),(416,709),(384,709)
"[+]"bounds: (423,699),(451,699),(451,714),(423,714)
"1669"bounds: (460,699),(492,699),(492,710),(460,710)
"[+]-|"bounds: (499,698),(543,699),(543,715),(499,714)
"нм"bounds: (347,716),(388,716),(388,731),(347,731)
"1673"bounds: (390,716),(417,716),(417,732),(390,732)
"НM"bounds: (345,735),(387,735),(387,749),(345,749)
"1675"bounds: (389,735),(417,735),(417,749),(389,749)
"ARKH"bounds: (190,698),(243,698),(243,709),(190,709)
"1"bounds: (254,698),(261,698),(261,709),(254,709)
"MR"bounds: (564,699),(591,699),(591,711),(564,711)
"I"bounds: (605,698),(613,698),(613,713),(605,713)
"B"bounds: (617,699),(628,699),(628,711),(617,711)
"MR"bounds: (564,719),(591,719),(591,731),(564,731)
"I"bounds: (601,719),(607,719),(607,731),(601,731)
"B"bounds: (617,719),(628,719),(628,731),(617,731)
"1"bounds: (739,698),(751,698),(751,711),(739,711)
"ARKH"bounds: (753,698),(793,698),(793,711),(753,711)
"1"bounds: (738,718),(750,718),(750,731),(738,731)
"ARKH"bounds: (752,718),(792,718),(792,731),(752,731)
"1"bounds: (734,737),(748,737),(748,754),(734,754)
"ARKH"bounds: (750,737),(790,738),(790,756),(750,755)
"(?)"bounds: (797,741),(816,741),(816,755),(797,755)
"ARKH"bounds: (190,717),(244,717),(244,730),(190,730)
"2"bounds: (254,718),(261,718),(261,730),(254,730)
"ARKH"bounds: (190,737),(243,737),(243,750),(190,750)
"3"bounds: (254,738),(261,738),(261,750),(254,750)
"ARKH"bounds: (190,757),(244,757),(244,770),(190,770)
"4"bounds: (254,757),(261,757),(261,769),(254,769)
"ARKH"bounds: (190,777),(243,777),(243,790),(190,790)
"5"bounds: (254,778),(261,778),(261,790),(254,790)
"ARKH"bounds: (190,797),(244,797),(244,810),(190,810)
"6"bounds: (254,797),(261,797),(261,810),(254,810)
"ARKH"bounds: (190,817),(243,817),(243,830),(190,830)
"7"bounds: (254,817),(261,817),(261,829),(254,829)
"3,"bounds: (841,699),(863,699),(863,715),(841,715)
"р."bounds: (867,704),(879,704),(879,715),(867,715)
"2"bounds: (890,701),(897,701),(897,711),(890,711)
"3,"bounds: (844,721),(855,721),(855,734),(844,734)
"р."bounds: (866,724),(879,724),(879,735),(866,735)
"6"bounds: (890,721),(897,721),(897,732),(890,732)
"3,"bounds: (840,739),(863,739),(863,756),(840,756)
"р."bounds: (867,744),(879,744),(879,755),(867,755)
"8"bounds: (890,741),(897,741),(897,752),(890,752)
"3,"bounds: (844,761),(855,761),(855,774),(844,774)
"р."bounds: (867,764),(879,764),(879,775),(867,775)
"12"bounds: (891,761),(906,761),(906,772),(891,772)
"3,"bounds: (839,780),(862,780),(862,796),(839,796)
"р."bounds: (867,784),(878,784),(878,796),(867,796)
"16"bounds: (892,781),(906,781),(906,791),(892,791)
"3,"bounds: (844,801),(855,801),(855,815),(844,815)
"р."bounds: (867,804),(878,804),(878,815),(867,815)
"18"bounds: (891,801),(906,801),(906,812),(891,812)
"3,"bounds: (840,819),(863,819),(863,835),(840,835)
"р."bounds: (866,824),(878,824),(878,835),(866,835)
"18"bounds: (892,821),(906,821),(906,832),(892,832)
"НМ"bounds: (348,757),(386,757),(386,770),(348,770)
"1670"bounds: (388,757),(417,757),(417,770),(388,770)
"НМ"bounds: (348,775),(386,776),(386,789),(348,788)
"1674"bounds: (388,776),(417,777),(417,790),(388,789)
"MR"bounds: (564,739),(591,739),(591,751),(564,751)
"I"bounds: (605,737),(615,737),(615,753),(605,753)
"B"bounds: (617,739),(628,739),(628,751),(617,751)
"MR"bounds: (564,759),(591,759),(591,771),(564,771)
"I"bounds: (601,758),(607,758),(607,770),(601,770)
"B"bounds: (617,759),(628,759),(628,771),(617,771)
"MR"bounds: (564,779),(591,779),(591,791),(564,791)
"I"bounds: (605,777),(613,777),(613,792),(605,792)
"B"bounds: (617,779),(627,779),(627,791),(617,791)
"HM"bounds: (344,799),(370,799),(370,809),(344,809)
"1671"bounds: (384,798),(414,798),(414,810),(384,810)
"MR"bounds: (564,799),(591,799),(591,811),(564,811)
"I"bounds: (601,799),(607,799),(607,811),(601,811)
"B"bounds: (617,799),(628,799),(628,811),(617,811)
"НМ"bounds: (347,817),(388,817),(388,832),(347,832)
"1672"bounds: (390,817),(415,817),(415,832),(390,832)
"MR"bounds: (564,819),(591,819),(591,831),(564,831)
"I"bounds: (601,818),(607,818),(607,831),(601,831)
"B"bounds: (617,819),(627,819),(627,832),(617,832)
"CRÈTE"bounds: (538,863),(594,863),(594,877),(538,877)
"CR"bounds: (191,897),(213,897),(213,909),(191,909)
"(P)"bounds: (224,897),(240,897),(240,912),(224,912)
"Zf"bounds: (252,897),(268,897),(268,910),(252,910)
"1"bounds: (279,897),(286,897),(286,909),(279,909)
"A."bounds: (344,899),(358,899),(358,909),(344,909)
"Nik."bounds: (367,898),(397,898),(397,909),(367,909)
"M."bounds: (406,899),(421,899),(421,909),(406,909)
"9675"bounds: (433,899),(466,899),(466,909),(433,909)
"|"bounds: (547,896),(562,896),(562,912),(547,912)
"MR"bounds: (564,899),(591,899),(591,911),(564,911)
"I"bounds: (604,895),(613,895),(613,911),(604,911)
"A"bounds: (617,899),(628,899),(628,910),(617,910)
"|"bounds: (838,899),(847,899),(847,917),(838,917)
"4,"bounds: (849,899),(859,899),(859,917),(849,917)
"р."bounds: (866,904),(878,904),(878,915),(866,915)
"146"bounds: (891,900),(914,900),(914,911),(891,911)
"GOURNIA"bounds: (525,945),(605,945),(605,957),(525,957)
"GO"bounds: (185,974),(227,975),(227,990),(185,989)
"We"bounds: (223,977),(246,977),(246,989),(223,989)
"1"bounds: (257,977),(264,977),(264,988),(257,988)
"HM"bounds: (344,978),(370,978),(370,988),(344,988)
"83"bounds: (382,978),(398,978),(398,989),(382,989)
"|"bounds: (833,978),(844,978),(844,996),(833,996)
"2,"bounds: (843,980),(855,980),(855,994),(843,994)
"р."bounds: (866,983),(878,983),(878,994),(866,994)
"2"bounds: (889,980),(897,980),(897,991),(889,991)
"HAGHIA"bounds: (489,1024),(560,1024),(560,1036),(489,1036)
"TRIADA"bounds: (573,1024),(642,1024),(642,1037),(573,1037)
"HT"bounds: (191,1056),(214,1056),(214,1069),(191,1069)
"1"bounds: (225,1057),(231,1057),(231,1069),(225,1069)
"HT"bounds: (190,1076),(214,1076),(214,1088),(190,1088)
"2"bounds: (224,1076),(232,1076),(232,1089),(224,1089)
"HT"bounds: (191,1096),(214,1096),(214,1108),(191,1108)
"3"bounds: (224,1096),(232,1096),(232,1109),(224,1109)
"HT"bounds: (191,1116),(214,1116),(214,1128),(191,1128)
"4"bounds: (224,1116),(232,1116),(232,1128),(224,1128)
"НМ"bounds: (348,1055),(384,1055),(384,1069),(348,1069)
"3"bounds: (382,1057),(389,1057),(389,1068),(382,1068)
"НМ"bounds: (347,1074),(384,1073),(384,1089),(347,1090)
"4"bounds: (382,1077),(388,1077),(388,1088),(382,1088)
"НМ"bounds: (347,1097),(385,1095),(385,1108),(348,1110)
"5"bounds: (387,1095),(390,1095),(391,1108),(388,1108)
"НМ"bounds: (348,1116),(386,1115),(386,1128),(348,1129)
"6"bounds: (388,1115),(391,1115),(391,1128),(388,1128)
"НМ"bounds: (349,1135),(384,1135),(384,1148),(349,1148)
"50"bounds: (382,1137),(397,1137),(397,1148),(382,1148)
"нM"bounds: (348,1154),(385,1154),(385,1169),(348,1169)
"8"bounds: (387,1154),(391,1154),(391,1169),(387,1169)
"MR"bounds: (565,1058),(590,1058),(590,1069),(565,1069)
"I"bounds: (606,1056),(614,1056),(614,1070),(606,1070)
"B"bounds: (618,1058),(627,1058),(627,1069),(618,1069)
"MR"bounds: (565,1078),(590,1078),(590,1089),(565,1089)
"I"bounds: (606,1075),(616,1075),(616,1089),(606,1089)
"B"bounds: (618,1078),(627,1078),(627,1089),(618,1089)
"MR"bounds: (564,1098),(590,1098),(590,1109),(564,1109)
"I"bounds: (606,1095),(616,1095),(616,1111),(606,1111)
"B"bounds: (617,1098),(627,1098),(627,1109),(617,1109)
"MR"bounds: (565,1118),(590,1118),(590,1128),(565,1128)
"I"bounds: (605,1116),(615,1116),(615,1129),(605,1129)
"B"bounds: (618,1118),(627,1118),(627,1128),(618,1128)
"MR"bounds: (564,1138),(590,1138),(590,1148),(564,1148)
"I"bounds: (606,1135),(616,1135),(616,1151),(606,1151)
"B"bounds: (617,1138),(627,1138),(627,1148),(617,1148)
"MR"bounds: (564,1157),(590,1157),(590,1168),(564,1168)
"I"bounds: (605,1155),(616,1155),(616,1170),(605,1170)
"B"bounds: (617,1157),(627,1157),(627,1168),(617,1168)
"1,"bounds: (844,1059),(854,1059),(854,1073),(844,1073)
"р."bounds: (866,1063),(878,1063),(878,1074),(866,1074)
"2"bounds: (889,1060),(897,1060),(897,1070),(889,1070)
"1,"bounds: (844,1079),(854,1079),(854,1093),(844,1093)
"р."bounds: (866,1082),(878,1082),(878,1094),(866,1094)
"4"bounds: (889,1080),(896,1080),(896,1090),(889,1090)
"1,"bounds: (839,1099),(861,1098),(862,1114),(840,1115)
"р."bounds: (865,1103),(878,1102),(878,1113),(865,1114)
"6"bounds: (889,1100),(896,1100),(896,1110),(889,1110)
"1,"bounds: (844,1119),(854,1119),(854,1132),(844,1132)
"р."bounds: (866,1123),(878,1123),(878,1133),(866,1133)
"8"bounds: (889,1120),(896,1120),(896,1130),(889,1130)
"1,"bounds: (845,1139),(854,1139),(854,1153),(845,1153)
"р."bounds: (866,1142),(878,1142),(878,1153),(866,1153)
"10"bounds: (891,1139),(905,1139),(905,1150),(891,1150)
"1,"bounds: (839,1158),(861,1157),(862,1173),(840,1174)
"р."bounds: (865,1162),(878,1162),(878,1173),(865,1173)
"12"bounds: (890,1159),(905,1158),(905,1169),(890,1170)
"HT"bounds: (191,1136),(214,1136),(214,1148),(191,1148)
"5"bounds: (224,1136),(231,1136),(231,1149),(224,1149)
"HT"bounds: (191,1156),(214,1156),(214,1168),(191,1168)
"6"bounds: (224,1156),(232,1156),(232,1168),(224,1168)
"1"bounds: (739,1136),(749,1136),(748,1152),(738,1152)
"HT"bounds: (751,1136),(766,1137),(765,1154),(750,1153)
"(?)"bounds: (775,1138),(795,1139),(794,1154),(774,1153)
"17"bounds: (696,1158),(711,1158),(711,1169),(696,1169)
"HT"bounds: (719,1158),(742,1158),(742,1169),(719,1169)
"(a,"bounds: (749,1159),(767,1159),(767,1172),(749,1172)
"b.1-3)"bounds: (775,1158),(816,1158),(816,1172),(775,1172)
"18"bounds: (696,1178),(710,1178),(710,1189),(696,1189)
"HT"bounds: (719,1178),(742,1178),(742,1189),(719,1189)
"(b."bounds: (750,1179),(767,1179),(767,1192),(750,1192)
"4-6)"bounds: (774,1178),(801,1178),(801,1192),(774,1192)
"11"bounds: (699,1196),(728,1196),(728,1211),(699,1211)
"HT"bounds: (728,1199),(751,1199),(751,1209),(728,1209)
"2"bounds: (719,1216),(728,1216),(728,1231),(719,1231)
"HT"bounds: (728,1218),(752,1218),(752,1229),(728,1229)
"НМ"bounds: (344,1194),(387,1194),(387,1210),(344,1210)
"10"bounds: (389,1194),(398,1194),(398,1210),(389,1210)
"MR"bounds: (564,1198),(590,1198),(590,1208),(564,1208)
"I"bounds: (606,1194),(616,1194),(616,1210),(606,1210)
"B"bounds: (618,1198),(627,1198),(627,1208),(618,1208)
"MR"bounds: (564,1218),(590,1217),(590,1228),(564,1229)
"I"bounds: (606,1215),(617,1215),(617,1230),(606,1230)
"B"bounds: (617,1218),(627,1218),(627,1228),(617,1228)
"MR"bounds: (565,1238),(590,1238),(590,1248),(565,1248)
"I"bounds: (606,1236),(616,1236),(616,1249),(606,1249)
"B"bounds: (618,1238),(627,1238),(627,1248),(618,1248)
"MR"bounds: (565,1258),(590,1258),(590,1268),(565,1268)
"I"bounds: (606,1256),(616,1256),(616,1269),(606,1269)
"B"bounds: (618,1258),(627,1258),(627,1268),(618,1268)
"HT"bounds: (191,1196),(214,1196),(214,1208),(191,1208)
"7"bounds: (224,1196),(231,1196),(231,1208),(224,1208)
"1,"bounds: (839,1198),(861,1198),(861,1214),(839,1214)
"р."bounds: (866,1201),(878,1201),(878,1213),(866,1213)
"14"bounds: (891,1199),(905,1199),(905,1210),(891,1210)
"1,"bounds: (844,1219),(854,1219),(854,1232),(844,1232)
"р."bounds: (866,1222),(878,1222),(878,1233),(866,1233)
"16"bounds: (891,1219),(905,1219),(905,1230),(891,1230)
"1,"bounds: (841,1237),(860,1237),(860,1252),(841,1252)
"р."bounds: (866,1242),(878,1242),(878,1252),(866,1252)
"18"bounds: (891,1238),(905,1238),(905,1249),(891,1249)
"1,"bounds: (839,1258),(861,1257),(862,1273),(840,1274)
"р."bounds: (865,1257),(880,1257),(881,1272),(866,1273)
"20"bounds: (889,1258),(905,1257),(905,1268),(889,1269)
"HT"bounds: (191,1216),(214,1216),(214,1228),(191,1228)
"8"bounds: (224,1216),(231,1216),(231,1228),(224,1228)
"HM"bounds: (344,1217),(370,1217),(370,1227),(344,1227)
"11"bounds: (383,1216),(396,1216),(396,1227),(383,1227)
"НМ"bounds: (344,1235),(388,1235),(388,1250),(344,1250)
"13"bounds: (390,1235),(399,1235),(399,1250),(390,1250)
"нМ"bounds: (347,1254),(388,1254),(388,1269),(347,1269)
"17"bounds: (390,1254),(399,1254),(399,1269),(390,1269)
"HT"bounds: (191,1236),(214,1236),(214,1248),(191,1248)
"9"bounds: (224,1236),(231,1236),(231,1248),(224,1248)
"HT"bounds: (191,1256),(214,1256),(214,1268),(191,1268)
"10"bounds: (225,1256),(240,1256),(240,1268),(225,1268)
"(1)"bounds: (215,1308),(232,1308),(232,1322),(215,1322)
"Qui"bounds: (245,1308),(270,1308),(270,1322),(245,1322)
"s'en"bounds: (285,1308),(312,1308),(312,1319),(285,1319)
"expliquera"bounds: (327,1309),(406,1309),(406,1323),(327,1323)
"dans"bounds: (420,1309),(455,1309),(455,1320),(420,1320)
"sa"bounds: (469,1312),(483,1312),(483,1320),(469,1320)
"contribution"bounds: (498,1309),(592,1309),(592,1320),(498,1320)
"au"bounds: (607,1314),(623,1314),(623,1321),(607,1321)
"8e"bounds: (639,1310),(663,1310),(663,1321),(639,1321)
"Colloque"bounds: (678,1310),(742,1310),(742,1325),(678,1325)
"International"bounds: (758,1311),(858,1311),(858,1322),(758,1322)
"des"bounds: (873,1311),(895,1311),(895,1322),(873,1322)
"Études"bounds: (911,1309),(963,1309),(963,1323),(911,1323)
"Mycéniennes"bounds: (166,1327),(262,1328),(262,1343),(166,1342)
"»"bounds: (269,1332),(273,1332),(273,1338),(269,1338)
"(Ohrid,"bounds: (281,1328),(334,1328),(334,1343),(281,1343)
"septembre"bounds: (342,1329),(420,1330),(420,1344),(342,1343)
"1985)."bounds: (430,1329),(471,1329),(471,1343),(430,1343)