Texts:

"INSCRIPTIONS EN LINÉAIRE A
Wa 1309
Wa 1310
Wa 1311
HM 471.4
HM 472.3
HM 473.1
Wa 1312
Wa 1313
Wa 1314
HM 473.2
HM 474.24
HM 474.25
Wa 1315
Wa 1316
Wa 1317
HM 491.4
HM 505.1
HM 509.1
Wa 1318
Wa 1319
Wa 1320
HM 536.1
HM 540.1
HM 609.1
Wa 1321
HM Bh
30
"bounds: (81,66),(1179,66),(1179,1516),(81,1516)
"INSCRIPTIONS"bounds: (523,67),(647,67),(647,79),(523,79)
"EN"bounds: (659,69),(681,69),(681,79),(659,79)
"LINÉAIRE"bounds: (692,66),(776,66),(776,80),(692,80)
"A"bounds: (787,71),(796,71),(796,80),(787,80)
"Wa"bounds: (243,140),(274,140),(274,154),(243,154)
"1309"bounds: (288,140),(329,140),(329,154),(288,154)
"Wa"bounds: (610,143),(641,143),(641,158),(610,158)
"1310"bounds: (656,144),(696,145),(696,160),(656,159)
"Wa"bounds: (976,147),(1007,147),(1007,162),(976,162)
"1311"bounds: (1022,148),(1061,148),(1061,163),(1022,163)
"HM"bounds: (369,339),(396,340),(396,354),(369,353)
"471.4"bounds: (404,340),(469,341),(469,357),(404,356)
"HM"bounds: (744,348),(770,348),(770,362),(744,362)
"472.3"bounds: (780,346),(831,346),(831,361),(780,361)
"HM"bounds: (1081,353),(1105,354),(1105,367),(1081,366)
"473.1"bounds: (1114,353),(1171,355),(1171,370),(1114,368)
"Wa"bounds: (245,408),(276,409),(276,423),(245,422)
"1312"bounds: (291,408),(331,409),(331,424),(291,423)
"Wa"bounds: (614,412),(644,412),(644,426),(614,426)
"1313"bounds: (659,413),(700,414),(700,428),(659,427)
"Wa"bounds: (976,415),(1007,415),(1007,430),(976,430)
"1314"bounds: (1021,416),(1062,416),(1062,430),(1021,430)
"HM"bounds: (384,605),(409,606),(409,621),(384,620)
"473.2"bounds: (417,606),(473,607),(473,621),(417,620)
"HM"bounds: (729,613),(755,614),(755,629),(729,628)
"474.24"bounds: (765,614),(828,616),(828,631),(765,629)
"HM"bounds: (1073,618),(1100,618),(1100,632),(1073,632)
"474.25"bounds: (1110,617),(1179,618),(1179,634),(1110,633)
"Wa"bounds: (245,676),(276,677),(276,692),(245,691)
"1315"bounds: (291,676),(331,677),(331,693),(291,692)
"Wa"bounds: (616,678),(647,679),(647,694),(616,693)
"1316"bounds: (661,679),(703,680),(703,695),(661,694)
"Wa"bounds: (972,685),(1003,685),(1003,699),(972,699)
"1317"bounds: (1018,685),(1059,685),(1059,700),(1018,700)
"HM"bounds: (362,880),(393,880),(393,894),(362,894)
"491.4"bounds: (405,880),(468,881),(468,896),(405,895)
"HM"bounds: (745,889),(776,890),(776,904),(745,903)
"505.1"bounds: (786,890),(838,892),(837,906),(786,904)
"HM"bounds: (1065,893),(1090,894),(1089,909),(1064,908)
"509.1"bounds: (1101,895),(1159,897),(1159,910),(1101,908)
"Wa"bounds: (240,948),(271,948),(271,962),(240,962)
"1318"bounds: (285,948),(326,948),(326,963),(285,963)
"Wa"bounds: (616,952),(647,952),(647,966),(616,966)
"1319"bounds: (661,952),(702,952),(702,966),(661,966)
"Wa"bounds: (975,954),(1006,955),(1006,970),(975,969)
"1320"bounds: (1020,954),(1061,955),(1061,971),(1020,970)
"HM"bounds: (377,1154),(402,1154),(402,1167),(377,1167)
"536.1"bounds: (409,1154),(457,1154),(457,1167),(409,1167)
"HM"bounds: (720,1163),(744,1163),(744,1178),(720,1178)
"540.1"bounds: (754,1163),(802,1163),(802,1177),(754,1177)
"HM"bounds: (1084,1155),(1117,1156),(1117,1173),(1084,1172)
"609.1"bounds: (1125,1155),(1171,1156),(1171,1174),(1125,1173)
"Wa"bounds: (243,1220),(274,1221),(274,1236),(243,1235)
"1321"bounds: (288,1220),(327,1221),(327,1237),(288,1236)
"HM"bounds: (349,1423),(375,1423),(375,1438),(349,1438)
"Bh"bounds: (388,1424),(419,1425),(419,1442),(388,1441)
"30"bounds: (81,1499),(104,1499),(104,1516),(81,1516)