Texts:

"02
08-67- 02
ARKH 4b.43
-3TAY TX+-
YA +
-81-16-54-31-05-80- 02 -
KO (?) Zf 24
нT 8.5-61
31-80- 02
781-80- 02
HT 96a.5'
320-320-80- 02
PH Wc 40a-b?
HT 9a.6,b.6' 11a.3,b.5' 13.7' 25b.2.4'
27a.7' 39.5' 40.3' 46a.2' 67.2' 74.2'
85a.6! 88.6' 89.4' 94a.3,b.3' 100.3'
81- 02
102.5' 104.5' 109.3' 110a.3' 116b.11
117a.6 118.5' 119.5' 122a.8,b.5'
123a,7.8,b.6' 127b.4.7' 130.4
PH(?) 31a.41
ZA 15b.23
11-05-81- 02
HT 122b.6' 131b.41
KH Wa 10133 10143 10153 10163
86- 02
A SC1
H
01 '02'
KH Wa 1001y 1002y
A 504
02 '02'
KH 18.45
A 504
02 '02'/
KH 18.45
A 505
04+ 02
HT 104.11
A 547
FT 47a.11
A 639
'316+ 02''13ìa'
PYR 1.21
145
"bounds: (104,93),(1163,93),(1163,1534),(104,1534)
"02"bounds: (1049,93),(1070,93),(1070,110),(1049,110)
"08-67-"bounds: (536,170),(585,171),(585,182),(536,181)
"02"bounds: (595,170),(612,170),(612,185),(595,185)
"ARKH"bounds: (719,168),(754,165),(755,179),(720,182)
"4b.43"bounds: (763,163),(804,160),(805,178),(764,181)
"-3TAY"bounds: (104,191),(201,192),(201,218),(104,217)
"TX+-"bounds: (211,194),(281,194),(281,217),(211,217)
"YA"bounds: (211,226),(247,226),(247,250),(211,250)
"+"bounds: (256,227),(270,227),(270,247),(256,247)
"-81-16-54-31-05-80-"bounds: (426,205),(585,205),(585,216),(426,216)
"02"bounds: (594,205),(611,205),(611,219),(594,219)
"-"bounds: (616,211),(623,211),(623,212),(616,212)
"KO"bounds: (721,204),(736,203),(737,214),(722,215)
"(?)"bounds: (740,203),(759,202),(760,217),(741,218)
"Zf"bounds: (772,202),(787,201),(788,213),(773,214)
"24"bounds: (798,196),(811,195),(812,212),(799,213)
"нT"bounds: (720,228),(737,227),(738,240),(721,241)
"8.5-61"bounds: (746,223),(802,219),(803,239),(748,243)
"31-80-"bounds: (537,231),(585,231),(585,241),(537,241)
"02"bounds: (595,231),(610,231),(610,241),(595,241)
"781-80-"bounds: (520,261),(586,261),(586,280),(520,280)
"02"bounds: (594,264),(612,264),(612,279),(594,279)
"HT"bounds: (721,263),(737,262),(738,273),(722,274)
"96a.5'"bounds: (747,258),(794,254),(795,272),(748,276)
"320-320-80-"bounds: (495,297),(586,297),(586,309),(495,309)
"02"bounds: (596,298),(611,298),(611,308),(596,308)
"PH"bounds: (721,297),(737,296),(738,306),(722,307)
"Wc"bounds: (745,290),(770,289),(771,308),(746,309)
"40a-b?"bounds: (772,289),(821,286),(822,305),(773,308)
"HT"bounds: (722,330),(738,330),(738,340),(722,340)
"9a.6,b.6'"bounds: (748,320),(819,320),(819,343),(748,343)
"11a.3,b.5'"bounds: (833,320),(912,320),(912,342),(833,342)
"13.7'"bounds: (926,319),(962,319),(962,340),(926,340)
"25b.2.4'"bounds: (976,319),(1038,319),(1038,345),(976,345)
"27a.7'"bounds: (749,355),(794,355),(794,374),(749,374)
"39.5'"bounds: (807,354),(845,354),(845,373),(807,373)
"40.3'"bounds: (858,355),(895,355),(895,380),(858,380)
"46a.2'"bounds: (908,354),(955,354),(955,373),(908,373)
"67.2'"bounds: (967,354),(1005,354),(1005,372),(967,372)
"74.2'"bounds: (1018,352),(1055,352),(1055,372),(1018,372)
"85a.6!"bounds: (749,389),(798,389),(798,408),(749,408)
"88.6'"bounds: (807,389),(845,389),(845,407),(807,407)
"89.4'"bounds: (858,388),(896,388),(896,407),(858,407)
"94a.3,b.3'"bounds: (909,389),(988,388),(988,408),(909,409)
"100.3'"bounds: (1002,386),(1047,386),(1047,407),(1002,407)
"81-"bounds: (563,332),(586,332),(586,342),(563,342)
"02"bounds: (595,332),(613,332),(613,346),(595,346)
"102.5'"bounds: (750,423),(795,423),(795,443),(750,443)
"104.5'"bounds: (809,423),(854,423),(854,442),(809,442)
"109.3'"bounds: (868,422),(913,422),(913,441),(868,441)
"110a.3'"bounds: (927,422),(980,422),(980,441),(927,441)
"116b.11"bounds: (994,421),(1048,421),(1048,440),(994,440)
"117a.6"bounds: (751,457),(804,457),(804,476),(751,476)
"118.5'"bounds: (818,456),(863,456),(863,475),(818,475)
"119.5'"bounds: (877,456),(922,456),(922,474),(877,474)
"122a.8,b.5'"bounds: (936,456),(1023,455),(1023,475),(936,476)
"123a,7.8,b.6'"bounds: (751,489),(855,489),(855,511),(751,511)
"127b.4.7'"bounds: (869,489),(939,489),(939,517),(869,517)
"130.4"bounds: (953,488),(998,488),(998,516),(953,516)
"PH(?)"bounds: (724,533),(762,530),(763,546),(725,549)
"31a.41"bounds: (775,527),(823,524),(824,541),(776,545)
"ZA"bounds: (725,566),(740,565),(741,577),(726,578)
"15b.23"bounds: (751,559),(798,555),(799,575),(752,579)
"11-05-81-"bounds: (516,636),(589,636),(589,646),(516,646)
"02"bounds: (600,635),(614,635),(614,645),(600,645)
"HT"bounds: (725,633),(741,633),(741,644),(725,644)
"122b.6'"bounds: (753,625),(806,624),(806,643),(753,644)
"131b.41"bounds: (820,624),(873,623),(873,643),(821,644)
"KH"bounds: (726,667),(743,667),(743,678),(726,678)
"Wa"bounds: (750,666),(767,666),(767,677),(750,677)
"10133"bounds: (778,659),(817,658),(817,677),(779,678)
"10143"bounds: (828,658),(867,657),(867,675),(828,676)
"10153"bounds: (879,658),(918,657),(918,676),(880,677)
"10163"bounds: (929,658),(968,657),(968,676),(930,677)
"86-"bounds: (567,669),(590,669),(590,679),(567,679)
"02"bounds: (600,669),(615,669),(615,679),(600,679)
"A"bounds: (185,731),(195,731),(195,747),(185,747)
"SC1"bounds: (194,735),(215,735),(215,746),(194,746)
"H"bounds: (356,732),(364,732),(364,743),(356,743)
"01"bounds: (568,730),(591,730),(591,745),(568,745)
"'02'"bounds: (597,732),(623,732),(623,744),(597,744)
"KH"bounds: (727,731),(743,731),(743,741),(727,741)
"Wa"bounds: (753,731),(766,731),(766,741),(753,741)
"1001y"bounds: (779,722),(826,722),(826,746),(779,746)
"1002y"bounds: (838,722),(885,722),(885,749),(838,749)
"A"bounds: (185,767),(193,767),(193,782),(185,782)
"504"bounds: (195,769),(217,769),(217,780),(195,780)
"02"bounds: (599,769),(617,769),(617,783),(599,783)
"'02'"bounds: (630,764),(675,763),(675,781),(630,782)
"KH"bounds: (727,768),(743,767),(744,778),(728,779)
"18.45"bounds: (754,763),(792,760),(793,776),(755,779)
"A"bounds: (188,801),(196,801),(196,816),(188,816)
"504"bounds: (195,803),(216,803),(216,815),(195,815)
"02"bounds: (566,797),(592,796),(592,815),(566,816)
"'02'/"bounds: (597,799),(641,798),(641,814),(597,815)
"KH"bounds: (727,801),(743,800),(744,812),(728,813)
"18.45"bounds: (754,797),(793,794),(794,810),(755,813)
"A"bounds: (184,834),(195,834),(195,850),(184,850)
"505"bounds: (196,837),(218,837),(218,849),(196,849)
"04+"bounds: (568,837),(592,837),(592,846),(568,846)
"02"bounds: (600,836),(618,836),(618,850),(600,850)
"HT"bounds: (727,834),(744,832),(745,845),(728,847)
"104.11"bounds: (754,831),(801,827),(802,843),(756,848)
"A"bounds: (187,867),(195,867),(195,882),(187,882)
"547"bounds: (197,870),(219,870),(219,881),(197,881)
"FT"bounds: (728,867),(744,866),(745,876),(729,878)
"47a.11"bounds: (753,864),(802,860),(803,876),(755,881)
"A"bounds: (186,900),(195,900),(195,916),(186,916)
"639"bounds: (196,903),(219,903),(219,915),(196,915)
"'316+"bounds: (556,903),(592,903),(592,914),(556,914)
"02''13ìa'"bounds: (603,900),(676,899),(676,913),(603,914)
"PYR"bounds: (728,901),(752,900),(753,912),(729,913)
"1.21"bounds: (764,894),(792,892),(793,911),(765,913)
"145"bounds: (1129,1517),(1163,1516),(1163,1533),(1129,1534)