Texts:

"HT 58
HM37 -[4,00]x [4,80]x 0,70
Cn.
112
"bounds: (68,68),(750,68),(750,1526),(68,1526)
"HT"bounds: (68,69),(103,69),(103,86),(68,86)
"58"bounds: (115,68),(139,68),(139,86),(115,86)
"HM37"bounds: (489,1241),(539,1242),(539,1257),(489,1256)
"-[4,00]x"bounds: (547,1242),(616,1243),(616,1260),(547,1259)
"[4,80]x"bounds: (625,1241),(684,1242),(684,1259),(625,1258)
"0,70"bounds: (693,1242),(724,1242),(724,1261),(693,1261)
"Cn."bounds: (729,1251),(750,1251),(750,1257),(729,1257)
"112"bounds: (70,1510),(104,1510),(104,1526),(70,1526)