Texts:

"26
741- 26
*PK Za 1264
平研中
HT 86a.3',b[.3[ I' 95a.4,b.4'
07-45- 26
67- 26
MI Zb 14
44-67- 26
HT 94b.21
HT 23a.5
70- 26
77- 26
HT 97a.11
нT 75.11
HT 2.1 86a.1,bL. '
77- 26 /
08-77- 26
80- 26
HT 117a.31
JA34
738-81- 26
ZA 11a.33
305- 26
HT 10a.3'
A 533
HT 6a.3'
H
57+ 26
A 546
'6?'80+ 26
HT 24a.11
A 550
73+57+ 26
HT 23a.2,b.2' 32.2' 35.2' 81.1'
KH 12.13 36.13 60.33
A 558
780+ 26
PH 3.31
A 559
нT 12.41
80+ 26
HT 24a.5
HT 24a.2.3.4'
A 560
80+ 26 /
A 561
80+ 26 '13'
A 562
780+ 26 '27'
КН 43.13
A 651
401VAS
KH 12.3.43 63.23 83.2 84.33 85.23 91.45
+ 26
184
"bounds: (56,91),(1152,91),(1152,1525),(56,1525)
"26"bounds: (1136,91),(1152,91),(1152,103),(1136,103)
"741-"bounds: (568,150),(609,150),(609,168),(568,168)
"26"bounds: (616,147),(636,147),(636,169),(616,169)
"*PK"bounds: (802,149),(827,149),(827,165),(802,165)
"Za"bounds: (841,148),(857,148),(857,166),(841,166)
"1264"bounds: (864,147),(894,146),(894,164),(864,165)
"平"bounds: (247,177),(264,177),(264,202),(247,202)
"研"bounds: (271,180),(284,180),(284,203),(271,203)
"中"bounds: (291,174),(309,174),(309,202),(291,202)
"HT"bounds: (803,188),(818,188),(818,198),(803,198)
"86a.3',b[.3["bounds: (829,180),(928,181),(928,203),(829,202)
"I'"bounds: (935,181),(961,181),(961,204),(935,204)
"95a.4,b.4'"bounds: (964,181),(1044,181),(1044,203),(964,203)
"07-45-"bounds: (559,186),(608,186),(608,196),(559,196)
"26"bounds: (619,187),(634,187),(634,197),(619,197)
"67-"bounds: (585,220),(608,220),(608,230),(585,230)
"26"bounds: (619,220),(633,220),(633,231),(619,231)
"MI"bounds: (802,221),(817,220),(818,232),(803,233)
"Zb"bounds: (828,221),(843,220),(844,232),(829,233)
"14"bounds: (854,215),(869,214),(870,231),(855,232)
"44-67-"bounds: (559,254),(608,254),(608,263),(559,263)
"26"bounds: (619,254),(633,254),(633,263),(619,263)
"HT"bounds: (802,255),(818,254),(819,265),(803,266)
"94b.21"bounds: (828,250),(875,247),(876,264),(829,267)
"HT"bounds: (802,288),(818,287),(819,298),(803,299)
"23a.5"bounds: (827,283),(869,281),(870,300),(828,302)
"70-"bounds: (586,288),(608,288),(608,297),(586,297)
"26"bounds: (619,288),(633,288),(633,297),(619,297)
"77-"bounds: (585,322),(608,322),(608,331),(585,331)
"26"bounds: (616,321),(634,321),(634,335),(616,335)
"HT"bounds: (801,322),(818,321),(819,332),(802,333)
"97a.11"bounds: (828,316),(874,314),(875,334),(829,336)
"нT"bounds: (789,350),(832,348),(833,369),(790,371)
"75.11"bounds: (834,348),(869,346),(870,368),(835,370)
"HT"bounds: (803,389),(818,389),(818,400),(803,400)
"2.1"bounds: (829,381),(857,381),(857,400),(829,400)
"86a.1,bL."bounds: (869,381),(946,382),(946,407),(869,406)
"'"bounds: (948,383),(971,383),(971,407),(948,407)
"77-"bounds: (585,355),(607,356),(607,365),(585,364)
"26"bounds: (618,355),(632,355),(632,365),(618,365)
"/"bounds: (642,353),(657,353),(657,369),(642,369)
"08-77-"bounds: (558,388),(607,389),(607,400),(558,399)
"26"bounds: (618,388),(632,388),(632,398),(618,398)
"80-"bounds: (584,422),(607,422),(607,432),(584,432)
"26"bounds: (618,423),(632,423),(632,432),(618,432)
"HT"bounds: (801,422),(817,421),(817,433),(801,434)
"117a.31"bounds: (828,417),(882,415),(883,434),(829,436)
"JA34"bounds: (232,446),(307,446),(307,469),(232,469)
"738-81-"bounds: (541,451),(607,453),(607,471),(541,469)
"26"bounds: (616,456),(634,456),(634,471),(616,471)
"ZA"bounds: (802,455),(817,455),(817,468),(802,468)
"11a.33"bounds: (828,450),(876,449),(877,467),(829,468)
"305-"bounds: (575,489),(607,489),(607,499),(575,499)
"26"bounds: (618,489),(632,489),(632,499),(618,499)
"HT"bounds: (801,490),(817,489),(818,500),(802,501)
"10a.3'"bounds: (828,485),(874,483),(875,501),(829,503)
"A"bounds: (208,550),(217,550),(217,567),(208,567)
"533"bounds: (217,553),(238,553),(238,564),(217,564)
"HT"bounds: (801,556),(817,555),(817,567),(802,568)
"6a.3'"bounds: (827,550),(865,548),(866,567),(828,569)
"H"bounds: (414,553),(421,553),(421,563),(414,563)
"57+"bounds: (583,555),(606,555),(606,565),(583,565)
"26"bounds: (617,556),(631,556),(631,565),(617,565)
"A"bounds: (205,584),(215,584),(215,600),(205,600)
"546"bounds: (217,586),(239,585),(239,596),(217,597)
"'6?'80+"bounds: (550,585),(607,584),(607,603),(550,604)
"26"bounds: (613,585),(633,585),(633,603),(613,603)
"HT"bounds: (800,590),(817,589),(817,600),(801,601)
"24a.11"bounds: (827,584),(873,582),(874,601),(828,603)
"A"bounds: (209,617),(218,617),(218,633),(209,633)
"550"bounds: (217,619),(240,619),(240,631),(217,631)
"73+57+"bounds: (558,622),(606,622),(606,632),(558,632)
"26"bounds: (615,622),(633,622),(633,637),(615,637)
"HT"bounds: (800,623),(817,623),(817,634),(800,634)
"23a.2,b.2'"bounds: (827,617),(906,616),(906,637),(827,638)
"32.2'"bounds: (919,616),(957,616),(957,635),(919,635)
"35.2'"bounds: (970,617),(1008,617),(1008,636),(970,636)
"81.1'"bounds: (1020,617),(1059,617),(1059,636),(1020,636)
"KH"bounds: (802,657),(817,657),(817,667),(802,667)
"12.13"bounds: (828,649),(866,649),(866,667),(828,667)
"36.13"bounds: (878,649),(917,649),(917,668),(878,668)
"60.33"bounds: (928,650),(967,650),(967,668),(928,668)
"A"bounds: (208,683),(217,683),(218,698),(209,699)
"558"bounds: (216,686),(239,685),(240,697),(217,698)
"780+"bounds: (565,686),(605,686),(605,702),(565,702)
"26"bounds: (614,689),(632,689),(632,703),(614,703)
"PH"bounds: (800,690),(816,689),(817,700),(801,701)
"3.31"bounds: (826,684),(856,682),(857,700),(827,702)
"A"bounds: (208,715),(217,715),(217,731),(208,731)
"559"bounds: (217,718),(239,718),(239,729),(217,729)
"нT"bounds: (799,721),(816,720),(817,732),(800,733)
"12.41"bounds: (827,716),(865,713),(866,732),(828,735)
"80+"bounds: (582,720),(605,720),(605,730),(582,730)
"26"bounds: (616,720),(631,720),(631,730),(616,730)
"HT"bounds: (800,756),(816,756),(816,768),(800,768)
"24a.5"bounds: (826,750),(865,749),(866,772),(827,773)
"HT"bounds: (800,791),(816,791),(816,801),(800,801)
"24a.2.3.4'"bounds: (827,783),(906,783),(906,809),(827,809)
"A"bounds: (208,751),(217,751),(217,766),(208,766)
"560"bounds: (217,752),(240,752),(240,765),(217,765)
"80+"bounds: (582,756),(605,756),(605,766),(582,766)
"26"bounds: (614,756),(631,756),(631,769),(614,769)
"/"bounds: (640,752),(656,752),(656,767),(640,767)
"A"bounds: (207,784),(216,784),(216,800),(207,800)
"561"bounds: (217,786),(238,786),(238,797),(217,797)
"80+"bounds: (582,789),(605,789),(605,799),(582,799)
"26"bounds: (616,789),(630,789),(630,799),(616,799)
"'13'"bounds: (644,789),(671,789),(671,799),(644,799)
"A"bounds: (208,817),(218,817),(218,833),(208,833)
"562"bounds: (218,819),(240,819),(240,830),(218,830)
"780+"bounds: (564,819),(605,818),(605,837),(564,838)
"26"bounds: (613,823),(632,823),(632,837),(613,837)
"'27'"bounds: (644,822),(671,822),(671,833),(644,833)
"КН"bounds: (800,824),(816,823),(817,834),(801,835)
"43.13"bounds: (825,818),(865,816),(866,836),(826,838)
"A"bounds: (209,851),(218,851),(219,867),(210,867)
"651"bounds: (216,853),(238,852),(239,864),(217,865)
"401VAS"bounds: (546,852),(602,844),(605,862),(549,870)
"KH"bounds: (801,857),(816,857),(816,868),(801,868)
"12.3.43"bounds: (827,849),(882,850),(882,870),(827,869)
"63.23"bounds: (894,850),(933,850),(933,869),(894,869)
"83.2"bounds: (941,849),(976,849),(976,877),(941,877)
"84.33"bounds: (994,851),(1034,851),(1034,877),(994,877)
"85.23"bounds: (1045,852),(1085,852),(1085,871),(1045,871)
"91.45"bounds: (1096,852),(1135,852),(1135,871),(1096,871)
"+"bounds: (607,855),(615,855),(615,868),(607,868)
"26"bounds: (616,856),(630,856),(630,866),(616,866)
"184"bounds: (56,1506),(91,1507),(91,1525),(56,1524)