Texts:

"HAGHIA TRIADA - NODULES
Wa 1531
Wa 1532
Wa 1533
HM 452.19
HM 452.20
HM 452.21
Wa 1534
Wa 1535
Wa 1536
*...
HM 452.22
HM 452.23
HM 452.24
Wa 1537
Wa 1538
Wa 1539
HM 452.25
HM 452. 26
HM 452. 27
Wa 1540
Wa 1541
Wa 1542
HM 454.20
HM 452.41
Pigonimi 22
Wa 1543
Wa 1544
Wa 1545
HM 455.13
HM 455. 14
HM 455. 15
45
"bounds: (157,80),(1163,80),(1163,1535),(157,1535)
"HAGHIA"bounds: (463,80),(530,80),(530,91),(463,91)
"TRIADA"bounds: (542,80),(605,80),(605,92),(542,92)
"-"bounds: (617,86),(622,86),(622,88),(617,88)
"NODULES"bounds: (634,81),(711,81),(711,92),(634,92)
"Wa"bounds: (157,158),(188,157),(188,171),(157,172)
"1531"bounds: (203,157),(242,156),(242,171),(203,172)
"Wa"bounds: (526,155),(557,156),(557,170),(526,169)
"1532"bounds: (571,154),(612,155),(612,171),(571,170)
"Wa"bounds: (889,157),(920,157),(920,171),(889,171)
"1533"bounds: (935,157),(975,157),(975,172),(935,172)
"HM"bounds: (275,368),(299,368),(299,382),(275,382)
"452.19"bounds: (308,369),(364,369),(364,382),(308,382)
"HM"bounds: (653,363),(677,363),(677,376),(653,376)
"452.20"bounds: (685,362),(737,363),(737,378),(685,377)
"HM"bounds: (971,359),(997,359),(997,375),(971,375)
"452.21"bounds: (1011,358),(1076,357),(1076,372),(1011,373)
"Wa"bounds: (160,429),(191,429),(191,443),(160,443)
"1534"bounds: (206,428),(247,428),(247,443),(206,443)
"Wa"bounds: (530,429),(561,429),(561,443),(530,443)
"1535"bounds: (576,429),(616,429),(616,443),(576,443)
"Wa"bounds: (890,428),(921,428),(921,441),(890,441)
"1536"bounds: (936,428),(977,428),(977,442),(936,442)
"*..."bounds: (1032,525),(1059,513),(1063,520),(1035,532)
"HM"bounds: (271,633),(297,633),(297,647),(271,647)
"452.22"bounds: (307,634),(368,633),(368,645),(307,646)
"HM"bounds: (623,635),(648,635),(648,647),(623,647)
"452.23"bounds: (659,634),(721,635),(721,649),(659,648)
"HM"bounds: (971,633),(998,633),(998,646),(971,646)
"452.24"bounds: (1014,633),(1080,633),(1080,645),(1014,645)
"Wa"bounds: (163,698),(194,698),(194,712),(163,712)
"1537"bounds: (208,698),(249,698),(249,713),(208,713)
"Wa"bounds: (532,698),(563,698),(563,712),(532,712)
"1538"bounds: (577,697),(618,697),(618,712),(577,712)
"Wa"bounds: (893,697),(924,697),(924,711),(893,711)
"1539"bounds: (939,697),(980,698),(980,713),(939,712)
"HM"bounds: (272,895),(298,895),(298,906),(272,906)
"452.25"bounds: (312,892),(384,891),(384,906),(312,907)
"HM"bounds: (658,897),(686,896),(686,910),(658,911)
"452."bounds: (697,896),(736,895),(736,908),(697,909)
"26"bounds: (745,895),(764,895),(764,908),(745,908)
"HM"bounds: (981,900),(1006,900),(1006,912),(981,912)
"452."bounds: (1021,898),(1062,897),(1062,909),(1021,910)
"27"bounds: (1071,898),(1088,898),(1088,910),(1071,910)
"Wa"bounds: (162,970),(193,970),(193,984),(162,984)
"1540"bounds: (208,969),(248,969),(248,983),(208,983)
"Wa"bounds: (534,969),(565,970),(565,985),(534,984)
"1541"bounds: (579,970),(618,971),(618,987),(579,986)
"Wa"bounds: (896,968),(927,968),(927,982),(896,982)
"1542"bounds: (942,966),(983,966),(983,982),(942,982)
"HM"bounds: (631,1173),(655,1173),(655,1187),(631,1187)
"454.20"bounds: (664,1173),(725,1173),(725,1187),(664,1187)
"HM"bounds: (264,1177),(291,1177),(291,1192),(264,1192)
"452.41"bounds: (307,1177),(369,1177),(369,1190),(307,1190)
"Pigonimi"bounds: (995,1174),(1056,1169),(1058,1196),(997,1201)
"22"bounds: (1064,1176),(1081,1175),(1082,1186),(1065,1187)
"Wa"bounds: (165,1241),(196,1241),(196,1255),(165,1255)
"1543"bounds: (210,1240),(251,1240),(251,1255),(210,1255)
"Wa"bounds: (534,1241),(564,1241),(564,1255),(534,1255)
"1544"bounds: (579,1240),(620,1239),(620,1253),(579,1254)
"Wa"bounds: (896,1239),(927,1239),(927,1253),(896,1253)
"1545"bounds: (942,1238),(982,1238),(982,1254),(942,1254)
"HM"bounds: (282,1443),(307,1443),(307,1456),(282,1456)
"455.13"bounds: (315,1441),(381,1442),(381,1457),(315,1456)
"HM"bounds: (620,1445),(646,1445),(646,1458),(620,1458)
"455."bounds: (656,1444),(691,1444),(691,1457),(656,1457)
"14"bounds: (699,1442),(722,1442),(722,1457),(699,1457)
"HM"bounds: (975,1442),(1001,1442),(1001,1455),(975,1455)
"455."bounds: (1013,1441),(1051,1441),(1051,1456),(1013,1456)
"15"bounds: (1062,1443),(1082,1443),(1082,1456),(1062,1456)
"45"bounds: (1138,1517),(1162,1516),(1163,1534),(1139,1535)