Texts:

"KH Wc 2021
- 3.60 x 3,50x
4,60 cm.
KH Wc 2022
-C840]x 4,80 x [o,80Jom.
KH Wc 2023
-[4.30] x [2.90] x Co,5o]cm.
122
"bounds: (63,58),(1057,58),(1057,1517),(63,1517)
"KH"bounds: (67,59),(105,59),(105,76),(67,76)
"Wc"bounds: (121,59),(155,59),(155,76),(121,76)
"2021"bounds: (171,58),(220,58),(220,75),(171,75)
"-"bounds: (848,398),(860,398),(860,414),(848,414)
"3.60"bounds: (862,398),(900,399),(900,416),(862,415)
"x"bounds: (901,406),(906,406),(906,413),(901,413)
"3,50x"bounds: (921,400),(961,401),(961,415),(921,414)
"4,60"bounds: (985,401),(1024,403),(1023,419),(984,417)
"cm."bounds: (1021,408),(1040,409),(1040,416),(1021,415)
"KH"bounds: (63,585),(101,585),(101,601),(63,601)
"Wc"bounds: (116,586),(151,586),(151,602),(116,602)
"2022"bounds: (166,585),(217,586),(217,603),(166,602)
"-C840]x"bounds: (849,933),(918,935),(918,952),(849,950)
"4,80"bounds: (932,937),(964,938),(964,953),(932,952)
"x"bounds: (978,934),(990,934),(990,953),(978,953)
"[o,80Jom."bounds: (989,937),(1057,939),(1057,956),(989,954)
"KH"bounds: (63,1117),(101,1117),(101,1133),(63,1133)
"Wc"bounds: (116,1116),(151,1116),(151,1134),(116,1134)
"2023"bounds: (166,1117),(217,1117),(217,1134),(166,1134)
"-[4.30]"bounds: (822,1422),(877,1422),(877,1439),(822,1439)
"x"bounds: (887,1420),(900,1420),(900,1442),(887,1442)
"[2.90]"bounds: (904,1422),(949,1422),(949,1440),(904,1440)
"x"bounds: (960,1420),(973,1420),(973,1442),(960,1442)
"Co,5o]cm."bounds: (972,1422),(1044,1423),(1044,1442),(972,1441)
"122"bounds: (65,1498),(99,1499),(99,1517),(65,1516)