Texts:

"54
A L4_7
HT 16.2' 20.4' wNc 30192
54
C
54
平举
54 -07-30
HT Wc 30072
3008a?
,2
54 -40-37-06-76
PH Zh 54
54 -51-30-73
HT 6h.1 85h[.3[]. 4-51
印目本C]
54 -57-39-.7
HT 9b.11
54 -61-73
HT Wc 3006a?
日由な4
54 -69-80-27
HT 128a.21
54 -362
ZA 10b.1
01- 54 -.J-51-54-05
KN Za 10b“
TAA
08- 54 -39
KN Zf 314
26- 54 -01
*HT 128b.2
中
目前
26- 54 -10
*HT 128b.21
57- 54 -
KN Za 184
305- 54 -06
ZA 6a.13
53-01- 54 -65
TY 2.5'
-81-16- 54 -31-05-80-02-
KO (?) Zf 24
08-80- 54 -41
CR (?) Zf 14
FA-C-J-AF“ 01-64-[.J-61- S4 -05
KN Za 1064
08-59-28-301- 54 -38
PK Za 11a4
08-59-28-301- 54 -57
IO Za 2a.15
35
75
KO Za la
PK Za 12a4
: SY Za 12 2a
TL Za la
IO Za 45
08-59-28-7301- 54 -57
708-06-37-301- 54 -57
IO Za g5
G
751-39-04- 54
МА 10Ь,15
28-06- 54
PH 6.1
08-58-50- 54
ARKH 2.53
770-08-51- 54
TY 3a.61
222
E
"bounds: (64,315),(1011,315),(1011,1528),(64,1528)
"54"bounds: (683,316),(722,315),(723,344),(684,345)
"A"bounds: (457,491),(466,491),(466,502),(457,502)
"L4_7"bounds: (475,489),(514,489),(514,509),(475,509)
"HT"bounds: (819,495),(835,495),(835,505),(819,505)
"16.2'"bounds: (846,489),(883,489),(883,506),(846,506)
"20.4'"bounds: (897,488),(933,488),(933,506),(897,506)
"wNc"bounds: (945,496),(961,496),(961,506),(945,506)
"30192"bounds: (972,489),(1011,489),(1011,507),(972,507)
"54"bounds: (642,496),(660,496),(660,510),(642,510)
"C"bounds: (458,527),(464,527),(464,537),(458,537)
"54"bounds: (641,529),(660,529),(660,544),(641,544)
"平"bounds: (304,549),(354,547),(355,578),(305,580)
"举"bounds: (356,547),(380,546),(381,577),(357,578)
"54"bounds: (643,562),(657,562),(657,572),(643,572)
"-07-30"bounds: (668,562),(717,561),(717,572),(668,573)
"HT"bounds: (818,563),(835,562),(836,573),(819,574)
"Wc"bounds: (844,558),(866,557),(867,574),(845,575)
"30072"bounds: (869,557),(909,555),(910,573),(870,575)
"3008a?"bounds: (921,556),(968,556),(968,574),(921,574)
",2"bounds: (956,556),(968,556),(968,571),(956,571)
"54"bounds: (641,595),(659,595),(659,611),(641,611)
"-40-37-06-76"bounds: (667,595),(767,594),(767,611),(667,612)
"PH"bounds: (818,595),(835,594),(836,607),(819,608)
"Zh"bounds: (844,596),(859,595),(860,606),(845,607)
"54"bounds: (869,590),(884,589),(885,605),(870,606)
"54"bounds: (641,629),(658,629),(658,642),(641,642)
"-51-30-73"bounds: (667,628),(741,628),(741,640),(667,640)
"HT"bounds: (818,629),(834,629),(834,639),(818,639)
"6h.1"bounds: (844,629),(873,629),(873,640),(844,640)
"85h[.3[]."bounds: (892,622),(961,622),(961,646),(892,646)
"4-51"bounds: (963,622),(994,622),(994,646),(963,646)
"印"bounds: (305,651),(326,651),(327,680),(306,680)
"目"bounds: (335,650),(346,650),(347,679),(336,679)
"本"bounds: (353,645),(371,645),(372,679),(354,679)
"C"bounds: (374,651),(395,651),(395,675),(374,675)
"]"bounds: (397,651),(405,651),(405,674),(397,674)
"54"bounds: (643,662),(657,662),(657,677),(643,677)
"-57-39-.7"bounds: (668,657),(767,658),(767,679),(668,678)
"HT"bounds: (818,663),(834,662),(835,673),(819,674)
"9b.11"bounds: (844,657),(882,655),(883,673),(845,675)
"54"bounds: (642,695),(656,695),(656,704),(642,704)
"-61-73"bounds: (667,695),(716,695),(716,705),(667,705)
"HT"bounds: (817,696),(834,695),(835,706),(818,707)
"Wc"bounds: (842,690),(865,689),(866,707),(843,708)
"3006a?"bounds: (868,691),(917,688),(918,705),(869,708)
"日"bounds: (305,717),(324,717),(324,739),(305,739)
"由"bounds: (331,716),(351,716),(351,738),(331,738)
"な"bounds: (356,718),(375,718),(375,744),(356,744)
"4"bounds: (381,718),(398,718),(398,742),(381,742)
"54"bounds: (640,727),(658,727),(658,740),(640,740)
"-69-80-27"bounds: (667,726),(741,725),(741,736),(667,737)
"HT"bounds: (817,726),(833,725),(833,737),(817,738)
"128a.21"bounds: (845,721),(898,719),(899,737),(846,739)
"54"bounds: (641,761),(656,761),(656,771),(641,771)
"-362"bounds: (667,761),(699,760),(699,771),(667,772)
"ZA"bounds: (819,762),(833,762),(833,773),(819,773)
"10b.1"bounds: (844,758),(884,757),(884,775),(844,776)
"01-"bounds: (608,794),(631,794),(631,804),(608,804)
"54"bounds: (640,795),(658,795),(658,810),(640,810)
"-.J-51-54-05"bounds: (667,789),(790,791),(790,815),(667,813)
"KN"bounds: (817,796),(833,796),(833,807),(817,807)
"Za"bounds: (843,796),(858,796),(858,807),(843,807)
"10b“"bounds: (870,791),(899,790),(899,807),(870,808)
"TAA"bounds: (284,811),(345,809),(346,840),(285,842)
"08-"bounds: (607,828),(631,828),(631,838),(607,838)
"54"bounds: (642,829),(656,829),(656,839),(642,839)
"-39"bounds: (667,828),(690,828),(690,838),(667,838)
"KN"bounds: (818,830),(833,829),(834,840),(819,841)
"Zf"bounds: (843,829),(858,828),(859,840),(844,841)
"314"bounds: (868,824),(891,823),(892,841),(869,842)
"26-"bounds: (608,861),(631,862),(631,872),(608,871)
"54"bounds: (642,862),(656,862),(656,872),(642,872)
"-01"bounds: (666,862),(689,863),(689,873),(666,872)
"*HT"bounds: (817,858),(841,858),(841,874),(817,874)
"128b.2"bounds: (851,858),(902,858),(902,877),(851,877)
"中"bounds: (264,879),(305,879),(305,913),(264,913)
"目前"bounds: (271,907),(326,908),(326,944),(271,943)
"26-"bounds: (608,895),(631,896),(631,906),(608,905)
"54"bounds: (641,895),(656,895),(656,907),(641,907)
"-10"bounds: (666,895),(690,896),(690,907),(666,906)
"*HT"bounds: (817,892),(841,892),(841,908),(817,908)
"128b.21"bounds: (852,890),(906,890),(906,908),(852,908)
"57-"bounds: (607,929),(631,930),(631,940),(607,939)
"54"bounds: (641,929),(657,929),(657,943),(641,943)
"-"bounds: (666,927),(689,928),(689,945),(666,944)
"KN"bounds: (816,931),(833,930),(834,941),(817,942)
"Za"bounds: (842,931),(857,930),(857,940),(842,941)
"184"bounds: (869,925),(891,924),(892,941),(870,942)
"305-"bounds: (599,963),(630,963),(630,972),(599,972)
"54"bounds: (641,964),(655,964),(655,973),(641,973)
"-06"bounds: (666,963),(689,963),(689,973),(666,973)
"ZA"bounds: (817,964),(831,963),(832,976),(818,977)
"6a.13"bounds: (842,960),(883,957),(884,975),(843,978)
"53-01-"bounds: (582,995),(631,997),(631,1008),(582,1006)
"54"bounds: (640,995),(657,996),(656,1011),(639,1010)
"-65"bounds: (666,995),(689,996),(689,1007),(666,1006)
"TY"bounds: (816,998),(832,997),(833,1009),(817,1010)
"2.5'"bounds: (842,993),(872,991),(873,1009),(843,1011)
"-81-16-"bounds: (572,1029),(630,1029),(630,1039),(572,1039)
"54"bounds: (641,1029),(655,1029),(655,1040),(641,1040)
"-31-05-80-02-"bounds: (665,1029),(773,1030),(773,1041),(665,1040)
"KO"bounds: (816,1031),(832,1030),(833,1042),(817,1043)
"(?)"bounds: (835,1031),(854,1029),(855,1043),(836,1045)
"Zf"bounds: (867,1031),(882,1030),(883,1043),(868,1044)
"24"bounds: (892,1025),(906,1024),(907,1041),(893,1042)
"08-80-"bounds: (581,1062),(630,1063),(630,1074),(581,1073)
"54"bounds: (640,1064),(655,1064),(655,1073),(640,1073)
"-41"bounds: (665,1063),(687,1063),(687,1074),(665,1074)
"CR"bounds: (811,1062),(833,1061),(834,1079),(812,1080)
"(?)"bounds: (836,1060),(855,1059),(856,1078),(837,1079)
"Zf"bounds: (867,1065),(882,1064),(883,1075),(868,1076)
"14"bounds: (893,1058),(907,1057),(908,1075),(894,1076)
"FA-C-J-AF“"bounds: (285,1076),(469,1082),(468,1113),(284,1107)
"01-64-[.J-61-"bounds: (506,1088),(630,1092),(629,1116),(505,1112)
"S4"bounds: (640,1096),(657,1097),(656,1113),(639,1112)
"-05"bounds: (665,1096),(689,1097),(688,1113),(664,1112)
"KN"bounds: (816,1098),(832,1097),(833,1108),(817,1109)
"Za"bounds: (840,1094),(859,1093),(860,1110),(841,1111)
"1064"bounds: (868,1092),(898,1090),(899,1108),(869,1110)
"08-59-28-301-"bounds: (522,1129),(629,1130),(629,1140),(522,1139)
"54"bounds: (638,1130),(656,1130),(656,1144),(638,1144)
"-38"bounds: (665,1130),(688,1130),(688,1140),(665,1140)
"PK"bounds: (816,1131),(831,1130),(832,1141),(817,1142)
"Za"bounds: (841,1131),(855,1130),(856,1141),(842,1142)
"11a4"bounds: (868,1125),(897,1124),(898,1141),(869,1142)
"08-59-28-301-"bounds: (521,1162),(629,1163),(629,1174),(521,1173)
"54"bounds: (640,1164),(654,1164),(654,1174),(640,1174)
"-57"bounds: (664,1164),(688,1164),(688,1173),(664,1173)
"IO"bounds: (816,1165),(831,1164),(832,1175),(817,1176)
"Za"bounds: (843,1160),(861,1159),(862,1179),(844,1180)
"2a.15"bounds: (866,1159),(906,1157),(907,1175),(867,1177)
"35"bounds: (913,1160),(931,1156),(934,1172),(917,1177)
"75"bounds: (941,1160),(956,1157),(958,1173),(944,1176)
"KO"bounds: (806,1193),(847,1193),(847,1210),(806,1210)
"Za"bounds: (849,1193),(862,1193),(862,1210),(849,1210)
"la"bounds: (867,1193),(889,1193),(889,1210),(867,1210)
"PK"bounds: (815,1233),(831,1232),(832,1243),(816,1245)
"Za"bounds: (840,1233),(855,1232),(856,1243),(841,1244)
"12a4"bounds: (867,1228),(898,1225),(899,1242),(869,1245)
":"bounds: (901,1243),(911,1243),(911,1260),(901,1260)
"SY"bounds: (913,1243),(929,1243),(929,1260),(913,1260)
"Za"bounds: (934,1243),(953,1243),(953,1260),(934,1260)
"12"bounds: (962,1243),(978,1243),(978,1257),(962,1257)
"2a"bounds: (991,1242),(1010,1242),(1010,1260),(991,1260)
"TL"bounds: (814,1267),(829,1267),(829,1277),(814,1277)
"Za"bounds: (841,1267),(855,1267),(855,1278),(841,1278)
"la"bounds: (865,1264),(881,1264),(881,1280),(865,1280)
"IO"bounds: (808,1287),(844,1287),(844,1303),(808,1303)
"Za"bounds: (846,1287),(861,1287),(861,1303),(846,1303)
"45"bounds: (866,1286),(880,1286),(880,1302),(866,1302)
"08-59-28-7301-"bounds: (512,1286),(628,1286),(628,1306),(512,1306)
"54"bounds: (639,1291),(653,1291),(653,1307),(639,1307)
"-57"bounds: (663,1287),(695,1287),(695,1305),(663,1305)
"708-06-37-301-"bounds: (504,1319),(628,1321),(628,1341),(504,1339)
"54"bounds: (637,1325),(655,1325),(655,1340),(637,1340)
"-57"bounds: (662,1319),(686,1319),(686,1341),(662,1341)
"IO"bounds: (811,1324),(846,1322),(847,1339),(812,1341)
"Za"bounds: (848,1322),(861,1321),(862,1338),(849,1339)
"g5"bounds: (865,1321),(880,1320),(881,1336),(866,1337)
"G"bounds: (443,1356),(450,1356),(450,1366),(443,1366)
"751-39-04-"bounds: (544,1353),(628,1355),(628,1372),(544,1370)
"54"bounds: (636,1358),(655,1358),(655,1373),(636,1373)
"МА"bounds: (802,1357),(843,1354),(844,1373),(803,1376)
"10Ь,15"bounds: (845,1354),(890,1351),(891,1369),(846,1373)
"28-06-"bounds: (579,1391),(627,1392),(627,1404),(579,1403)
"54"bounds: (638,1393),(652,1393),(652,1402),(638,1402)
"PH"bounds: (814,1395),(829,1395),(829,1405),(814,1405)
"6.1"bounds: (840,1388),(863,1388),(863,1405),(840,1406)
"08-58-50-"bounds: (553,1425),(627,1426),(627,1438),(553,1437)
"54"bounds: (638,1426),(651,1426),(651,1436),(638,1436)
"ARKH"bounds: (811,1427),(846,1426),(846,1440),(811,1441)
"2.53"bounds: (856,1423),(887,1422),(888,1440),(857,1441)
"770-08-51-"bounds: (536,1456),(627,1459),(626,1480),(535,1477)
"54"bounds: (636,1463),(654,1464),(653,1480),(635,1479)
"TY"bounds: (812,1464),(828,1463),(829,1477),(813,1478)
"3a.61"bounds: (837,1459),(876,1456),(877,1476),(839,1479)
"222"bounds: (64,1510),(101,1510),(101,1528),(64,1528)
"E"bounds: (598,315),(598,343),(575,343),(575,315)