Texts:

"INTRODUCTION
XXIII
5. Brice 1961 : numérotation de cette édition, avec mention des raccords
et des modifications.
6. Pugliese 1963 : numérotation donnée dans cet album de fac-similés
(où tous les raccords connus à l'époque sont intégrés, mais ne figurent
pas systématiquement sous le numéro le plus bas des composantes);
pour la crux, voyez sous 1.
7. Raison-Pope 1971 : reprise de la concordance abrégée qui fait suite
à cet « Index », avec cette différence que nous n'avons pas tenu
compte des indications de modifications des faces a et b (à propos
de HT 94 -111-127) ou du nombre de lignes (HT 49), cela nous semblant
assez inutile; d'autre part, nous avons cru pouvoir ajouter, sous le
numéro le plus élevé de la composante d'un raccord, la composition
de celui-ci, entre parenthèses.
8.9. Numéros d'inventaire des musées d'Iraklion et Pigorini, selon le
cas, si, bien entendu, ils existent.
No d'inventaire
Pugliese
Bennett
Brice
Pugliese
Raison-Pope
GORILA
Raccords
1945
1958
1961
1963
1971
HM
Pigorini
HT 1
1
1
1
1
3
HT 2
HT 3
6.
HT 4
4
HT 5
50
HT 6
6.
HT 7
7
7
7
10
HT 8
8.
8
11
9.
9
13
HT 9
HT 10
HT 11
10
10
10
17
11
11
11
29
12
12
2*
<81950 >
HT 12
HT 13
12
13
13
13
7
HT 14
14
14
14
15
15
15
16
HT 15
HT 16
HT 17
HT 18
15
16
16
16
18
17
17
17
23
18
18
18
25
• moulage
"bounds: (74,181),(1062,181),(1062,1329),(74,1329)
"INTRODUCTION"bounds: (496,183),(623,182),(623,191),(496,192)
"XXIII"bounds: (913,181),(957,181),(957,191),(913,191)
"5."bounds: (168,231),(217,231),(217,253),(168,253)
"Brice"bounds: (212,233),(263,233),(263,250),(212,250)
"1961"bounds: (276,233),(333,233),(333,250),(276,250)
":"bounds: (338,230),(355,230),(355,252),(338,252)
"numérotation"bounds: (357,230),(489,230),(489,252),(357,252)
"de"bounds: (498,233),(519,233),(519,249),(498,249)
"cette"bounds: (531,236),(579,236),(579,249),(531,249)
"édition,"bounds: (590,231),(667,231),(667,251),(590,251)
"avec"bounds: (679,238),(724,238),(724,248),(679,248)
"mention"bounds: (735,231),(818,231),(818,248),(735,248)
"des"bounds: (830,232),(860,232),(860,248),(830,248)
"raccords"bounds: (872,231),(957,231),(957,248),(872,248)
"et"bounds: (212,268),(229,268),(229,281),(212,281)
"des"bounds: (241,265),(272,265),(272,281),(241,281)
"modifications."bounds: (285,264),(431,263),(431,281),(285,282)
"6."bounds: (181,306),(196,306),(196,323),(181,323)
"Pugliese"bounds: (212,306),(296,305),(296,327),(212,328)
"1963"bounds: (313,306),(358,306),(358,322),(313,322)
":"bounds: (373,314),(375,314),(375,323),(373,323)
"numérotation"bounds: (391,306),(531,305),(531,322),(391,323)
"donnée"bounds: (546,306),(618,306),(618,322),(546,322)
"dans"bounds: (633,305),(679,305),(679,321),(633,321)
"cet"bounds: (693,309),(722,309),(722,321),(693,321)
"album"bounds: (736,304),(800,304),(800,321),(736,321)
"de"bounds: (815,305),(836,305),(836,321),(815,321)
"fac-similés"bounds: (851,304),(958,303),(958,320),(851,321)
"(où"bounds: (213,338),(243,338),(243,359),(213,359)
"tous"bounds: (254,341),(296,341),(296,354),(254,354)
"les"bounds: (306,338),(331,338),(331,354),(306,354)
"raccords"bounds: (342,337),(428,337),(428,354),(342,354)
"connus"bounds: (439,343),(509,343),(509,353),(439,353)
"à"bounds: (520,338),(529,338),(529,353),(520,353)
"l'époque"bounds: (540,336),(626,336),(626,358),(540,358)
"sont"bounds: (637,339),(679,339),(679,352),(637,352)
"intégrés,"bounds: (689,335),(776,335),(776,357),(689,357)
"mais"bounds: (787,334),(833,334),(833,352),(787,352)
"ne"bounds: (845,341),(866,341),(866,351),(845,351)
"figurent"bounds: (878,334),(958,334),(958,356),(878,356)
"pas"bounds: (212,376),(244,376),(244,392),(212,392)
"systématiquement"bounds: (257,368),(449,367),(449,391),(257,392)
"sous"bounds: (462,375),(504,375),(504,385),(462,385)
"le"bounds: (517,368),(531,368),(531,384),(517,384)
"numéro"bounds: (545,368),(621,368),(621,384),(545,384)
"le"bounds: (634,367),(649,367),(649,384),(634,384)
"plus"bounds: (662,367),(702,367),(702,389),(662,389)
"bas"bounds: (715,366),(748,366),(748,383),(715,383)
"des"bounds: (761,366),(791,366),(791,383),(761,383)
"composantes);"bounds: (805,366),(958,365),(958,387),(805,388)
"pour"bounds: (212,407),(259,406),(259,422),(212,423)
"la"bounds: (270,404),(286,404),(286,417),(270,417)
"crux,"bounds: (297,406),(346,405),(346,420),(297,421)
"voyez"bounds: (357,407),(416,406),(416,421),(357,422)
"sous"bounds: (428,406),(470,405),(470,415),(428,416)
"1."bounds: (482,401),(496,401),(496,416),(482,416)
"7."bounds: (174,441),(214,441),(214,466),(174,466)
"Raison-Pope"bounds: (212,442),(342,441),(342,464),(212,465)
"1971"bounds: (358,441),(402,441),(402,459),(358,459)
":"bounds: (416,439),(426,439),(426,464),(416,464)
"reprise"bounds: (434,442),(502,442),(502,464),(434,464)
"de"bounds: (517,442),(538,442),(538,458),(517,458)
"la"bounds: (552,441),(568,441),(568,457),(552,457)
"concordance"bounds: (583,441),(711,440),(711,457),(583,458)
"abrégée"bounds: (726,440),(803,439),(803,461),(726,462)
"qui"bounds: (817,439),(848,439),(848,461),(817,461)
"fait"bounds: (863,439),(897,439),(897,456),(863,456)
"suite"bounds: (911,438),(958,438),(958,456),(911,456)
"à"bounds: (224,471),(237,471),(237,493),(224,493)
"cet"bounds: (240,477),(269,477),(269,490),(240,490)
"«"bounds: (286,479),(292,479),(292,490),(286,490)
"Index"bounds: (303,474),(362,474),(362,490),(303,490)
"»,"bounds: (370,471),(387,471),(387,493),(370,493)
"avec"bounds: (401,480),(446,480),(446,489),(401,489)
"cette"bounds: (464,476),(513,476),(513,489),(464,489)
"différence"bounds: (531,472),(630,472),(630,488),(531,488)
"que"bounds: (649,478),(684,478),(684,493),(649,493)
"nous"bounds: (702,478),(748,478),(748,487),(702,487)
"n'avons"bounds: (767,471),(845,471),(845,487),(767,487)
"pas"bounds: (864,477),(895,477),(895,492),(864,492)
"tenu"bounds: (914,474),(959,474),(959,486),(914,486)
"compte"bounds: (213,508),(288,508),(288,525),(213,525)
"des"bounds: (303,504),(333,504),(333,521),(303,521)
"indications"bounds: (348,503),(461,503),(461,520),(348,520)
"de"bounds: (477,504),(498,504),(498,520),(477,520)
"modifications"bounds: (513,502),(653,502),(653,519),(513,519)
"des"bounds: (668,502),(699,502),(699,518),(668,518)
"faces"bounds: (714,502),(762,502),(762,518),(714,518)
"a"bounds: (777,508),(788,508),(788,518),(777,518)
"et"bounds: (802,505),(820,505),(820,518),(802,518)
"b"bounds: (836,502),(844,502),(844,518),(836,518)
"(à"bounds: (859,502),(876,502),(876,523),(859,523)
"propos"bounds: (891,507),(959,507),(959,523),(891,523)
"de"bounds: (213,536),(234,536),(234,552),(213,552)
"HT"bounds: (244,535),(277,535),(277,552),(244,552)
"94"bounds: (284,535),(308,535),(308,553),(284,553)
"-111-127)"bounds: (318,534),(418,533),(418,555),(318,556)
"ou"bounds: (427,541),(448,541),(448,551),(427,551)
"du"bounds: (457,535),(481,535),(481,551),(457,551)
"nombre"bounds: (491,534),(568,534),(568,550),(491,550)
"de"bounds: (578,534),(599,534),(599,550),(578,550)
"lignes"bounds: (608,534),(665,534),(665,554),(608,554)
"(HT"bounds: (674,532),(714,532),(714,553),(674,553)
"49),"bounds: (722,532),(759,532),(759,553),(722,553)
"cela"bounds: (767,533),(805,533),(805,549),(767,549)
"nous"bounds: (813,539),(858,539),(858,550),(813,550)
"semblant"bounds: (865,532),(959,531),(959,547),(865,548)
"assez"bounds: (213,573),(263,573),(263,583),(213,583)
"inutile;"bounds: (277,565),(356,565),(356,587),(277,587)
"d'autre"bounds: (371,565),(444,565),(444,582),(371,582)
"part,"bounds: (459,569),(507,569),(507,587),(459,587)
"nous"bounds: (522,571),(568,571),(568,582),(522,582)
"avons"bounds: (583,571),(640,571),(640,581),(583,581)
"cru"bounds: (655,571),(686,571),(686,580),(655,580)
"pouvoir"bounds: (700,564),(780,564),(780,586),(700,586)
"ajouter,"bounds: (794,563),(873,563),(873,584),(794,584)
"sous"bounds: (888,569),(930,569),(930,579),(888,579)
"le"bounds: (944,563),(959,563),(959,579),(944,579)
"numéro"bounds: (214,599),(291,599),(291,614),(214,614)
"le"bounds: (304,598),(319,598),(319,614),(304,614)
"plus"bounds: (333,597),(373,597),(373,619),(333,619)
"élevé"bounds: (387,597),(437,597),(437,613),(387,613)
"de"bounds: (450,597),(472,597),(472,613),(450,613)
"la"bounds: (485,597),(501,597),(501,613),(485,613)
"composante"bounds: (515,599),(637,598),(637,617),(515,618)
"d'un"bounds: (651,595),(695,595),(695,611),(651,611)
"raccord,"bounds: (708,595),(791,595),(791,615),(708,615)
"la"bounds: (805,595),(821,595),(821,611),(805,611)
"composition"bounds: (835,593),(960,592),(960,615),(835,616)
"de"bounds: (214,629),(235,629),(235,645),(214,645)
"celui-ci,"bounds: (250,628),(328,628),(328,649),(250,649)
"entre"bounds: (343,632),(394,632),(394,644),(343,644)
"parenthèses."bounds: (409,628),(536,628),(536,650),(409,650)
"8.9."bounds: (165,672),(200,672),(200,688),(165,688)
"Numéros"bounds: (216,672),(306,672),(306,688),(216,688)
"d'inventaire"bounds: (326,670),(450,669),(450,686),(326,687)
"des"bounds: (470,671),(500,671),(500,687),(470,687)
"musées"bounds: (520,670),(591,670),(591,686),(520,686)
"d'Iraklion"bounds: (610,669),(714,669),(714,685),(610,685)
"et"bounds: (733,671),(750,671),(750,684),(733,684)
"Pigorini,"bounds: (769,667),(857,667),(857,687),(769,687)
"selon"bounds: (876,668),(926,668),(926,684),(876,684)
"le"bounds: (944,667),(960,667),(960,683),(944,683)
"cas,"bounds: (214,709),(250,708),(250,722),(214,723)
"si,"bounds: (263,703),(283,703),(283,723),(263,723)
"bien"bounds: (296,702),(338,701),(338,718),(296,719)
"entendu,"bounds: (351,702),(440,700),(440,722),(351,724)
"ils"bounds: (454,701),(473,701),(473,717),(454,717)
"existent."bounds: (486,700),(574,698),(574,716),(486,718)
"No"bounds: (908,771),(926,771),(926,781),(908,781)
"d'inventaire"bounds: (934,770),(1023,769),(1023,781),(934,782)
"Pugliese"bounds: (209,789),(269,789),(269,803),(209,803)
"Bennett"bounds: (427,788),(485,785),(486,797),(428,800)
"Brice"bounds: (558,786),(594,785),(594,796),(558,797)
"Pugliese"bounds: (667,785),(726,785),(726,799),(667,799)
"Raison-Pope"bounds: (763,784),(857,784),(857,798),(763,798)
"GORILA"bounds: (98,797),(152,797),(152,807),(98,807)
"Raccords"bounds: (311,795),(378,794),(378,805),(311,806)
"1945"bounds: (223,809),(255,809),(255,820),(223,820)
"1958"bounds: (441,808),(473,804),(474,817),(443,821)
"1961"bounds: (561,806),(591,806),(591,817),(561,817)
"1963"bounds: (681,805),(713,805),(713,816),(681,816)
"1971"bounds: (795,805),(824,805),(824,815),(795,815)
"HM"bounds: (911,810),(936,810),(936,821),(911,821)
"Pigorini"bounds: (994,809),(1052,809),(1052,823),(994,823)
"HT"bounds: (75,876),(102,876),(102,890),(75,890)
"1"bounds: (110,876),(119,876),(119,890),(110,890)
"1"bounds: (231,876),(235,876),(235,888),(231,888)
"1"bounds: (585,873),(589,873),(589,885),(585,885)
"1"bounds: (705,872),(709,872),(709,884),(705,884)
"1"bounds: (808,871),(812,871),(812,884),(808,884)
"3"bounds: (933,869),(942,869),(942,883),(933,883)
"HT"bounds: (74,900),(102,900),(102,914),(74,914)
"2"bounds: (110,900),(119,900),(119,915),(110,915)
"HT"bounds: (75,924),(102,924),(102,938),(75,938)
"3"bounds: (111,924),(119,924),(119,938),(111,938)
"6."bounds: (934,942),(943,942),(943,955),(934,955)
"HT"bounds: (75,948),(102,948),(102,963),(75,963)
"4"bounds: (110,948),(120,948),(120,962),(110,962)
"4"bounds: (230,948),(239,948),(239,961),(230,961)
"HT"bounds: (75,973),(103,973),(103,987),(75,987)
"5"bounds: (111,973),(120,973),(120,987),(111,987)
"50"bounds: (924,966),(943,966),(943,980),(924,980)
"HT"bounds: (75,997),(103,997),(103,1011),(75,1011)
"6"bounds: (111,997),(120,997),(120,1012),(111,1012)
"6."bounds: (231,996),(239,996),(239,1010),(231,1010)
"HT"bounds: (76,1021),(103,1021),(103,1035),(76,1035)
"7"bounds: (111,1021),(120,1021),(120,1035),(111,1035)
"7"bounds: (231,1021),(239,1021),(239,1034),(231,1034)
"7"bounds: (585,1017),(593,1017),(593,1031),(585,1031)
"7"bounds: (705,1017),(713,1017),(713,1030),(705,1030)
"10"bounds: (926,1015),(943,1015),(943,1028),(926,1028)
"HT"bounds: (76,1046),(103,1046),(103,1060),(76,1060)
"8"bounds: (111,1046),(120,1046),(120,1060),(111,1060)
"8."bounds: (231,1045),(239,1045),(239,1058),(231,1058)
"8"bounds: (585,1041),(593,1041),(593,1055),(585,1055)
"11"bounds: (926,1039),(941,1039),(941,1052),(926,1052)
"9."bounds: (231,1069),(239,1069),(239,1083),(231,1083)
"9"bounds: (705,1065),(713,1065),(713,1079),(705,1079)
"13"bounds: (926,1063),(943,1063),(943,1077),(926,1077)
"HT"bounds: (76,1070),(103,1070),(103,1084),(76,1084)
"9"bounds: (112,1070),(120,1070),(120,1085),(112,1085)
"HT"bounds: (76,1094),(104,1093),(104,1108),(76,1109)
"10"bounds: (112,1094),(131,1094),(131,1109),(112,1109)
"HT"bounds: (76,1118),(104,1118),(104,1133),(76,1133)
"11"bounds: (112,1119),(131,1119),(131,1133),(112,1133)
"10"bounds: (223,1094),(240,1094),(240,1107),(223,1107)
"10"bounds: (577,1091),(594,1091),(594,1104),(577,1104)
"10"bounds: (696,1089),(714,1089),(714,1103),(696,1103)
"17"bounds: (927,1088),(943,1088),(943,1101),(927,1101)
"11"bounds: (223,1119),(238,1119),(238,1131),(223,1131)
"11"bounds: (577,1115),(592,1115),(592,1128),(577,1128)
"11"bounds: (697,1114),(712,1114),(712,1127),(697,1127)
"29"bounds: (925,1111),(944,1110),(944,1125),(925,1126)
"12"bounds: (577,1139),(594,1139),(594,1153),(577,1153)
"12"bounds: (697,1138),(714,1138),(714,1152),(697,1152)
"2*"bounds: (937,1136),(954,1136),(954,1150),(937,1150)
"<81950"bounds: (989,1135),(1050,1135),(1050,1149),(989,1149)
">"bounds: (1055,1132),(1062,1132),(1062,1150),(1055,1150)
"HT"bounds: (76,1143),(104,1142),(104,1157),(76,1158)
"12"bounds: (112,1143),(131,1143),(131,1157),(112,1157)
"HT"bounds: (76,1167),(105,1167),(105,1181),(76,1181)
"13"bounds: (113,1167),(132,1167),(132,1182),(113,1182)
"12"bounds: (223,1143),(240,1143),(240,1156),(223,1156)
"13"bounds: (223,1167),(240,1167),(240,1180),(223,1180)
"13"bounds: (577,1163),(594,1163),(594,1177),(577,1177)
"13"bounds: (697,1162),(714,1162),(714,1176),(697,1176)
"7"bounds: (936,1160),(944,1160),(944,1174),(936,1174)
"HT"bounds: (77,1192),(104,1192),(104,1206),(77,1206)
"14"bounds: (113,1192),(132,1192),(132,1206),(113,1206)
"14"bounds: (223,1191),(240,1191),(240,1205),(223,1205)
"14"bounds: (577,1188),(594,1188),(594,1201),(577,1201)
"14"bounds: (697,1187),(714,1187),(714,1200),(697,1200)
"15"bounds: (927,1184),(944,1184),(944,1198),(927,1198)
"15"bounds: (577,1212),(594,1212),(594,1226),(577,1226)
"15"bounds: (697,1211),(714,1211),(714,1225),(697,1225)
"16"bounds: (927,1209),(945,1209),(945,1223),(927,1223)
"HT"bounds: (77,1216),(104,1216),(104,1231),(77,1231)
"15"bounds: (113,1216),(132,1216),(132,1230),(113,1230)
"HT"bounds: (77,1240),(105,1240),(105,1255),(77,1255)
"16"bounds: (113,1240),(132,1240),(132,1255),(113,1255)
"HT"bounds: (77,1265),(105,1265),(105,1279),(77,1279)
"17"bounds: (113,1264),(132,1264),(132,1279),(113,1279)
"HT"bounds: (77,1289),(105,1289),(105,1303),(77,1303)
"18"bounds: (113,1288),(132,1288),(132,1303),(113,1303)
"15"bounds: (223,1216),(240,1216),(240,1229),(223,1229)
"16"bounds: (223,1240),(241,1240),(241,1253),(223,1253)
"16"bounds: (578,1236),(595,1236),(595,1250),(578,1250)
"16"bounds: (697,1235),(714,1235),(714,1249),(697,1249)
"18"bounds: (928,1233),(945,1233),(945,1246),(928,1246)
"17"bounds: (224,1264),(241,1264),(241,1278),(224,1278)
"17"bounds: (577,1261),(594,1261),(594,1274),(577,1274)
"17"bounds: (697,1259),(714,1259),(714,1273),(697,1273)
"23"bounds: (926,1257),(945,1257),(945,1271),(926,1271)
"18"bounds: (224,1288),(241,1288),(241,1302),(224,1302)
"18"bounds: (578,1285),(594,1285),(594,1298),(578,1298)
"18"bounds: (697,1284),(714,1284),(714,1297),(697,1297)
"25"bounds: (927,1281),(946,1281),(946,1295),(927,1295)
"•"bounds: (895,1308),(906,1308),(905,1326),(894,1326)
"moulage"bounds: (908,1308),(956,1310),(955,1329),(907,1327)