Texts:

"ZA Ha
ZA 11 a
3
!!
4
s子手,李,本《中
.6 vest [
inf. mut
Pet
espace détuit devaut P, lequal aurait ivenfuellement
pu Coutein me inter ponction.
a. 1
2 onaes de dane sigues devant Lr; O rafair à partis de O
3 Oraces après
2.
4 lon O inacheve a éti Commence a dhoite de
.6 races devaní ao
ZA 11a
里,T[
.1
.2.3
.3-4
4
.4
.4
AG TE
.5
.6
imf. mut.
4 ņ(L96) idéogramme a'est pas la neule solution ;
"2 rL 4: " derait dgalemens possibla , quoique dansa cas
be pett tiangle dans le bas du higue reste Aaus
explicalion.
173
LE
"bounds: (27,37),(1165,37),(1165,1582),(27,1582)
"ZA"bounds: (272,37),(318,37),(318,55),(272,55)
"Ha"bounds: (321,40),(349,40),(349,54),(321,54)
"ZA"bounds: (27,71),(57,71),(57,89),(27,89)
"11"bounds: (74,71),(95,71),(95,88),(74,88)
"a"bounds: (105,76),(117,76),(117,88),(105,88)
"3"bounds: (356,258),(363,258),(363,273),(356,273)
"!!"bounds: (684,262),(693,262),(693,279),(684,279)
"4"bounds: (352,327),(365,326),(366,345),(353,346)
"s"bounds: (356,404),(367,404),(367,419),(356,419)
"子"bounds: (394,387),(427,386),(428,423),(395,424)
"手"bounds: (446,387),(463,387),(464,421),(447,422)
","bounds: (484,400),(487,400),(487,407),(484,407)
"李"bounds: (528,383),(561,382),(562,423),(529,424)
","bounds: (568,396),(579,396),(580,423),(569,423)
"本"bounds: (596,381),(627,380),(628,417),(597,418)
"《"bounds: (640,382),(659,381),(660,418),(641,419)
"中"bounds: (680,384),(703,383),(704,414),(681,415)
".6"bounds: (354,479),(368,478),(369,493),(355,494)
"vest"bounds: (393,479),(428,476),(429,494),(395,497)
"["bounds: (431,467),(440,466),(442,491),(433,492)
"inf."bounds: (508,524),(550,521),(552,544),(510,547)
"mut"bounds: (564,524),(604,521),(605,539),(565,542)
"Pet"bounds: (447,564),(472,564),(472,581),(447,581)
"espace"bounds: (484,573),(521,572),(521,583),(484,584)
"détuit"bounds: (529,569),(571,568),(571,580),(529,581)
"devaut"bounds: (580,569),(625,568),(625,580),(580,581)
"P,"bounds: (640,567),(657,567),(657,581),(640,581)
"lequal"bounds: (666,566),(706,565),(706,581),(666,582)
"aurait"bounds: (714,569),(752,568),(752,578),(714,579)
"ivenfuellement"bounds: (759,567),(852,565),(852,577),(759,579)
"pu"bounds: (449,592),(463,592),(463,600),(449,600)
"Coutein"bounds: (474,586),(525,586),(525,596),(474,596)
"me"bounds: (540,590),(566,590),(566,594),(540,594)
"inter"bounds: (573,584),(602,584),(602,599),(573,599)
"ponction."bounds: (604,583),(658,583),(658,599),(604,599)
"a."bounds: (415,572),(436,571),(436,582),(415,583)
"1"bounds: (438,571),(440,571),(440,582),(438,582)
"2"bounds: (438,611),(449,611),(449,628),(438,628)
"onaes"bounds: (450,611),(491,611),(491,625),(450,625)
"de"bounds: (499,618),(515,618),(515,626),(499,626)
"dane"bounds: (526,616),(555,616),(555,626),(526,626)
"sigues"bounds: (568,616),(608,616),(608,627),(568,627)
"devant"bounds: (615,614),(663,614),(663,624),(615,624)
"Lr;"bounds: (678,611),(701,611),(701,627),(678,627)
"O"bounds: (714,610),(728,610),(728,625),(714,625)
"rafair"bounds: (733,609),(770,609),(770,627),(733,627)
"à"bounds: (772,609),(785,609),(785,626),(772,626)
"partis"bounds: (792,612),(820,612),(820,626),(792,626)
"de"bounds: (825,614),(839,614),(839,621),(825,621)
"O"bounds: (848,609),(860,609),(860,620),(848,620)
"3"bounds: (440,638),(451,639),(450,656),(439,655)
"Oraces"bounds: (450,641),(498,643),(497,657),(449,655)
"après"bounds: (507,643),(540,645),(539,660),(506,658)
"2."bounds: (562,643),(580,643),(580,655),(562,655)
"4"bounds: (435,672),(441,672),(441,683),(435,683)
"lon"bounds: (451,670),(477,670),(477,683),(451,683)
"O"bounds: (490,674),(502,674),(502,683),(490,683)
"inacheve"bounds: (512,670),(571,670),(571,682),(512,682)
"a"bounds: (583,678),(589,678),(589,682),(583,682)
"éti"bounds: (597,669),(612,669),(612,683),(597,683)
"Commence"bounds: (622,669),(685,669),(685,683),(622,683)
"a"bounds: (691,674),(699,674),(699,681),(691,681)
"dhoite"bounds: (707,673),(741,673),(741,682),(707,682)
"de"bounds: (749,673),(764,673),(764,681),(749,681)
".6"bounds: (425,688),(453,688),(453,704),(425,704)
"races"bounds: (453,689),(496,689),(496,702),(453,702)
"devaní"bounds: (506,693),(555,693),(555,702),(506,702)
"ao"bounds: (567,690),(588,690),(588,704),(567,704)
"ZA"bounds: (254,699),(286,701),(285,720),(253,718)
"11a"bounds: (287,704),(322,706),(321,721),(286,719)
"里"bounds: (666,758),(725,757),(726,804),(667,805)
","bounds: (728,757),(749,757),(750,804),(729,804)
"T"bounds: (756,766),(781,766),(782,799),(757,799)
"["bounds: (790,764),(803,764),(804,795),(791,795)
".1"bounds: (319,784),(343,784),(343,800),(319,800)
".2.3"bounds: (319,857),(359,855),(360,871),(320,873)
".3-4"bounds: (320,930),(349,929),(349,947),(320,948)
"4"bounds: (320,1001),(335,1001),(335,1021),(320,1021)
".4"bounds: (319,1078),(335,1076),(337,1092),(321,1095)
".4"bounds: (321,1151),(335,1150),(336,1167),(322,1168)
"AG"bounds: (386,1274),(441,1276),(440,1316),(385,1314)
"TE"bounds: (456,1280),(494,1281),(493,1315),(455,1314)
".5"bounds: (324,1298),(342,1298),(342,1315),(324,1315)
".6"bounds: (324,1368),(338,1368),(338,1388),(324,1388)
"imf."bounds: (503,1420),(550,1415),(553,1444),(506,1450)
"mut."bounds: (563,1420),(615,1414),(617,1437),(566,1443)
"4"bounds: (399,1477),(408,1477),(408,1490),(399,1490)
"ņ(L96)"bounds: (419,1475),(496,1475),(496,1496),(419,1496)
"idéogramme"bounds: (509,1480),(594,1480),(594,1499),(509,1499)
"a'est"bounds: (606,1482),(643,1482),(643,1491),(606,1491)
"pas"bounds: (652,1480),(673,1480),(673,1499),(652,1499)
"la"bounds: (685,1479),(701,1479),(701,1491),(685,1491)
"neule"bounds: (713,1479),(748,1479),(748,1491),(713,1491)
"solution"bounds: (754,1475),(814,1475),(814,1499),(754,1499)
";"bounds: (816,1475),(827,1475),(827,1499),(816,1499)
""2"bounds: (418,1507),(444,1507),(444,1521),(418,1521)
"rL"bounds: (450,1512),(458,1512),(458,1526),(450,1526)
"4:"bounds: (474,1509),(496,1509),(496,1520),(474,1520)
"""bounds: (501,1507),(512,1507),(512,1526),(501,1526)
"derait"bounds: (511,1510),(552,1510),(552,1521),(511,1521)
"dgalemens"bounds: (564,1509),(631,1509),(631,1526),(564,1526)
"possibla"bounds: (641,1508),(689,1508),(689,1527),(641,1527)
","bounds: (695,1520),(698,1520),(698,1525),(695,1525)
"quoique"bounds: (706,1513),(762,1513),(762,1528),(706,1528)
"dansa"bounds: (771,1508),(826,1508),(826,1527),(771,1527)
"cas"bounds: (828,1509),(852,1509),(852,1528),(828,1528)
"be"bounds: (417,1535),(433,1535),(433,1550),(417,1550)
"pett"bounds: (448,1535),(481,1535),(481,1556),(448,1556)
"tiangle"bounds: (493,1537),(559,1537),(559,1557),(493,1557)
"dans"bounds: (571,1539),(607,1539),(607,1549),(571,1549)
"le"bounds: (619,1536),(636,1536),(636,1552),(619,1552)
"bas"bounds: (650,1536),(674,1536),(674,1550),(650,1550)
"du"bounds: (688,1541),(707,1541),(707,1550),(688,1550)
"higue"bounds: (720,1541),(760,1541),(760,1557),(720,1557)
"reste"bounds: (768,1537),(804,1537),(804,1549),(768,1549)
"Aaus"bounds: (814,1540),(845,1540),(845,1550),(814,1550)
"explicalion."bounds: (418,1563),(509,1561),(509,1580),(419,1582)
"173"bounds: (1129,1516),(1164,1515),(1164,1533),(1130,1534)
"LE"bounds: (777,839),(777,871),(747,871),(747,839)