Texts:

"I 16
C
16
ARKH 1a.1
HT 93a.4-5' 118.2-3' 122b.3-4'
16 -16-26
716 -16-26
HT 111a.3
716 -24
16 -27-
KH 47.13
*HT 111a.2'
16 -27-05
нT 132.1-21
16 -31-L
HT 111a.21
*HT 12.11
16 -37-01
16 -37-01-04
нT 12.11
16 -37-65
ZA 14.23
16 -37-67
KH 7a.43
16 -55-80
HT 116a.6'
KH 88.15
16 -56
HT 31.21
16 -67
KN Wb 33a?
全位PHO
16 -67-09-55-37
CR (?) Zf 14
16 -73-47-06-60
KN Zf 314
716 -76-37
*iT 108.3
716 -76-51
*HT 49a.1
16 -76-54
HT 86a.31
16 -81-27
HT Wc 3017a.12
16 -118
KH 10,33
716 -118-31
HT 70.2'
全sY
...
16 -118-60-27
НT 96b.1-2
16 -305-.7
PH Zb 484
HT 8a.3,b.3-4' 85b.5-6' 122a.4'
HT 93a.4-5' 118.2-31 122b.3-41
16 -310-28
E
16- 16 -26
716- 16 -26
HT 111a.3'
HT 44a.1 131a.2-31
KO (?) Zf 24
28- 16 -118
-39 AYTY+-
-81- 16 -54-31-05-80-02-
172
"bounds: (59,315),(1067,315),(1067,1531),(59,1531)
"I"bounds: (653,317),(671,317),(672,354),(654,354)
"16"bounds: (675,316),(703,315),(704,353),(676,354)
"C"bounds: (470,508),(476,508),(476,518),(470,518)
"16"bounds: (576,502),(596,502),(596,521),(576,521)
"ARKH"bounds: (807,506),(840,506),(840,516),(807,516)
"1a.1"bounds: (848,501),(882,501),(882,522),(848,522)
"HT"bounds: (808,539),(823,539),(823,550),(808,550)
"93a.4-5'"bounds: (834,531),(896,531),(896,551),(834,551)
"118.2-3'"bounds: (911,532),(972,532),(972,550),(911,550)
"122b.3-4'"bounds: (986,532),(1057,532),(1057,551),(986,551)
"16"bounds: (580,540),(597,540),(597,554),(580,554)
"-16-26"bounds: (606,540),(655,540),(655,551),(606,551)
"716"bounds: (572,570),(596,570),(596,585),(572,585)
"-16-26"bounds: (606,574),(655,574),(655,583),(606,583)
"HT"bounds: (807,573),(823,573),(823,584),(807,584)
"111a.3"bounds: (832,566),(881,565),(882,586),(833,587)
"716"bounds: (563,604),(598,603),(599,631),(564,632)
"-24"bounds: (606,604),(647,603),(648,625),(607,626)
"16"bounds: (582,641),(599,641),(599,655),(582,655)
"-27-"bounds: (603,634),(642,634),(642,661),(603,661)
"KH"bounds: (808,607),(824,606),(825,617),(809,618)
"47.13"bounds: (833,601),(873,599),(874,616),(834,619)
"*HT"bounds: (808,634),(833,634),(833,650),(808,650)
"111a.2'"bounds: (843,631),(897,631),(897,651),(843,651)
"16"bounds: (579,674),(598,673),(599,688),(580,689)
"-27-05"bounds: (606,673),(655,671),(655,684),(606,686)
"нT"bounds: (808,673),(824,672),(824,684),(808,685)
"132.1-21"bounds: (835,667),(897,665),(898,684),(836,686)
"16"bounds: (580,707),(598,707),(598,723),(580,723)
"-31-L"bounds: (607,704),(655,705),(654,728),(606,727)
"HT"bounds: (808,708),(824,707),(825,717),(809,718)
"111a.21"bounds: (835,702),(889,699),(890,717),(836,720)
"*HT"bounds: (808,733),(833,733),(833,750),(808,750)
"12.11"bounds: (844,730),(880,729),(880,748),(844,749)
"16"bounds: (580,739),(597,739),(597,753),(580,753)
"-37-01"bounds: (607,739),(654,738),(654,749),(607,750)
"16"bounds: (580,775),(597,775),(597,788),(580,788)
"-37-01-04"bounds: (607,774),(681,774),(681,785),(607,785)
"нT"bounds: (808,773),(824,772),(825,784),(809,785)
"12.11"bounds: (835,770),(872,767),(873,783),(836,786)
"16"bounds: (582,808),(597,808),(597,818),(582,818)
"-37-65"bounds: (607,809),(655,808),(655,818),(607,819)
"ZA"bounds: (809,808),(824,807),(825,818),(810,819)
"14.23"bounds: (835,801),(874,799),(875,817),(836,819)
"16"bounds: (580,834),(597,833),(597,846),(580,847)
"-37-67"bounds: (607,833),(656,831),(656,843),(607,845)
"KH"bounds: (809,833),(824,832),(825,843),(810,844)
"7a.43"bounds: (835,828),(875,824),(876,841),(837,845)
"16"bounds: (580,867),(598,866),(599,881),(581,882)
"-55-80"bounds: (607,867),(656,865),(657,877),(608,879)
"HT"bounds: (809,866),(824,866),(824,877),(809,877)
"116a.6'"bounds: (836,858),(889,857),(889,885),(836,886)
"KH"bounds: (809,899),(825,898),(826,910),(810,911)
"88.15"bounds: (834,895),(874,893),(875,909),(835,911)
"16"bounds: (583,935),(597,935),(597,945),(583,945)
"-56"bounds: (608,934),(631,934),(631,945),(608,945)
"HT"bounds: (808,934),(825,933),(825,945),(808,946)
"31.21"bounds: (834,927),(873,925),(874,945),(835,947)
"16"bounds: (581,968),(599,968),(599,984),(581,984)
"-67"bounds: (605,963),(632,963),(632,984),(605,984)
"KN"bounds: (809,968),(825,967),(826,979),(810,980)
"Wb"bounds: (833,968),(849,967),(850,978),(834,979)
"33a?"bounds: (859,963),(891,961),(892,978),(860,980)
"全"bounds: (259,992),(291,992),(291,1026),(259,1026)
"位"bounds: (293,992),(309,992),(309,1026),(293,1026)
"PHO"bounds: (332,995),(369,995),(369,1017),(332,1017)
"16"bounds: (583,1002),(597,1002),(597,1012),(583,1012)
"-67-09-55-37"bounds: (608,1002),(707,1002),(707,1012),(608,1012)
"CR"bounds: (804,1000),(826,999),(827,1017),(805,1018)
"(?)"bounds: (829,999),(848,998),(849,1016),(830,1017)
"Zf"bounds: (860,1002),(875,1001),(875,1012),(860,1013)
"14"bounds: (886,996),(899,995),(900,1012),(887,1013)
"16"bounds: (582,1036),(597,1036),(597,1049),(582,1049)
"-73-47-06-60"bounds: (608,1035),(707,1034),(707,1047),(608,1048)
"KN"bounds: (809,1035),(825,1034),(825,1046),(809,1047)
"Zf"bounds: (835,1036),(850,1035),(850,1046),(835,1047)
"314"bounds: (860,1029),(883,1028),(884,1045),(861,1046)
"716"bounds: (566,1066),(597,1066),(597,1083),(566,1083)
"-76-37"bounds: (608,1069),(656,1069),(656,1079),(608,1079)
"*iT"bounds: (809,1064),(834,1064),(834,1080),(809,1080)
"108.3"bounds: (846,1061),(884,1061),(884,1084),(846,1084)
"716"bounds: (566,1099),(599,1099),(599,1125),(566,1125)
"-76-51"bounds: (608,1098),(673,1099),(673,1123),(608,1122)
"*HT"bounds: (809,1097),(833,1098),(833,1114),(809,1113)
"49a.1"bounds: (844,1102),(882,1103),(882,1115),(844,1114)
"16"bounds: (581,1137),(599,1136),(600,1151),(582,1152)
"-76-54"bounds: (608,1138),(656,1136),(656,1146),(608,1148)
"HT"bounds: (809,1137),(825,1136),(826,1147),(810,1148)
"86a.31"bounds: (835,1131),(881,1129),(882,1147),(836,1149)
"16"bounds: (583,1170),(598,1170),(598,1184),(583,1184)
"-81-27"bounds: (608,1170),(657,1169),(657,1180),(608,1181)
"HT"bounds: (809,1170),(825,1169),(826,1181),(810,1182)
"Wc"bounds: (834,1169),(850,1168),(851,1181),(835,1182)
"3017a.12"bounds: (860,1165),(926,1162),(927,1181),(861,1184)
"16"bounds: (581,1205),(599,1204),(600,1219),(582,1220)
"-118"bounds: (608,1205),(640,1203),(641,1214),(609,1216)
"KH"bounds: (810,1204),(826,1203),(827,1214),(811,1215)
"10,33"bounds: (836,1198),(875,1196),(876,1213),(837,1215)
"716"bounds: (566,1234),(600,1234),(600,1254),(566,1254)
"-118-31"bounds: (609,1238),(664,1238),(664,1254),(609,1254)
"HT"bounds: (809,1238),(825,1237),(826,1249),(810,1250)
"70.2'"bounds: (835,1230),(873,1228),(874,1249),(836,1251)
"全"bounds: (260,1264),(277,1264),(278,1293),(261,1293)
"sY"bounds: (285,1256),(353,1254),(354,1290),(286,1292)
"..."bounds: (618,1254),(637,1254),(637,1257),(618,1257)
"16"bounds: (581,1273),(599,1273),(599,1287),(581,1287)
"-118-60-27"bounds: (608,1272),(690,1270),(690,1282),(608,1284)
"НT"bounds: (802,1269),(840,1267),(841,1286),(803,1288)
"96b.1-2"bounds: (842,1267),(893,1265),(894,1285),(843,1287)
"16"bounds: (584,1306),(598,1306),(598,1316),(584,1316)
"-305-.7"bounds: (609,1302),(691,1302),(691,1322),(609,1322)
"PH"bounds: (810,1305),(826,1304),(827,1316),(811,1317)
"Zb"bounds: (835,1305),(850,1304),(851,1317),(836,1318)
"484"bounds: (860,1300),(884,1299),(885,1316),(861,1317)
"HT"bounds: (809,1340),(825,1340),(825,1351),(809,1351)
"8a.3,b.3-4'"bounds: (835,1333),(924,1331),(924,1354),(835,1356)
"85b.5-6'"bounds: (936,1332),(1000,1331),(1000,1351),(936,1352)
"122a.4'"bounds: (1013,1333),(1067,1332),(1067,1351),(1013,1352)
"HT"bounds: (809,1374),(825,1374),(825,1385),(809,1385)
"93a.4-5'"bounds: (836,1365),(898,1364),(898,1385),(836,1386)
"118.2-31"bounds: (912,1366),(974,1365),(974,1385),(912,1386)
"122b.3-41"bounds: (988,1367),(1059,1366),(1059,1384),(988,1385)
"16"bounds: (582,1340),(598,1340),(598,1354),(582,1354)
"-310-28"bounds: (608,1341),(665,1340),(665,1351),(608,1352)
"E"bounds: (473,1376),(480,1376),(480,1386),(473,1386)
"16-"bounds: (550,1375),(573,1375),(573,1384),(550,1384)
"16"bounds: (582,1375),(600,1375),(600,1389),(582,1389)
"-26"bounds: (608,1374),(632,1374),(632,1384),(608,1384)
"716-"bounds: (533,1405),(573,1405),(573,1423),(533,1423)
"16"bounds: (582,1409),(600,1409),(600,1425),(582,1425)
"-26"bounds: (608,1409),(632,1409),(632,1419),(608,1419)
"HT"bounds: (809,1409),(825,1408),(826,1420),(810,1421)
"111a.3'"bounds: (836,1403),(890,1401),(891,1421),(837,1423)
"HT"bounds: (809,1444),(825,1444),(825,1455),(809,1455)
"44a.1"bounds: (832,1435),(875,1435),(875,1458),(832,1458)
"131a.2-31"bounds: (895,1436),(966,1435),(966,1454),(895,1455)
"KO"bounds: (810,1470),(825,1469),(826,1481),(811,1482)
"(?)"bounds: (829,1470),(848,1469),(849,1484),(830,1485)
"Zf"bounds: (860,1470),(876,1469),(877,1481),(861,1482)
"24"bounds: (886,1463),(900,1462),(901,1480),(887,1481)
"28-"bounds: (550,1443),(573,1443),(573,1454),(550,1454)
"16"bounds: (584,1443),(598,1443),(598,1454),(584,1454)
"-118"bounds: (608,1443),(640,1443),(640,1454),(608,1454)
"-39"bounds: (224,1464),(301,1463),(301,1488),(224,1489)
"AYTY+-"bounds: (312,1464),(406,1463),(406,1487),(312,1488)
"-81-"bounds: (541,1470),(573,1470),(573,1480),(541,1480)
"16"bounds: (582,1470),(599,1470),(599,1484),(582,1484)
"-54-31-05-80-02-"bounds: (608,1470),(741,1470),(741,1480),(608,1480)
"172"bounds: (59,1514),(93,1514),(93,1531),(59,1531)