Texts:

"KH Wc 2060
-[4,80] x [3,50] Co.90lcm
KH Wc 2061
- C2.to] x [3,10]x [o, 5alkm.
KH Wc 2062
- 8, do x Cd.90]x 4.40 cm.
137
"bounds: (28,53),(1160,53),(1160,1527),(28,1527)
"KH"bounds: (28,53),(67,53),(67,70),(28,70)
"Wc"bounds: (82,54),(117,54),(117,70),(82,70)
"2060"bounds: (132,53),(183,53),(183,71),(132,71)
"-[4,80]"bounds: (756,398),(820,398),(820,416),(756,416)
"x"bounds: (830,406),(835,406),(835,413),(830,413)
"[3,50]"bounds: (844,396),(890,396),(890,414),(844,414)
"Co.90lcm"bounds: (910,397),(981,397),(981,413),(910,413)
"KH"bounds: (29,595),(68,595),(68,612),(29,612)
"Wc"bounds: (83,595),(118,595),(118,612),(83,612)
"2061"bounds: (133,594),(182,594),(182,611),(133,611)
"-"bounds: (777,906),(782,906),(782,907),(777,907)
"C2.to]"bounds: (788,898),(830,898),(830,916),(788,916)
"x"bounds: (838,907),(843,907),(843,914),(838,914)
"[3,10]x"bounds: (853,900),(912,901),(912,916),(853,915)
"[o,"bounds: (921,897),(945,897),(945,919),(921,919)
"5alkm."bounds: (944,901),(979,901),(979,916),(944,916)
"KH"bounds: (36,1127),(74,1127),(74,1144),(36,1144)
"Wc"bounds: (90,1128),(124,1128),(124,1144),(90,1144)
"2062"bounds: (140,1127),(191,1128),(191,1145),(140,1144)
"-"bounds: (765,1440),(774,1440),(774,1458),(765,1458)
"8,"bounds: (773,1445),(782,1445),(782,1457),(773,1457)
"do"bounds: (787,1444),(803,1444),(803,1456),(787,1456)
"x"bounds: (814,1439),(825,1439),(825,1457),(814,1457)
"Cd.90]x"bounds: (828,1440),(903,1439),(903,1454),(828,1455)
"4.40"bounds: (908,1440),(926,1440),(926,1453),(908,1453)
"cm."bounds: (932,1447),(954,1447),(954,1452),(932,1452)
"137"bounds: (1126,1510),(1160,1510),(1160,1527),(1126,1527)