Texts:

"CONCORDANCE MUSÉOGRAPHIQUE
131
c) Musée Allard Pierson, Amsterdam
[A. Pierson M.]
HT (?) Wc 3022.
1
1
1
d) British Museum, Londres
[BM]
KA ZI 14......
1
1
e) Museum of Fine Arts, Boston
[Boston M.]
AR Zf 14.
1
1
1
f) Collection N. Mélaxas, Iraklion, Crète
[Coll. Métaxas]
LA Zb 14.....
1
1
1
g) Collection privée suisse
[Coll. privée]
KN (?) We 26...
1
1
1
h) Musée archéolo gique de Florence
[Firenze]
HT Wa 1086, 1094, 1125, 1279, 1322, 1323, 1471, 1557, 1558°
9
9.
9
i) Musée archéologique d'Iraklion, Crète
[HM]
AP Za 1, 24.
AR ZI 24..
1
1
ARKH 1-7.
7
7
GO Wc 12...
1
1
HT 1-11, 13-28, 30-47, 49-58, 60-70, 72, 74, 75, 78-82, 84-113, 113 ter,
115-117, 119-123, 125-133, 135-137, 139-142, 144, 146, 147, 154, 154 А-С,
154 E, 154 G, 154 J-N'..
Wa 1001-1013, 1015-1021, <1021 bis>, 1022-1085, 1087-1093, 1095-1107,
1109, 1111-1124, 1126-1149, 1151-1175, 1177-1278, 1280-1282, 1284-
1293, 1295-1300, 1302-1321, 1324-1406, 1409-1470, 1473-1511, 1513-
1541, 1543-1546, 1548-1556, 1562-1592, 1594-1622, 1624-1743, 1745-
1758, 1760-1778, 1780-1829, 1831-1844, 1846-18612.
Wb 2001-20022..
143
1001
829
Wc 3001-3017, <3018>, 3019-30212.
Zb 158, 159, 1614..
Zd 155-1574..
IO Za 2-95
Zb 105
21
3
9
KN 1, 2, 22, 28, (?) 321.
Wb 332.
Wc 3, 29, 30.
Za 10, 17, 184.
Zb 4, 5, 20, 404.
Ze 6, 74.
Zf 13, 314.
Zg <21>.
KO Za 14..
МА 1, 2, 4, 6, 91.
Wc <5>, 7.
РK 11..
Za 4, 8-124.
PA 1'..
1
3
3
21
4
1
1
1
1148
7
2
1
7
6
1
1
"bounds: (150,188),(953,188),(953,1343),(150,1343)
"CONCORDANCE"bounds: (407,192),(531,192),(531,201),(407,201)
"MUSÉOGRAPHIQUE"bounds: (544,188),(701,188),(701,204),(544,204)
"131"bounds: (925,188),(951,188),(951,202),(925,202)
"c)"bounds: (150,239),(173,239),(173,256),(150,256)
"Musée"bounds: (184,239),(236,239),(236,256),(184,256)
"Allard"bounds: (241,243),(288,243),(288,253),(241,253)
"Pierson,"bounds: (298,243),(358,243),(358,256),(298,256)
"Amsterdam"bounds: (370,243),(453,243),(453,254),(370,254)
"[A."bounds: (830,243),(851,243),(851,257),(830,257)
"Pierson"bounds: (863,244),(918,244),(918,255),(863,255)
"M.]"bounds: (929,243),(952,243),(952,256),(929,256)
"HT"bounds: (203,272),(226,272),(226,283),(203,283)
"(?)"bounds: (237,272),(256,272),(256,286),(237,286)
"Wc"bounds: (268,272),(292,272),(292,284),(268,284)
"3022."bounds: (303,272),(346,272),(346,283),(303,283)
"1"bounds: (805,272),(808,272),(808,282),(805,282)
"1"bounds: (872,272),(876,272),(876,282),(872,282)
"1"bounds: (941,272),(945,272),(945,282),(941,282)
"d)"bounds: (155,312),(168,312),(168,326),(155,326)
"British"bounds: (185,312),(235,312),(235,323),(185,323)
"Museum,"bounds: (247,312),(313,312),(313,326),(247,326)
"Londres"bounds: (325,312),(382,312),(382,323),(325,323)
"[BM]"bounds: (828,312),(864,312),(864,326),(828,326)
"KA"bounds: (201,340),(227,340),(227,353),(201,353)
"ZI"bounds: (242,338),(261,338),(261,354),(242,354)
"14......"bounds: (266,342),(321,343),(321,353),(266,352)
"1"bounds: (805,342),(807,342),(807,351),(805,351)
"1"bounds: (941,342),(945,342),(945,352),(941,352)
"e)"bounds: (155,383),(165,383),(165,397),(155,397)
"Museum"bounds: (184,383),(247,383),(247,393),(184,393)
"of"bounds: (258,383),(271,383),(271,397),(258,397)
"Fine"bounds: (282,383),(315,383),(315,393),(282,393)
"Arts,"bounds: (327,383),(361,383),(361,396),(327,396)
"Boston"bounds: (374,383),(422,383),(422,393),(374,393)
"[Boston"bounds: (829,382),(885,382),(885,396),(829,396)
"M.]"bounds: (897,382),(920,382),(920,396),(897,396)
"AR"bounds: (201,411),(227,411),(227,424),(201,424)
"Zf"bounds: (240,408),(261,408),(261,425),(240,425)
"14."bounds: (267,412),(282,412),(282,422),(267,422)
"1"bounds: (805,411),(809,411),(809,422),(805,422)
"1"bounds: (872,411),(876,411),(876,422),(872,422)
"1"bounds: (941,411),(945,411),(945,422),(941,422)
"f)"bounds: (155,452),(163,452),(163,465),(155,465)
"Collection"bounds: (185,452),(254,452),(254,463),(185,463)
"N."bounds: (265,452),(282,452),(282,462),(265,462)
"Mélaxas,"bounds: (294,452),(359,452),(359,465),(294,465)
"Iraklion,"bounds: (371,452),(435,452),(435,466),(371,466)
"Crète"bounds: (447,452),(482,452),(482,463),(447,463)
"[Coll."bounds: (831,451),(868,451),(868,465),(831,465)
"Métaxas]"bounds: (885,451),(953,451),(953,466),(885,466)
"LA"bounds: (202,480),(224,480),(224,492),(202,492)
"Zb"bounds: (236,480),(254,480),(254,492),(236,492)
"14....."bounds: (268,481),(313,481),(313,492),(268,492)
"1"bounds: (805,481),(809,481),(809,491),(805,491)
"1"bounds: (872,481),(876,481),(876,491),(872,491)
"1"bounds: (941,480),(945,480),(945,491),(941,491)
"g)"bounds: (155,519),(167,519),(167,532),(155,532)
"Collection"bounds: (185,519),(254,519),(254,529),(185,529)
"privée"bounds: (265,518),(308,518),(308,532),(265,532)
"suisse"bounds: (318,518),(360,518),(360,529),(318,529)
"[Coll."bounds: (829,518),(867,518),(867,532),(829,532)
"privée]"bounds: (878,518),(929,518),(929,533),(878,533)
"KN"bounds: (202,547),(226,547),(226,559),(202,559)
"(?)"bounds: (237,548),(256,548),(256,561),(237,561)
"We"bounds: (268,547),(292,547),(292,559),(268,559)
"26..."bounds: (303,548),(338,548),(338,558),(303,558)
"1"bounds: (805,547),(809,547),(809,558),(805,558)
"1"bounds: (872,547),(876,547),(876,557),(872,557)
"1"bounds: (941,547),(946,547),(946,557),(941,557)
"h)"bounds: (155,585),(168,585),(168,599),(155,599)
"Musée"bounds: (185,585),(232,585),(232,596),(185,596)
"archéolo"bounds: (242,585),(299,585),(299,596),(242,596)
"gique"bounds: (302,585),(339,585),(339,600),(302,600)
"de"bounds: (350,586),(364,586),(364,596),(350,596)
"Florence"bounds: (376,585),(437,585),(437,596),(376,596)
"[Firenze]"bounds: (830,584),(896,584),(896,599),(830,599)
"HT"bounds: (203,614),(226,614),(226,625),(203,625)
"Wa"bounds: (237,614),(262,614),(262,626),(237,626)
"1086,"bounds: (271,614),(307,614),(307,628),(271,628)
"1094,"bounds: (317,614),(353,614),(353,628),(317,628)
"1125,"bounds: (363,615),(400,615),(400,628),(363,628)
"1279,"bounds: (410,614),(446,614),(446,628),(410,628)
"1322,"bounds: (456,614),(493,614),(493,628),(456,628)
"1323,"bounds: (503,614),(539,614),(539,628),(503,628)
"1471,"bounds: (549,615),(585,615),(585,628),(549,628)
"1557,"bounds: (595,615),(631,615),(631,628),(595,628)
"1558°"bounds: (641,615),(679,615),(679,625),(641,625)
"9"bounds: (804,614),(811,614),(811,624),(804,624)
"9."bounds: (871,614),(878,614),(878,624),(871,624)
"9"bounds: (940,614),(947,614),(947,624),(940,624)
"i)"bounds: (155,653),(163,653),(163,667),(155,667)
"Musée"bounds: (186,654),(232,654),(232,664),(186,664)
"archéologique"bounds: (242,654),(339,654),(339,668),(242,668)
"d'Iraklion,"bounds: (350,654),(428,654),(428,667),(350,667)
"Crète"bounds: (441,654),(476,654),(476,665),(441,665)
"[HM]"bounds: (830,653),(869,653),(869,668),(830,668)
"AP"bounds: (202,682),(225,682),(225,694),(202,694)
"Za"bounds: (236,682),(255,682),(255,694),(236,694)
"1,"bounds: (267,683),(277,683),(277,696),(267,696)
"24."bounds: (289,683),(305,683),(305,693),(289,693)
"AR"bounds: (203,705),(228,705),(228,717),(203,717)
"ZI"bounds: (241,703),(262,703),(262,719),(241,719)
"24.."bounds: (266,706),(290,706),(290,716),(266,716)
"1"bounds: (807,706),(811,706),(811,716),(807,716)
"1"bounds: (873,705),(877,705),(877,716),(873,716)
"ARKH"bounds: (203,727),(256,728),(256,741),(203,740)
"1-7."bounds: (269,729),(299,729),(299,739),(269,739)
"7"bounds: (806,729),(812,729),(812,739),(806,739)
"7"bounds: (873,729),(879,729),(879,739),(873,739)
"GO"bounds: (197,749),(244,750),(244,765),(197,764)
"Wc"bounds: (246,750),(270,750),(270,765),(246,765)
"12..."bounds: (272,752),(304,752),(304,762),(272,762)
"1"bounds: (807,752),(811,752),(811,762),(807,762)
"1"bounds: (874,752),(878,752),(878,762),(874,762)
"HT"bounds: (205,774),(228,774),(228,786),(205,786)
"1-11,"bounds: (240,775),(274,775),(274,788),(240,788)
"13-28,"bounds: (286,775),(328,775),(328,788),(286,788)
"30-47,"bounds: (339,775),(383,775),(383,788),(339,788)
"49-58,"bounds: (394,775),(437,775),(437,788),(394,788)
"60-70,"bounds: (449,775),(492,775),(492,788),(449,788)
"72,"bounds: (504,775),(524,775),(524,789),(504,789)
"74,"bounds: (535,775),(555,775),(555,789),(535,789)
"75,"bounds: (566,775),(586,775),(586,789),(566,789)
"78-82,"bounds: (597,775),(641,775),(641,789),(597,789)
"84-113,"bounds: (652,775),(704,775),(704,788),(652,788)
"113"bounds: (716,775),(740,775),(740,786),(716,786)
"ter,"bounds: (747,776),(768,776),(768,788),(747,788)
"115-117,"bounds: (223,795),(283,795),(283,808),(223,808)
"119-123,"bounds: (291,795),(351,795),(351,808),(291,808)
"125-133,"bounds: (360,795),(420,795),(420,809),(360,809)
"135-137,"bounds: (428,795),(487,795),(487,809),(428,809)
"139-142,"bounds: (496,795),(556,795),(556,809),(496,809)
"144,"bounds: (564,795),(592,795),(592,808),(564,808)
"146,"bounds: (600,795),(628,795),(628,809),(600,809)
"147,"bounds: (636,795),(663,795),(663,808),(636,808)
"154,"bounds: (671,795),(699,795),(699,809),(671,809)
"154"bounds: (707,795),(729,795),(729,806),(707,806)
"А-С,"bounds: (736,795),(767,795),(767,808),(736,808)
"154"bounds: (223,814),(246,814),(246,825),(223,825)
"E,"bounds: (254,815),(268,815),(268,828),(254,828)
"154"bounds: (281,815),(304,815),(304,825),(281,825)
"G,"bounds: (312,815),(327,815),(327,828),(312,828)
"154"bounds: (339,815),(362,815),(362,825),(339,825)
"J-N'.."bounds: (370,815),(415,815),(415,825),(370,825)
"Wa"bounds: (219,834),(244,834),(244,846),(219,846)
"1001-1013,"bounds: (251,834),(329,834),(329,848),(251,848)
"1015-1021,"bounds: (336,835),(414,835),(414,848),(336,848)
"<1021"bounds: (419,835),(467,835),(467,846),(419,846)
"bis>,"bounds: (474,835),(513,835),(513,849),(474,849)
"1022-1085,"bounds: (520,835),(598,835),(598,848),(520,848)
"1087-1093,"bounds: (605,835),(683,835),(683,848),(605,848)
"1095-1107,"bounds: (690,835),(768,835),(768,848),(690,848)
"1109,"bounds: (224,854),(260,854),(260,868),(224,868)
"1111-1124,"bounds: (273,854),(351,854),(351,868),(273,868)
"1126-1149,"bounds: (365,854),(443,854),(443,868),(365,868)
"1151-1175,"bounds: (456,855),(534,855),(534,868),(456,868)
"1177-1278,"bounds: (548,855),(625,855),(625,868),(548,868)
"1280-1282,"bounds: (639,855),(717,855),(717,868),(639,868)
"1284-"bounds: (730,855),(768,855),(768,865),(730,865)
"1293,"bounds: (224,874),(260,874),(260,888),(224,888)
"1295-1300,"bounds: (274,875),(351,875),(351,888),(274,888)
"1302-1321,"bounds: (365,875),(443,875),(443,888),(365,888)
"1324-1406,"bounds: (456,875),(534,875),(534,888),(456,888)
"1409-1470,"bounds: (548,875),(626,875),(626,888),(548,888)
"1473-1511,"bounds: (639,875),(717,875),(717,888),(639,888)
"1513-"bounds: (730,875),(768,875),(768,885),(730,885)
"1541,"bounds: (224,894),(260,894),(260,908),(224,908)
"1543-1546,"bounds: (274,895),(351,895),(351,908),(274,908)
"1548-1556,"bounds: (365,895),(443,895),(443,908),(365,908)
"1562-1592,"bounds: (457,895),(534,895),(534,908),(457,908)
"1594-1622,"bounds: (548,895),(626,895),(626,908),(548,908)
"1624-1743,"bounds: (639,895),(717,895),(717,908),(639,908)
"1745-"bounds: (731,895),(768,895),(768,905),(731,905)
"1758,"bounds: (224,914),(260,914),(260,928),(224,928)
"1760-1778,"bounds: (269,914),(347,914),(347,928),(269,928)
"1780-1829,"bounds: (356,915),(434,915),(434,928),(356,928)
"1831-1844,"bounds: (444,915),(522,915),(522,928),(444,928)
"1846-18612."bounds: (531,915),(615,915),(615,925),(531,925)
"Wb"bounds: (222,933),(247,933),(247,945),(222,945)
"2001-20022.."bounds: (258,934),(351,934),(351,945),(258,945)
"143"bounds: (790,815),(812,815),(812,825),(790,825)
"1001"bounds: (847,884),(877,884),(877,895),(847,895)
"829"bounds: (788,915),(813,915),(813,925),(788,925)
"Wc"bounds: (228,951),(259,951),(259,969),(228,969)
"3001-3017,"bounds: (257,954),(336,954),(336,967),(257,967)
"<3018>,"bounds: (350,954),(421,954),(421,967),(350,967)
"3019-30212."bounds: (433,954),(518,954),(518,965),(433,965)
"Zb"bounds: (223,971),(249,971),(249,988),(223,988)
"158,"bounds: (255,974),(282,974),(282,987),(255,987)
"159,"bounds: (295,974),(322,974),(322,987),(295,987)
"1614.."bounds: (335,974),(375,974),(375,984),(335,984)
"Zd"bounds: (226,991),(251,991),(251,1006),(226,1006)
"155-1574.."bounds: (255,993),(328,992),(328,1005),(255,1006)
"IO"bounds: (203,1015),(240,1015),(240,1030),(203,1030)
"Za"bounds: (242,1015),(256,1015),(256,1030),(242,1030)
"2-95"bounds: (264,1014),(291,1014),(291,1029),(264,1029)
"Zb"bounds: (224,1035),(251,1035),(251,1048),(224,1048)
"105"bounds: (255,1037),(274,1037),(274,1047),(255,1047)
"21"bounds: (797,954),(811,954),(811,964),(797,964)
"3"bounds: (807,994),(813,994),(813,1004),(807,1004)
"9"bounds: (873,1027),(880,1027),(880,1037),(873,1037)
"KN"bounds: (204,1059),(229,1059),(229,1071),(204,1071)
"1,"bounds: (241,1060),(250,1060),(250,1073),(241,1073)
"2,"bounds: (262,1060),(274,1060),(274,1073),(262,1073)
"22,"bounds: (285,1060),(305,1060),(305,1073),(285,1073)
"28,"bounds: (317,1060),(337,1060),(337,1073),(317,1073)
"(?)"bounds: (349,1060),(368,1060),(368,1074),(349,1074)
"321."bounds: (380,1060),(405,1060),(405,1070),(380,1070)
"Wb"bounds: (228,1077),(255,1077),(255,1093),(228,1093)
"332."bounds: (258,1077),(282,1077),(282,1092),(258,1092)
"Wc"bounds: (227,1096),(258,1096),(258,1114),(227,1114)
"3,"bounds: (258,1099),(269,1099),(269,1112),(258,1112)
"29,"bounds: (280,1099),(300,1099),(300,1112),(280,1112)
"30."bounds: (312,1099),(337,1099),(337,1110),(312,1110)
"Za"bounds: (224,1118),(243,1118),(243,1130),(224,1130)
"10,"bounds: (255,1119),(274,1119),(274,1132),(255,1132)
"17,"bounds: (287,1119),(305,1119),(305,1132),(287,1132)
"184."bounds: (319,1119),(342,1119),(342,1130),(319,1130)
"Zb"bounds: (224,1135),(251,1135),(251,1152),(224,1152)
"4,"bounds: (254,1139),(265,1139),(265,1152),(254,1152)
"5,"bounds: (277,1139),(288,1139),(288,1152),(277,1152)
"20,"bounds: (299,1139),(319,1139),(319,1152),(299,1152)
"404."bounds: (331,1139),(356,1139),(356,1149),(331,1149)
"Ze"bounds: (226,1157),(256,1157),(256,1172),(226,1172)
"6,"bounds: (259,1156),(267,1156),(267,1171),(259,1171)
"74."bounds: (276,1159),(292,1159),(292,1169),(276,1169)
"Zf"bounds: (221,1175),(253,1175),(253,1193),(221,1193)
"13,"bounds: (252,1179),(271,1179),(271,1192),(252,1192)
"314."bounds: (283,1179),(308,1179),(308,1189),(283,1189)
"Zg"bounds: (226,1196),(249,1195),(249,1212),(226,1213)
"<21>."bounds: (256,1198),(315,1197),(315,1209),(256,1210)
"KO"bounds: (199,1218),(250,1218),(250,1234),(199,1234)
"Za"bounds: (252,1218),(264,1218),(264,1234),(252,1234)
"14.."bounds: (272,1218),(295,1218),(295,1234),(272,1234)
"МА"bounds: (208,1242),(244,1242),(244,1260),(208,1260)
"1,"bounds: (244,1244),(254,1244),(254,1258),(244,1258)
"2,"bounds: (265,1244),(277,1244),(277,1258),(265,1258)
"4,"bounds: (288,1244),(299,1244),(299,1258),(288,1258)
"6,"bounds: (311,1245),(322,1245),(322,1258),(311,1258)
"91."bounds: (329,1242),(349,1242),(349,1260),(329,1260)
"Wc"bounds: (227,1262),(265,1262),(265,1278),(227,1278)
"<5>,"bounds: (261,1264),(305,1264),(305,1278),(261,1278)
"7."bounds: (317,1265),(333,1265),(333,1275),(317,1275)
"РK"bounds: (206,1284),(243,1284),(243,1300),(206,1300)
"11.."bounds: (245,1284),(263,1284),(263,1300),(245,1300)
"Za"bounds: (226,1303),(249,1303),(249,1320),(226,1320)
"4,"bounds: (254,1308),(266,1308),(266,1320),(254,1320)
"8-124."bounds: (277,1308),(317,1308),(317,1318),(277,1318)
"PA"bounds: (206,1331),(228,1331),(228,1342),(206,1342)
"1'.."bounds: (241,1327),(262,1327),(262,1343),(241,1343)
"1"bounds: (808,1080),(812,1080),(812,1090),(808,1090)
"3"bounds: (807,1099),(814,1099),(814,1109),(807,1109)
"3"bounds: (807,1119),(814,1119),(814,1130),(807,1130)
"21"bounds: (864,1119),(878,1119),(878,1130),(864,1130)
"4"bounds: (807,1139),(813,1139),(813,1149),(807,1149)
"1"bounds: (808,1199),(812,1199),(812,1209),(808,1209)
"1"bounds: (808,1222),(812,1222),(812,1232),(808,1232)
"1"bounds: (875,1221),(879,1221),(879,1232),(875,1232)
"1148"bounds: (917,1217),(949,1217),(949,1228),(917,1228)
"7"bounds: (875,1255),(881,1255),(881,1265),(875,1265)
"2"bounds: (807,1265),(815,1265),(815,1275),(807,1275)
"1"bounds: (809,1288),(813,1288),(813,1298),(809,1298)
"7"bounds: (874,1298),(880,1298),(880,1309),(874,1309)
"6"bounds: (801,1304),(832,1304),(832,1319),(801,1319)
"1"bounds: (809,1331),(813,1331),(813,1342),(809,1342)
"1"bounds: (876,1331),(880,1331),(880,1342),(876,1342)