Texts:

"10
01- 10 -49
нT 120.3-41
J目キ24FCJTC
JBキ4FAFE
757- 10 -03-80-28-01/. 707/ PK Za 9.24
757- 10 -03-80-28-01-301-07r *PK Za 9.24
759- 10 -
KH 52.23
77- 10 -45-59
HT 13.11
77- 10 -79-30
нT 26ь.2-31
HT 115a[. 21'
301- 10 -60
08-60- 10 -01
KH 5.1-23
追公F0
757-80- 10 -37
MA 2c.2'
J08-60-65- 10 - 45-17
HT 122b.3'
江キ位FT宁
KN Zb 40.1-24
08-03-67- 10 -06-08
59-06-60-04- 10 -37-55
IO Za 2a-b.25
59-06-28-301- 10 -37-55
IO Za 65
57-59-28-301- 10 -57
АP Za 14
ヤ可位非非-[-}}
---
08-07-67-04-04- 10 -.7-01
*PK Za 11a-b4
G
08-73-01- 10
ZA 10a.33
可了F
07-06- 10
HT 9a.3,b.5' 16.1-2' 25a.1,2'
个日6
KN Zb(27>4
*HT 128b.21
26-54- 10
78-76- 10
HT 1.1' 95a.4-5,b.4-s'
HT 2.1.3' 21.2' 28a.2' 42+759.1.2.7
44a.2' 58.21 91.21 96.3' 100.5'
101.2[.3].4' 125a.2' 140.4.4.5.6'
TY 3a.1.2.5'
A 610
H
302+ 10
A 619 *
302+67 '10'
TY 3a.31
168
"bounds: (58,93),(1156,93),(1156,1526),(58,1526)
"10"bounds: (1137,93),(1156,93),(1156,107),(1137,107)
"01-"bounds: (569,194),(592,194),(592,204),(569,204)
"10"bounds: (601,194),(619,194),(619,208),(601,208)
"-49"bounds: (628,195),(651,195),(651,205),(628,205)
"нT"bounds: (821,190),(859,189),(860,208),(822,209)
"120.3-41"bounds: (861,188),(919,186),(920,206),(862,208)
"J"bounds: (227,213),(257,213),(257,243),(227,243)
"目"bounds: (259,213),(277,213),(277,243),(259,243)
"キ"bounds: (278,217),(311,217),(311,243),(278,243)
"24FCJTC"bounds: (320,215),(449,215),(449,244),(320,244)
"JB"bounds: (243,250),(266,250),(266,278),(243,278)
"キ"bounds: (268,246),(319,246),(319,281),(268,281)
"4FAFE"bounds: (321,246),(451,247),(451,283),(321,282)
"757-"bounds: (552,224),(592,224),(592,243),(552,243)
"10"bounds: (603,228),(618,228),(618,238),(603,238)
"-03-80-28-01/."bounds: (628,225),(749,225),(749,243),(628,243)
"707/"bounds: (754,225),(803,225),(803,243),(754,243)
"PK"bounds: (829,228),(845,228),(845,239),(829,239)
"Za"bounds: (854,228),(870,228),(870,239),(854,239)
"9.24"bounds: (879,221),(911,221),(911,240),(879,240)
"757-"bounds: (551,258),(592,258),(592,277),(551,277)
"10"bounds: (603,262),(617,262),(617,272),(603,272)
"-03-80-28-01-301-07r"bounds: (627,260),(803,259),(803,275),(627,276)
"*PK"bounds: (828,257),(853,257),(853,273),(828,273)
"Za"bounds: (863,262),(878,262),(878,273),(863,273)
"9.24"bounds: (888,255),(919,255),(919,273),(888,273)
"759-"bounds: (551,291),(592,291),(592,309),(551,309)
"10"bounds: (601,295),(619,295),(619,311),(601,311)
"-"bounds: (627,291),(651,291),(651,310),(627,310)
"KH"bounds: (827,296),(844,295),(845,307),(828,309)
"52.23"bounds: (853,290),(894,286),(895,305),(855,309)
"77-"bounds: (569,329),(591,329),(591,338),(569,338)
"10"bounds: (602,329),(617,329),(617,342),(602,342)
"-45-59"bounds: (627,328),(675,328),(675,339),(627,339)
"HT"bounds: (827,329),(843,328),(843,339),(828,340)
"13.11"bounds: (854,324),(892,322),(893,339),(855,341)
"77-"bounds: (569,362),(591,362),(591,372),(569,372)
"10"bounds: (603,362),(617,362),(617,372),(603,372)
"-79-30"bounds: (627,362),(676,362),(676,373),(627,373)
"нT"bounds: (826,362),(843,361),(843,373),(826,374)
"26ь.2-31"bounds: (853,356),(916,354),(917,374),(854,376)
"HT"bounds: (827,395),(843,395),(843,407),(827,407)
"115a[."bounds: (854,393),(900,394),(899,414),(853,413)
"21'"bounds: (905,391),(925,392),(924,416),(904,415)
"301-"bounds: (560,396),(591,397),(591,406),(560,405)
"10"bounds: (602,396),(617,396),(617,406),(602,406)
"-60"bounds: (627,396),(650,396),(650,405),(627,405)
"08-60-"bounds: (543,428),(591,428),(591,439),(543,439)
"10"bounds: (600,429),(616,429),(616,443),(600,443)
"-01"bounds: (628,428),(655,428),(655,443),(628,443)
"KH"bounds: (827,429),(843,429),(843,441),(827,441)
"5.1-23"bounds: (852,423),(901,422),(902,441),(853,442)
"追"bounds: (212,443),(248,443),(248,474),(212,474)
"公"bounds: (250,443),(275,443),(275,474),(250,474)
"F0"bounds: (274,447),(311,447),(311,471),(274,471)
"757-80-"bounds: (527,459),(590,459),(590,477),(527,477)
"10"bounds: (599,463),(617,463),(617,478),(599,478)
"-37"bounds: (626,463),(651,463),(651,472),(626,472)
"MA"bounds: (825,463),(844,462),(844,474),(825,475)
"2c.2'"bounds: (852,458),(890,457),(891,475),(853,476)
"J08-60-65-"bounds: (498,491),(589,491),(589,510),(498,510)
"10"bounds: (598,496),(616,496),(616,511),(598,511)
"-"bounds: (625,501),(631,501),(631,502),(625,502)
"45-17"bounds: (636,494),(675,494),(675,512),(636,512)
"HT"bounds: (826,498),(842,497),(842,507),(826,508)
"122b.3'"bounds: (853,491),(907,489),(908,508),(854,510)
"江"bounds: (201,515),(216,515),(216,536),(201,536)
"キ"bounds: (218,510),(246,510),(246,542),(218,542)
"位"bounds: (248,510),(268,510),(268,542),(248,542)
"FT"bounds: (270,514),(310,514),(310,537),(270,537)
"宁"bounds: (319,510),(337,510),(337,536),(319,536)
"KN"bounds: (826,531),(842,531),(842,542),(826,542)
"Zb"bounds: (852,531),(867,531),(867,542),(852,542)
"40.1-24"bounds: (877,525),(934,523),(935,542),(878,544)
"08-03-67-"bounds: (515,528),(589,529),(589,540),(515,539)
"10"bounds: (600,529),(615,529),(615,540),(600,540)
"-06-08"bounds: (624,529),(673,530),(673,541),(624,540)
"59-06-60-04-"bounds: (490,562),(589,563),(589,573),(490,572)
"10"bounds: (600,563),(614,563),(614,576),(600,576)
"-37-55"bounds: (624,564),(673,565),(673,575),(624,574)
"IO"bounds: (821,562),(856,561),(857,579),(822,580)
"Za"bounds: (858,560),(872,559),(873,578),(859,579)
"2a-b.25"bounds: (877,560),(934,558),(935,575),(878,577)
"59-06-28-301-"bounds: (481,596),(589,597),(589,607),(481,606)
"10"bounds: (600,597),(614,597),(614,607),(600,607)
"-37-55"bounds: (624,597),(672,597),(672,607),(624,607)
"IO"bounds: (822,596),(855,594),(856,611),(823,613)
"Za"bounds: (857,594),(870,593),(871,610),(858,611)
"65"bounds: (877,593),(892,592),(893,609),(878,610)
"57-59-28-301-"bounds: (481,629),(588,631),(588,642),(481,640)
"10"bounds: (597,631),(615,631),(615,644),(597,644)
"-57"bounds: (624,631),(647,631),(647,641),(624,641)
"АP"bounds: (824,631),(841,630),(841,641),(824,642)
"Za"bounds: (851,632),(866,631),(866,642),(851,643)
"14"bounds: (878,626),(891,626),(892,642),(879,642)
"ヤ"bounds: (153,643),(168,643),(167,669),(152,669)
"可"bounds: (176,643),(194,643),(193,669),(175,669)
"位"bounds: (198,643),(215,643),(214,668),(197,668)
"非非"bounds: (224,643),(264,644),(263,670),(223,669)
"-"bounds: (271,646),(281,646),(280,675),(270,675)
"["bounds: (289,646),(306,646),(305,671),(288,671)
"-"bounds: (312,657),(315,657),(315,658),(312,658)
"}"bounds: (317,642),(335,642),(334,678),(316,678)
"}"bounds: (340,647),(349,647),(348,677),(339,677)
"---"bounds: (451,649),(473,649),(473,652),(451,652)
"08-07-67-04-04-"bounds: (463,662),(589,663),(589,673),(463,672)
"10"bounds: (599,663),(614,663),(614,675),(599,675)
"-.7-01"bounds: (624,659),(697,660),(697,679),(624,678)
"*PK"bounds: (826,660),(850,660),(850,676),(826,676)
"Za"bounds: (860,664),(875,664),(875,676),(860,676)
"11a-b4"bounds: (886,658),(933,657),(933,676),(886,677)
"G"bounds: (450,695),(457,695),(457,705),(450,705)
"08-73-01-"bounds: (514,696),(588,697),(588,708),(514,707)
"10"bounds: (597,697),(615,697),(615,711),(597,711)
"ZA"bounds: (825,698),(841,697),(842,709),(826,710)
"10a.33"bounds: (852,693),(899,691),(900,709),(853,711)
"可"bounds: (222,711),(240,712),(239,735),(221,734)
"了"bounds: (245,713),(260,714),(259,737),(244,736)
"F"bounds: (272,715),(286,716),(285,739),(271,738)
"07-06-"bounds: (539,728),(588,730),(588,741),(539,739)
"10"bounds: (597,729),(616,730),(615,745),(596,744)
"HT"bounds: (825,731),(841,731),(841,742),(825,742)
"9a.3,b.5'"bounds: (851,723),(923,724),(923,750),(851,749)
"16.1-2'"bounds: (937,724),(990,724),(990,743),(937,743)
"25a.1,2'"bounds: (1004,725),(1066,725),(1066,752),(1004,752)
"个"bounds: (223,775),(242,775),(241,798),(222,798)
"日"bounds: (248,777),(263,777),(262,801),(247,801)
"6"bounds: (273,777),(287,777),(286,801),(272,801)
"KN"bounds: (825,766),(841,766),(841,777),(825,777)
"Zb(27>4"bounds: (850,760),(906,759),(906,778),(850,779)
"*HT"bounds: (824,785),(849,784),(849,802),(824,803)
"128b.21"bounds: (860,785),(914,784),(914,803),(860,804)
"26-54-"bounds: (539,790),(587,790),(587,800),(539,800)
"10"bounds: (599,790),(613,790),(613,800),(599,800)
"78-76-"bounds: (540,821),(588,824),(587,837),(539,834)
"10"bounds: (597,823),(615,824),(614,838),(596,837)
"HT"bounds: (824,825),(840,825),(840,835),(824,835)
"1.1'"bounds: (852,817),(880,817),(880,836),(852,836)
"95a.4-5,b.4-s'"bounds: (893,817),(1006,817),(1006,839),(893,839)
"HT"bounds: (824,892),(840,892),(840,902),(824,902)
"2.1.3'"bounds: (851,883),(897,884),(897,904),(851,903)
"21.2'"bounds: (910,884),(947,885),(947,904),(910,903)
"28a.2'"bounds: (961,884),(1006,885),(1006,906),(961,905)
"42+759.1.2.7"bounds: (1016,884),(1145,887),(1144,915),(1015,912)
"44a.2'"bounds: (850,918),(896,918),(896,937),(850,937)
"58.21"bounds: (910,918),(947,918),(947,942),(910,942)
"91.21"bounds: (960,919),(998,919),(998,938),(960,938)
"96.3'"bounds: (1011,919),(1057,919),(1057,938),(1011,938)
"100.5'"bounds: (1071,920),(1116,920),(1116,939),(1071,939)
"101.2[.3].4'"bounds: (851,951),(947,952),(947,975),(851,974)
"125a.2'"bounds: (961,953),(1014,953),(1014,971),(961,971)
"140.4.4.5.6'"bounds: (1028,953),(1124,954),(1124,980),(1028,979)
"TY"bounds: (823,993),(840,993),(840,1006),(823,1006)
"3a.1.2.5'"bounds: (849,986),(921,985),(921,1010),(849,1011)
"A"bounds: (203,886),(212,886),(212,902),(203,902)
"610"bounds: (213,889),(236,889),(236,900),(213,900)
"H"bounds: (451,888),(458,888),(458,898),(451,898)
"302+"bounds: (556,890),(587,891),(586,902),(555,901)
"10"bounds: (597,891),(615,892),(614,905),(596,904)
"A"bounds: (204,1011),(215,1011),(215,1030),(204,1030)
"619"bounds: (217,1010),(235,1010),(235,1029),(217,1029)
"*"bounds: (256,1009),(274,1009),(274,1028),(256,1028)
"302+67"bounds: (530,1024),(577,1025),(577,1036),(530,1035)
"'10'"bounds: (591,1024),(619,1025),(619,1036),(591,1035)
"TY"bounds: (823,1027),(839,1026),(840,1038),(824,1039)
"3a.31"bounds: (848,1022),(887,1019),(888,1037),(849,1040)
"168"bounds: (59,1506),(93,1508),(92,1526),(58,1524)