Texts:

"IO Za 8
éch. 1:1
HM 3783. "Table à libations".
30
"bounds: (65,62),(903,62),(903,1528),(65,1528)
"IO"bounds: (65,62),(119,62),(119,83),(65,83)
"Za"bounds: (121,62),(148,62),(148,83),(121,83)
"8"bounds: (156,65),(166,65),(166,81),(156,81)
"éch."bounds: (593,641),(624,641),(624,656),(593,656)
"1:1"bounds: (636,642),(668,642),(668,656),(636,656)
"HM"bounds: (386,1272),(439,1272),(439,1303),(386,1303)
"3783."bounds: (462,1273),(569,1272),(569,1301),(462,1302)
""Table"bounds: (592,1266),(693,1265),(693,1303),(592,1304)
"à"bounds: (710,1275),(727,1275),(727,1296),(710,1296)
"libations"."bounds: (756,1268),(903,1267),(903,1299),(756,1300)
"30"bounds: (69,1511),(93,1511),(93,1528),(69,1528)