Texts:

"PH 29 a
PH 29 b
MSPH(?) C3,00]k[3,40]x 0,60 Cm.
PH 30
HM 1537 - [3,80]x [3,00]x o,80cm.
316
"bounds: (59,65),(1184,65),(1184,1526),(59,1526)
"PH"bounds: (59,66),(93,66),(93,83),(59,83)
"29"bounds: (105,66),(130,66),(130,83),(105,83)
"a"bounds: (138,72),(150,72),(150,83),(138,83)
"PH"bounds: (1092,65),(1127,65),(1127,81),(1092,81)
"29"bounds: (1139,66),(1163,66),(1163,82),(1139,82)
"b"bounds: (1172,65),(1184,65),(1184,83),(1172,83)
"MSPH(?)"bounds: (272,769),(329,770),(329,786),(272,785)
"C3,00]k[3,40]x"bounds: (338,769),(424,771),(424,788),(338,786)
"0,60"bounds: (426,771),(446,771),(446,787),(426,787)
"Cm."bounds: (448,771),(463,771),(463,788),(448,788)
"PH"bounds: (60,1130),(94,1131),(94,1148),(60,1147)
"30"bounds: (108,1130),(132,1131),(132,1148),(108,1147)
"HM"bounds: (782,1424),(809,1424),(809,1440),(782,1440)
"1537"bounds: (819,1426),(852,1426),(852,1440),(819,1440)
"-"bounds: (864,1433),(869,1433),(869,1434),(864,1434)
"[3,80]x"bounds: (875,1424),(933,1425),(933,1442),(875,1441)
"[3,00]x"bounds: (941,1424),(995,1425),(995,1442),(941,1441)
"o,80cm."bounds: (1003,1429),(1062,1430),(1062,1443),(1003,1442)
"316"bounds: (60,1509),(96,1509),(96,1526),(60,1526)