Texts:

"INSCRIPTIONS EN LINÉAIRE A
Wa 1635
Wa 1636
Wa 1637
HM 435.12
HM 435.13
HM 435.14
Wa 1639
Wa 1640
Wa 1638
HM 435.15
HM 435.16
HM 435.17
Wa 1641
Wa 1642
Wa 1643
HM 435.18
HM 435.19
HM 435.20
Wa 1644
Wa 1645
Wa 1646
HM 435.24
HM 435.22
HM 435.23
Wa 1648
Wa 1649
Wa 1647
HM 435.24.
HM435.25
HM 435.26
52
"bounds: (78,63),(1170,63),(1170,1514),(78,1514)
"INSCRIPTIONS"bounds: (515,66),(639,66),(639,77),(515,77)
"EN"bounds: (651,67),(673,67),(673,77),(651,77)
"LINÉAIRE"bounds: (684,63),(768,63),(768,78),(684,78)
"A"bounds: (780,68),(789,68),(789,78),(780,78)
"Wa"bounds: (239,140),(270,140),(270,155),(239,155)
"1635"bounds: (284,140),(324,140),(324,156),(284,156)
"Wa"bounds: (607,144),(638,144),(638,158),(607,158)
"1636"bounds: (653,144),(694,145),(694,159),(653,158)
"Wa"bounds: (972,146),(1004,147),(1004,161),(972,160)
"1637"bounds: (1018,145),(1059,146),(1059,162),(1018,161)
"HM"bounds: (363,341),(387,341),(387,354),(363,354)
"435.12"bounds: (398,340),(460,341),(460,356),(398,355)
"HM"bounds: (710,342),(737,343),(736,358),(709,357)
"435.13"bounds: (747,344),(813,347),(812,361),(746,358)
"HM"bounds: (1077,348),(1103,348),(1103,363),(1077,363)
"435.14"bounds: (1109,348),(1162,348),(1162,362),(1109,362)
"Wa"bounds: (611,412),(642,412),(642,425),(611,425)
"1639"bounds: (657,411),(697,411),(697,426),(657,426)
"Wa"bounds: (972,412),(1003,412),(1003,427),(972,427)
"1640"bounds: (1017,413),(1059,413),(1059,427),(1017,427)
"Wa"bounds: (241,410),(272,410),(272,424),(241,424)
"1638"bounds: (287,410),(327,410),(327,424),(287,424)
"HM"bounds: (377,612),(400,614),(399,629),(376,627)
"435.15"bounds: (409,613),(466,617),(465,632),(408,628)
"HM"bounds: (725,615),(749,615),(749,628),(725,628)
"435.16"bounds: (759,614),(819,615),(819,631),(759,630)
"HM"bounds: (1074,618),(1099,619),(1099,633),(1074,632)
"435.17"bounds: (1109,618),(1167,620),(1167,634),(1109,632)
"Wa"bounds: (239,678),(270,679),(270,693),(239,692)
"1641"bounds: (285,678),(324,679),(324,694),(285,693)
"Wa"bounds: (609,681),(641,682),(641,696),(609,695)
"1642"bounds: (655,681),(696,682),(696,697),(655,696)
"Wa"bounds: (972,682),(1003,682),(1003,696),(972,696)
"1643"bounds: (1017,683),(1058,684),(1058,699),(1017,698)
"HM"bounds: (358,878),(383,879),(382,893),(357,892)
"435.18"bounds: (392,879),(456,882),(455,898),(391,895)
"HM"bounds: (720,888),(739,888),(739,901),(720,901)
"435.19"bounds: (745,887),(801,887),(801,901),(745,901)
"HM"bounds: (1076,888),(1100,888),(1100,901),(1076,901)
"435.20"bounds: (1108,887),(1164,888),(1164,902),(1108,901)
"Wa"bounds: (243,948),(273,949),(273,963),(243,962)
"1644"bounds: (288,949),(329,950),(329,964),(288,963)
"Wa"bounds: (609,950),(640,951),(640,966),(609,965)
"1645"bounds: (654,951),(695,952),(695,967),(654,966)
"Wa"bounds: (969,955),(1000,956),(1000,970),(969,969)
"1646"bounds: (1014,955),(1055,956),(1054,972),(1013,971)
"HM"bounds: (364,1151),(390,1152),(389,1167),(363,1166)
"435.24"bounds: (396,1152),(452,1154),(451,1169),(395,1167)
"HM"bounds: (714,1153),(738,1154),(737,1168),(713,1167)
"435.22"bounds: (746,1154),(809,1157),(808,1172),(745,1169)
"HM"bounds: (1069,1158),(1096,1159),(1096,1174),(1069,1173)
"435.23"bounds: (1104,1159),(1170,1161),(1169,1176),(1104,1174)
"Wa"bounds: (608,1223),(638,1223),(638,1237),(608,1237)
"1648"bounds: (653,1222),(694,1222),(694,1238),(653,1238)
"Wa"bounds: (969,1225),(1001,1226),(1001,1240),(969,1239)
"1649"bounds: (1015,1225),(1055,1226),(1055,1242),(1015,1241)
"Wa"bounds: (236,1224),(267,1224),(267,1238),(236,1238)
"1647"bounds: (281,1224),(322,1224),(322,1239),(281,1239)
"HM"bounds: (362,1419),(387,1420),(386,1435),(361,1434)
"435.24."bounds: (395,1420),(457,1422),(456,1438),(394,1436)
"HM435.25"bounds: (727,1424),(812,1424),(812,1439),(727,1439)
"HM"bounds: (1060,1425),(1086,1425),(1086,1441),(1060,1441)
"435.26"bounds: (1095,1426),(1165,1426),(1165,1441),(1095,1441)
"52"bounds: (78,1497),(101,1497),(101,1514),(78,1514)