Texts:

"VII. Zg INSCRIPTIONS SUR SUPPORTS VARIÉS
1. KNOSSOS
"bounds: (281,373),(903,373),(903,750),(281,750)
"VII."bounds: (281,381),(326,380),(326,403),(281,404)
"Zg"bounds: (346,379),(378,379),(378,404),(346,404)
"INSCRIPTIONS"bounds: (387,381),(574,378),(574,397),(387,400)
"SUR"bounds: (592,379),(641,378),(641,396),(592,397)
"SUPPORTS"bounds: (659,378),(790,376),(790,395),(659,397)
"VARIÉS"bounds: (807,374),(903,373),(903,394),(807,395)
"1."bounds: (486,721),(506,721),(506,749),(486,749)
"KNOSSOS"bounds: (531,720),(711,718),(711,748),(531,750)