Texts:

"5. CONCORDANCE GÉOGRAPHIQUE!
Colonne 1 : Provenance (nom du site).
Colonne 2: Provenance (abréviation du nom du site).
Colonne 3 Type de document (tablette, Wa-Wc, Za-Zg) avec, en
exposant, le no du volume de GORILA où se trouvent les
documents dont le nombre est indiqué dans la colonne 4.
Colonne 4 : Nombre de documents, du type indiqué dans la colonne
précédente.
Colonne 5 : Nombre total de documents, par site.
APODOULOU...
(AP)
Zat
3
3
ARKALOKHORI..
(AR)
(ARKH) Tablettes
2
2
ARKHANÈS...
7
7
CRÈTE (?)..
(CR)
(GO)
(HT)
1
1
GOURNIA....
We
1
1
HAGHIA TRIADA.
Tablettes!
147
Wa*
861
Wba
2
Wc
21
1039
Wc
1
Zb4
4
Zd+
HAGHIOS STÉPHANOS....
(HS)
Zgš
1
1
ΙουKTAs. . . . . .
(I0)
Zaš
8.
Zb5
1
KARDAMOUTSA.
(KA)
1
1
KÉA..
(KE)
Tablette!
1
Wc
1
5
Zb4
3
KHANIA...
(KH)
Tablettes
85
Tablettes
Wa3
20
197
Wc
86
(1) Pour la localisation des toponymes cités, on se reportera à la carte de la p. XXIII de GORILA 4
(où ne pouvait toutefois pas encore être évoqué Haghios Stéphanos, dans le Sud de la Laconie).
"bounds: (255,334),(1053,334),(1053,1334),(255,1334)
"5."bounds: (424,337),(439,337),(439,353),(424,353)
"CONCORDANCE"bounds: (459,336),(647,337),(647,355),(459,354)
"GÉOGRAPHIQUE!"bounds: (668,334),(881,335),(881,359),(668,358)
"Colonne"bounds: (256,426),(337,427),(337,445),(256,444)
"1"bounds: (353,427),(361,427),(361,444),(353,444)
":"bounds: (378,434),(380,434),(380,444),(378,444)
"Provenance"bounds: (396,428),(517,429),(517,445),(396,444)
"(nom"bounds: (533,428),(584,429),(584,450),(533,449)
"du"bounds: (599,429),(624,429),(624,445),(599,445)
"site)."bounds: (639,429),(687,430),(687,450),(639,449)
"Colonne"bounds: (256,458),(337,458),(337,474),(256,474)
"2:"bounds: (352,459),(380,459),(380,475),(352,475)
"Provenance"bounds: (396,459),(517,460),(517,476),(396,475)
"(abréviation"bounds: (533,459),(659,460),(659,480),(533,479)
"du"bounds: (674,459),(699,459),(699,476),(674,476)
"nom"bounds: (714,466),(757,466),(757,476),(714,476)
"du"bounds: (772,460),(797,460),(797,477),(772,477)
"site)."bounds: (812,460),(859,460),(859,481),(812,481)
"Colonne"bounds: (262,485),(337,485),(337,510),(262,510)
"3"bounds: (349,486),(363,486),(363,511),(349,511)
"Type"bounds: (396,490),(447,490),(447,511),(396,511)
"de"bounds: (469,489),(490,489),(490,506),(469,506)
"document"bounds: (511,489),(613,490),(613,507),(511,506)
"(tablette,"bounds: (635,490),(729,491),(729,513),(635,512)
"Wa-Wc,"bounds: (749,490),(837,490),(837,510),(749,510)
"Za-Zg)"bounds: (859,489),(935,489),(935,513),(859,513)
"avec,"bounds: (957,498),(1008,498),(1008,512),(957,512)
"en"bounds: (1030,497),(1052,497),(1052,507),(1030,507)
"exposant,"bounds: (396,524),(494,524),(494,542),(396,542)
"le"bounds: (511,521),(527,521),(527,537),(511,537)
"no"bounds: (544,523),(565,523),(565,537),(544,537)
"du"bounds: (581,521),(605,521),(605,537),(581,537)
"volume"bounds: (621,521),(697,521),(697,537),(621,537)
"de"bounds: (713,521),(735,521),(735,537),(713,537)
"GORILA"bounds: (752,521),(827,521),(827,538),(752,538)
"où"bounds: (844,523),(867,523),(867,538),(844,538)
"se"bounds: (886,528),(904,528),(904,538),(886,538)
"trouvent"bounds: (920,526),(1011,526),(1011,539),(920,539)
"les"bounds: (1027,523),(1053,523),(1053,539),(1027,539)
"documents"bounds: (396,551),(507,551),(507,568),(396,568)
"dont"bounds: (523,552),(569,552),(569,568),(523,568)
"le"bounds: (584,552),(600,552),(600,568),(584,568)
"nombre"bounds: (616,552),(693,552),(693,568),(616,568)
"est"bounds: (710,556),(737,556),(737,569),(710,569)
"indiqué"bounds: (752,552),(829,552),(829,574),(752,574)
"dans"bounds: (845,553),(891,553),(891,569),(845,569)
"la"bounds: (909,553),(925,553),(925,570),(909,570)
"colonne"bounds: (942,553),(1020,553),(1020,570),(942,570)
"4."bounds: (1036,554),(1052,554),(1052,570),(1036,570)
"Colonne"bounds: (256,581),(337,581),(337,598),(256,598)
"4"bounds: (352,582),(362,582),(362,599),(352,599)
":"bounds: (374,580),(388,580),(388,603),(374,603)
"Nombre"bounds: (396,582),(478,582),(478,599),(396,599)
"de"bounds: (497,582),(518,582),(518,599),(497,599)
"documents,"bounds: (537,583),(654,584),(654,603),(537,602)
"du"bounds: (673,583),(698,583),(698,599),(673,599)
"type"bounds: (715,587),(761,587),(761,605),(715,605)
"indiqué"bounds: (779,583),(855,583),(855,605),(779,605)
"dans"bounds: (873,584),(919,584),(919,601),(873,601)
"la"bounds: (940,585),(956,585),(956,601),(940,601)
"colonne"bounds: (975,585),(1053,585),(1053,601),(975,601)
"précédente."bounds: (395,615),(513,611),(514,631),(396,635)
"Colonne"bounds: (256,643),(337,644),(337,660),(256,659)
"5"bounds: (352,643),(361,643),(361,660),(352,660)
":"bounds: (376,641),(385,641),(385,663),(376,663)
"Nombre"bounds: (396,643),(478,644),(478,661),(396,660)
"total"bounds: (489,644),(536,644),(536,660),(489,660)
"de"bounds: (548,644),(569,644),(569,660),(548,660)
"documents,"bounds: (580,644),(697,645),(697,666),(580,665)
"par"bounds: (709,651),(742,651),(742,665),(709,665)
"site."bounds: (752,645),(791,645),(791,662),(752,662)
"APODOULOU..."bounds: (362,722),(473,724),(473,735),(362,733)
"(AP)"bounds: (647,722),(679,721),(679,737),(647,738)
"Zat"bounds: (723,723),(745,723),(745,734),(723,734)
"3"bounds: (882,724),(889,724),(889,735),(882,735)
"3"bounds: (975,724),(982,724),(982,735),(975,735)
"ARKALOKHORI.."bounds: (361,746),(481,748),(481,759),(361,757)
"(AR)"bounds: (646,747),(681,746),(681,761),(646,762)
"(ARKH)"bounds: (647,771),(711,771),(711,785),(647,785)
"Tablettes"bounds: (721,768),(791,768),(791,785),(721,785)
"2"bounds: (881,748),(889,748),(889,759),(881,759)
"2"bounds: (975,748),(982,748),(982,759),(975,759)
"ARKHANÈS..."bounds: (362,770),(464,771),(464,783),(362,782)
"7"bounds: (882,772),(889,772),(889,783),(882,783)
"7"bounds: (976,773),(982,773),(982,784),(976,784)
"CRÈTE"bounds: (361,794),(409,795),(409,807),(361,806)
"(?).."bounds: (420,795),(455,796),(455,810),(420,809)
"(CR)"bounds: (647,795),(679,795),(679,810),(647,810)
"(GO)"bounds: (647,819),(678,819),(678,834),(647,834)
"(HT)"bounds: (647,843),(681,844),(681,859),(647,858)
"1"bounds: (883,797),(887,797),(887,807),(883,807)
"1"bounds: (977,797),(980,797),(980,807),(977,807)
"GOURNIA...."bounds: (361,819),(457,821),(457,832),(361,830)
"We"bounds: (722,820),(750,820),(750,831),(722,831)
"1"bounds: (883,821),(887,821),(887,831),(883,831)
"1"bounds: (977,821),(980,821),(980,832),(977,832)
"HAGHIA"bounds: (362,844),(420,844),(420,854),(362,854)
"TRIADA."bounds: (431,844),(492,844),(492,854),(431,854)
"Tablettes!"bounds: (722,845),(797,844),(797,856),(722,857)
"147"bounds: (866,846),(889,846),(889,856),(866,856)
"Wa*"bounds: (722,865),(752,865),(752,876),(722,876)
"861"bounds: (864,866),(887,866),(887,876),(864,876)
"Wba"bounds: (722,885),(753,884),(753,895),(722,896)
"2"bounds: (882,886),(889,886),(889,896),(882,896)
"Wc"bounds: (722,905),(751,904),(751,915),(722,916)
"21"bounds: (872,905),(887,905),(887,916),(872,916)
"1039"bounds: (950,906),(981,906),(981,917),(950,917)
"Wc"bounds: (722,925),(750,925),(750,935),(722,935)
"1"bounds: (883,925),(887,925),(887,936),(883,936)
"Zb4"bounds: (722,945),(746,945),(746,955),(722,955)
"4"bounds: (882,945),(889,945),(889,956),(882,956)
"Zd+"bounds: (723,965),(746,965),(746,975),(723,975)
"HAGHIOS"bounds: (360,988),(427,989),(427,999),(360,998)
"STÉPHANOS...."bounds: (438,988),(551,989),(551,1000),(438,999)
"(HS)"bounds: (645,988),(678,988),(678,1003),(645,1003)
"Zgš"bounds: (721,989),(744,989),(744,1003),(721,1003)
"1"bounds: (882,990),(885,990),(885,1001),(882,1001)
"1"bounds: (976,990),(979,990),(979,1001),(976,1001)
"ΙουKTAs."bounds: (362,1012),(431,1014),(431,1025),(362,1023)
"."bounds: (437,1022),(438,1022),(438,1023),(437,1023)
"."bounds: (445,1022),(447,1022),(447,1023),(445,1023)
"."bounds: (453,1022),(455,1022),(455,1023),(453,1023)
"."bounds: (462,1021),(464,1021),(464,1023),(462,1023)
"."bounds: (471,1022),(473,1022),(473,1024),(471,1024)
"(I0)"bounds: (646,1013),(673,1013),(673,1027),(646,1027)
"Zaš"bounds: (722,1013),(745,1013),(745,1024),(722,1024)
"8."bounds: (882,1014),(888,1014),(888,1025),(882,1025)
"Zb5"bounds: (723,1033),(746,1033),(746,1044),(723,1044)
"1"bounds: (883,1034),(887,1034),(887,1045),(883,1045)
"KARDAMOUTSA."bounds: (361,1056),(477,1059),(477,1070),(361,1067)
"(KA)"bounds: (645,1057),(680,1057),(680,1071),(645,1071)
"1"bounds: (882,1058),(886,1058),(886,1069),(882,1069)
"1"bounds: (976,1059),(980,1059),(980,1069),(976,1069)
"KÉA.."bounds: (361,1080),(406,1081),(406,1092),(361,1091)
"(KE)"bounds: (646,1081),(680,1082),(680,1097),(646,1096)
"Tablette!"bounds: (721,1083),(789,1082),(789,1093),(721,1094)
"1"bounds: (883,1083),(887,1083),(887,1093),(883,1093)
"Wc"bounds: (722,1102),(750,1102),(750,1113),(722,1113)
"1"bounds: (883,1103),(886,1103),(886,1113),(883,1113)
"5"bounds: (974,1104),(981,1104),(981,1113),(974,1113)
"Zb4"bounds: (722,1122),(746,1122),(746,1133),(722,1133)
"3"bounds: (881,1123),(888,1123),(888,1133),(881,1133)
"KHANIA..."bounds: (363,1145),(443,1147),(443,1158),(363,1156)
"(KH)"bounds: (647,1145),(684,1146),(683,1161),(646,1160)
"Tablettes"bounds: (722,1144),(793,1144),(793,1159),(722,1159)
"85"bounds: (873,1148),(889,1148),(889,1158),(873,1158)
"Tablettes"bounds: (722,1167),(797,1167),(797,1178),(722,1179)
"Wa3"bounds: (721,1187),(753,1187),(753,1198),(721,1198)
"20"bounds: (872,1187),(888,1187),(888,1198),(872,1198)
"197"bounds: (958,1188),(981,1188),(981,1199),(958,1199)
"Wc"bounds: (721,1207),(751,1207),(751,1218),(721,1218)
"86"bounds: (872,1207),(888,1207),(888,1218),(872,1218)
"(1)"bounds: (304,1296),(321,1296),(321,1310),(304,1310)
"Pour"bounds: (334,1297),(369,1297),(369,1307),(334,1307)
"la"bounds: (376,1296),(387,1296),(387,1307),(376,1307)
"localisation"bounds: (395,1296),(481,1296),(481,1309),(395,1309)
"des"bounds: (489,1298),(511,1298),(511,1309),(489,1309)
"toponymes"bounds: (519,1298),(601,1298),(601,1311),(519,1311)
"cités,"bounds: (608,1298),(645,1298),(645,1312),(608,1312)
"on"bounds: (654,1302),(670,1302),(670,1310),(654,1310)
"se"bounds: (678,1302),(690,1302),(690,1310),(678,1310)
"reportera"bounds: (698,1299),(767,1299),(767,1312),(698,1312)
"à"bounds: (775,1299),(781,1299),(781,1310),(775,1310)
"la"bounds: (789,1299),(800,1299),(800,1310),(789,1310)
"carte"bounds: (808,1300),(845,1300),(845,1311),(808,1311)
"de"bounds: (853,1300),(868,1300),(868,1310),(853,1310)
"la"bounds: (875,1300),(887,1300),(887,1310),(875,1310)
"p."bounds: (895,1303),(907,1303),(907,1313),(895,1313)
"XXIII"bounds: (915,1297),(958,1297),(958,1313),(915,1313)
"de"bounds: (960,1300),(976,1300),(976,1311),(960,1311)
"GORILA"bounds: (984,1300),(1039,1300),(1039,1311),(984,1311)
"4"bounds: (1047,1301),(1053,1301),(1053,1311),(1047,1311)
"(où"bounds: (255,1316),(277,1316),(277,1331),(255,1331)
"ne"bounds: (285,1320),(301,1320),(301,1327),(285,1327)
"pouvait"bounds: (309,1316),(367,1316),(367,1331),(309,1331)
"toutefois"bounds: (375,1316),(440,1316),(440,1329),(375,1329)
"pas"bounds: (448,1321),(472,1321),(472,1332),(448,1332)
"encore"bounds: (480,1321),(527,1321),(527,1329),(480,1329)
"être"bounds: (536,1317),(563,1317),(563,1329),(536,1329)
"évoqué"bounds: (571,1318),(624,1318),(624,1332),(571,1332)
"Haghios"bounds: (633,1318),(694,1318),(694,1333),(633,1333)
"Stéphanos,"bounds: (702,1319),(784,1319),(784,1333),(702,1333)
"dans"bounds: (793,1320),(826,1320),(826,1330),(793,1330)
"le"bounds: (833,1319),(844,1319),(844,1330),(833,1330)
"Sud"bounds: (852,1319),(879,1319),(879,1330),(852,1330)
"de"bounds: (887,1319),(903,1319),(903,1330),(887,1330)
"la"bounds: (911,1319),(923,1319),(923,1330),(911,1330)
"Laconie)."bounds: (931,1320),(1000,1320),(1000,1334),(931,1334)