Texts:

"XXIV
INSCRIPTIONS EN LINÉAIRE A
501
510
A
519
A
528
534
546
中
46 +c?3+50
44+0구
A
01'02'
56'78'
680+26C
502
A
511
A
520
529 A
538
A
S4구
01+23+09
16+?'56"23'
369+92
539 A
28+ 301
57+26
41+09
A
503
A
512 A
524
530 A
548
31+23+81
513
コ+57
41+13
57+77
21+41
A
531 A
A
504
522 A
इपoा A
549
YFA
书
'31' 131a'
A
02t020
41+13 '67'
58+73
A
505
A
514
523
A
532 A
541 A
550
平
24 C367'
37+08
A
41+66
60+구구
73+53+26
04t025
506 A
515
524
533 A
542
551
10
o778'
507
'37'442 AS 44303' 65+31718'
$34
多+S +28
543
27+09
516
A
S25
A
A
S52
怖 単
[ ]
43 131 a'
508
28+c?]
A
66"303
535 A
73+$7+77
S44
38+C그
51+C 긔
517
526 A
S3
'73 301'
545
54+84
167+CJ
'28420 to3'
A
38+77
A
509
A
518
S27
536 A
554
图
40+구4c
54 +312
67+23
子7+08
3. Signes complexes.
"bounds: (229,81),(1103,81),(1103,1475),(229,1475)
"XXIV"bounds: (251,87),(294,86),(294,97),(251,98)
"INSCRIPTIONS"bounds: (518,86),(635,84),(635,95),(518,97)
"EN"bounds: (648,86),(669,86),(669,95),(648,95)
"LINÉAIRE"bounds: (683,82),(764,81),(764,96),(683,97)
"A"bounds: (777,86),(786,86),(786,95),(777,95)
"501"bounds: (319,131),(356,131),(356,150),(319,150)
"510"bounds: (471,135),(500,135),(500,149),(471,149)
"A"bounds: (532,132),(547,132),(547,150),(532,150)
"519"bounds: (613,135),(648,135),(648,152),(613,152)
"A"bounds: (678,132),(693,132),(693,150),(678,150)
"528"bounds: (765,134),(796,133),(796,149),(765,150)
"534"bounds: (910,132),(941,132),(941,149),(910,149)
"546"bounds: (1051,130),(1096,130),(1096,149),(1051,149)
"中"bounds: (726,200),(760,200),(760,239),(726,239)
"46"bounds: (372,251),(419,247),(422,278),(375,282)
"+c?3+50"bounds: (421,247),(499,240),(501,271),(424,278)
"44"bounds: (690,253),(725,253),(725,275),(690,275)
"+"bounds: (727,253),(740,253),(740,275),(727,275)
"0"bounds: (737,262),(746,262),(746,270),(737,270)
"구"bounds: (750,258),(761,258),(761,272),(750,272)
"A"bounds: (680,280),(695,280),(695,298),(680,298)
"01'02'"bounds: (245,255),(316,252),(317,274),(246,277)
"56'78'"bounds: (840,254),(919,253),(919,274),(840,275)
"680+26C"bounds: (954,253),(1082,252),(1082,275),(954,276)
"502"bounds: (321,283),(354,283),(354,303),(321,303)
"A"bounds: (386,282),(403,282),(403,302),(386,302)
"511"bounds: (470,286),(494,286),(494,302),(470,302)
"A"bounds: (531,282),(547,282),(547,301),(531,301)
"520"bounds: (613,283),(647,282),(647,301),(613,302)
"529"bounds: (765,279),(804,278),(804,302),(765,303)
"A"bounds: (825,280),(842,280),(842,300),(825,300)
"538"bounds: (912,283),(946,283),(946,300),(912,300)
"A"bounds: (974,279),(989,279),(989,297),(974,297)
"S4"bounds: (1060,283),(1079,283),(1079,299),(1060,299)
"구"bounds: (1081,285),(1090,285),(1090,299),(1081,299)
"01+23+09"bounds: (229,400),(328,398),(328,418),(229,420)
"16+?'56"23'"bounds: (360,397),(503,392),(504,423),(361,428)
"369+92"bounds: (977,400),(1070,402),(1070,426),(977,424)
"539"bounds: (914,425),(959,424),(960,446),(915,447)
"A"bounds: (977,423),(990,423),(991,445),(978,445)
"28+"bounds: (549,403),(586,403),(586,420),(549,420)
"301"bounds: (593,403),(629,403),(629,419),(593,419)
"57+26"bounds: (846,401),(913,401),(913,419),(846,419)
"41+09"bounds: (700,403),(769,404),(769,423),(700,422)
"A"bounds: (678,426),(695,426),(695,445),(678,445)
"503"bounds: (325,431),(354,431),(354,451),(325,451)
"A"bounds: (386,427),(403,427),(403,447),(386,447)
"512"bounds: (472,432),(501,429),(503,452),(474,455)
"A"bounds: (530,427),(553,425),(555,444),(532,446)
"524"bounds: (616,431),(648,431),(648,448),(616,448)
"530"bounds: (768,426),(804,424),(805,447),(769,449)
"A"bounds: (830,423),(843,422),(844,444),(831,445)
"548"bounds: (1058,424),(1095,424),(1095,443),(1058,443)
"31+23+81"bounds: (522,549),(646,544),(647,563),(523,568)
"513"bounds: (474,569),(506,568),(506,588),(474,589)
"コ"bounds: (971,542),(1001,542),(1001,571),(971,571)
"+57"bounds: (1003,541),(1061,541),(1061,571),(1003,571)
"41+13"bounds: (697,547),(771,547),(771,567),(697,567)
"57+77"bounds: (848,546),(915,546),(915,563),(848,563)
"21+41"bounds: (392,550),(468,548),(469,567),(393,569)
"A"bounds: (386,571),(404,571),(404,590),(386,590)
"531"bounds: (768,566),(807,567),(806,588),(767,587)
"A"bounds: (832,568),(844,568),(843,589),(831,589)
"A"bounds: (240,573),(256,573),(256,594),(240,594)
"504"bounds: (327,574),(355,574),(355,589),(327,589)
"522"bounds: (619,569),(653,569),(653,591),(619,591)
"A"bounds: (682,569),(695,569),(695,591),(682,591)
"इपoा"bounds: (906,566),(972,569),(971,588),(905,585)
"A"bounds: (975,569),(992,570),(991,588),(974,587)
"549"bounds: (1057,567),(1100,566),(1100,588),(1057,589)
"YFA"bounds: (555,626),(635,626),(635,692),(555,692)
"书"bounds: (444,651),(476,651),(476,680),(444,680)
"'31'"bounds: (525,688),(578,687),(579,717),(526,718)
"131a'"bounds: (580,688),(643,687),(644,716),(581,717)
"A"bounds: (533,721),(548,721),(548,738),(533,738)
"02t020"bounds: (257,698),(341,698),(341,717),(257,717)
"41+13"bounds: (670,692),(733,690),(734,715),(671,717)
"'67'"bounds: (740,689),(789,687),(790,713),(741,715)
"58+73"bounds: (836,693),(913,695),(912,715),(836,713)
"A"bounds: (241,719),(255,719),(255,739),(241,739)
"505"bounds: (327,724),(354,724),(354,741),(327,741)
"A"bounds: (388,721),(405,721),(405,741),(388,741)
"514"bounds: (476,724),(503,724),(503,741),(476,741)
"523"bounds: (621,721),(654,721),(654,739),(621,739)
"A"bounds: (683,717),(697,717),(697,734),(683,734)
"532"bounds: (769,718),(806,717),(807,739),(770,740)
"A"bounds: (828,717),(844,717),(844,734),(828,734)
"541"bounds: (912,719),(954,717),(955,740),(913,742)
"A"bounds: (975,715),(996,714),(997,733),(976,734)
"550"bounds: (1063,717),(1099,717),(1099,736),(1063,736)
"平"bounds: (736,776),(761,776),(761,825),(736,825)
"24"bounds: (381,832),(421,832),(421,862),(381,862)
"C367'"bounds: (434,832),(504,832),(504,863),(434,863)
"37+08"bounds: (543,843),(619,842),(619,857),(543,858)
"A"bounds: (537,863),(551,863),(551,881),(537,881)
"41+66"bounds: (698,839),(762,837),(762,854),(698,856)
"60+"bounds: (846,837),(879,838),(879,856),(846,855)
"구구"bounds: (881,836),(907,837),(906,859),(880,858)
"73+53+26"bounds: (976,833),(1085,829),(1086,857),(977,861)
"04t025"bounds: (250,843),(339,843),(339,864),(250,864)
"506"bounds: (330,862),(365,861),(365,884),(330,885)
"A"bounds: (390,862),(403,862),(403,884),(390,884)
"515"bounds: (479,866),(505,865),(505,884),(479,885)
"524"bounds: (624,867),(652,867),(652,885),(624,885)
"533"bounds: (770,863),(805,862),(806,883),(771,884)
"A"bounds: (833,861),(846,861),(847,882),(834,882)
"542"bounds: (916,862),(948,863),(947,886),(915,885)
"551"bounds: (1058,862),(1101,861),(1101,880),(1058,881)
"10"bounds: (296,942),(333,941),(334,976),(297,977)
"o778'"bounds: (259,983),(338,978),(340,1007),(261,1012)
"507"bounds: (322,1008),(364,1008),(364,1030),(322,1030)
"'37'442"bounds: (538,975),(621,976),(621,1007),(538,1006)
"AS"bounds: (623,976),(652,976),(652,1006),(623,1006)
"44303'"bounds: (685,976),(791,977),(791,1008),(685,1007)
"65+31718'"bounds: (820,977),(936,978),(936,1009),(820,1008)
"$34"bounds: (766,1006),(808,1007),(807,1025),(765,1024)
"多"bounds: (977,981),(987,981),(987,1000),(977,1000)
"+"bounds: (999,978),(1018,978),(1018,1003),(999,1003)
"S"bounds: (1020,978),(1031,978),(1031,1003),(1020,1003)
"+28"bounds: (1050,982),(1084,982),(1084,997),(1050,997)
"543"bounds: (916,1007),(953,1007),(953,1030),(916,1030)
"27+09"bounds: (406,985),(474,986),(474,1002),(406,1001)
"516"bounds: (476,1012),(507,1012),(507,1027),(476,1027)
"A"bounds: (538,1010),(553,1010),(553,1027),(538,1027)
"S25"bounds: (614,1007),(657,1004),(658,1024),(615,1027)
"A"bounds: (687,1008),(703,1008),(703,1027),(687,1027)
"A"bounds: (832,1009),(847,1009),(847,1024),(832,1024)
"S52"bounds: (1055,1005),(1102,1006),(1102,1028),(1055,1027)
"怖"bounds: (241,1048),(347,1048),(347,1123),(241,1123)
"単"bounds: (438,1056),(469,1056),(469,1117),(438,1117)
"["bounds: (717,1086),(777,1086),(777,1116),(717,1116)
"]"bounds: (782,1082),(791,1082),(791,1122),(782,1122)
"43"bounds: (254,1129),(288,1129),(288,1156),(254,1156)
"131"bounds: (301,1129),(337,1129),(337,1156),(301,1156)
"a'"bounds: (339,1128),(361,1128),(361,1156),(339,1156)
"508"bounds: (330,1159),(359,1159),(359,1178),(330,1178)
"28+c?]"bounds: (402,1128),(491,1127),(491,1154),(402,1155)
"A"bounds: (538,1154),(555,1154),(555,1173),(538,1173)
"66"303"bounds: (825,1124),(932,1119),(933,1152),(827,1157)
"535"bounds: (773,1153),(805,1153),(805,1174),(773,1174)
"A"bounds: (831,1153),(847,1153),(847,1172),(831,1172)
"73+$7+77"bounds: (969,1131),(1083,1128),(1083,1147),(969,1150)
"S44"bounds: (916,1155),(949,1155),(949,1173),(916,1173)
"38"bounds: (556,1132),(579,1132),(579,1146),(556,1146)
"+"bounds: (585,1135),(596,1135),(596,1146),(585,1146)
"C"bounds: (602,1134),(616,1134),(616,1146),(602,1146)
"그"bounds: (620,1134),(628,1134),(628,1147),(620,1147)
"51"bounds: (697,1132),(721,1132),(721,1147),(697,1147)
"+"bounds: (727,1133),(735,1133),(735,1144),(727,1144)
"C"bounds: (739,1130),(749,1130),(749,1146),(739,1146)
"긔"bounds: (765,1132),(774,1132),(774,1146),(765,1146)
"517"bounds: (476,1164),(506,1163),(507,1181),(477,1182)
"526"bounds: (624,1154),(662,1153),(662,1174),(624,1175)
"A"bounds: (685,1153),(701,1153),(701,1172),(685,1172)
"S3"bounds: (1064,1153),(1103,1153),(1103,1175),(1064,1175)
"'73"bounds: (977,1263),(1027,1264),(1026,1293),(976,1292)
"301'"bounds: (1039,1264),(1092,1265),(1091,1295),(1038,1294)
"545"bounds: (911,1298),(956,1297),(956,1319),(911,1320)
"54+84"bounds: (703,1274),(772,1274),(772,1291),(703,1291)
"167+CJ"bounds: (840,1270),(917,1270),(917,1289),(840,1289)
"'28420"bounds: (395,1275),(469,1276),(469,1297),(395,1296)
"to3'"bounds: (475,1276),(514,1277),(514,1301),(475,1300)
"A"bounds: (539,1304),(555,1304),(555,1322),(539,1322)
"38+77"bounds: (559,1279),(623,1279),(623,1295),(559,1295)
"A"bounds: (245,1308),(259,1308),(259,1328),(245,1328)
"509"bounds: (332,1307),(362,1306),(362,1324),(332,1325)
"A"bounds: (396,1305),(410,1305),(410,1321),(396,1321)
"518"bounds: (479,1307),(508,1307),(508,1322),(479,1322)
"S27"bounds: (629,1303),(658,1303),(658,1322),(629,1322)
"536"bounds: (767,1301),(809,1299),(810,1320),(768,1322)
"A"bounds: (834,1297),(846,1296),(847,1317),(835,1318)
"554"bounds: (1072,1298),(1101,1299),(1100,1318),(1071,1317)
"图"bounds: (718,1346),(781,1346),(781,1409),(718,1409)
"40+"bounds: (552,1420),(600,1421),(600,1451),(552,1450)
"구"bounds: (602,1421),(615,1421),(615,1451),(602,1451)
"4c"bounds: (617,1421),(636,1421),(636,1451),(617,1451)
"54"bounds: (704,1422),(725,1423),(724,1440),(703,1439)
"+312"bounds: (733,1424),(778,1426),(777,1444),(732,1442)
"67+23"bounds: (841,1420),(918,1422),(917,1449),(840,1447)
"子"bounds: (996,1424),(1009,1424),(1009,1441),(996,1441)
"7"bounds: (1014,1424),(1023,1424),(1023,1440),(1014,1440)
"+"bounds: (1028,1426),(1039,1426),(1039,1438),(1028,1438)
"08"bounds: (1045,1426),(1068,1426),(1068,1440),(1045,1440)
"3."bounds: (585,1461),(596,1461),(596,1472),(585,1472)
"Signes"bounds: (608,1461),(654,1461),(654,1475),(608,1475)
"complexes."bounds: (665,1460),(746,1460),(746,1474),(665,1474)