Texts:

"65
53-01-54- 65
TY 2.5'
ITIsh
708-60- 65
нT 109.41
нT 8.41
ZA 9.53
77- 65
[:]-XM
.7-80- 65
нт 20.1-21
81-80- 65
327- 65
нT 119.41
А 542
нT 89.21
H
65 +317'78'
244
"bounds: (58,96),(1150,96),(1150,1532),(58,1532)
"65"bounds: (1133,96),(1150,96),(1150,109),(1133,109)
"53-01-54-"bounds: (559,169),(633,169),(633,179),(559,179)
"65"bounds: (643,168),(657,168),(657,178),(643,178)
"TY"bounds: (809,169),(826,168),(826,180),(809,181)
"2.5'"bounds: (836,163),(865,162),(866,180),(837,181)
"ITIsh"bounds: (247,182),(320,183),(320,212),(247,211)
"708-60-"bounds: (567,197),(633,199),(632,219),(566,217)
"65"bounds: (642,202),(660,203),(659,218),(641,217)
"нT"bounds: (809,203),(825,202),(826,214),(810,215)
"109.41"bounds: (836,198),(882,195),(883,212),(837,215)
"нT"bounds: (809,237),(825,236),(826,247),(810,248)
"8.41"bounds: (835,230),(874,228),(875,247),(836,249)
"ZA"bounds: (809,261),(824,259),(825,271),(810,273)
"9.53"bounds: (834,256),(867,252),(869,271),(836,275)
"77-"bounds: (610,235),(633,236),(633,247),(610,246)
"65"bounds: (643,235),(657,236),(657,247),(643,246)
"[:]-XM"bounds: (235,251),(319,253),(318,278),(234,276)
".7-80-"bounds: (557,257),(632,256),(632,274),(557,275)
"65"bounds: (641,261),(659,261),(659,276),(641,276)
"нт"bounds: (796,289),(841,286),(842,309),(798,312)
"20.1-21"bounds: (835,290),(890,286),(891,305),(836,309)
"81-80-"bounds: (584,294),(632,295),(632,306),(584,305)
"65"bounds: (643,295),(657,295),(657,305),(643,305)
"327-"bounds: (600,329),(632,329),(632,338),(600,338)
"65"bounds: (643,328),(657,328),(657,338),(643,338)
"нT"bounds: (809,329),(825,328),(826,338),(810,339)
"119.41"bounds: (836,322),(882,320),(883,339),(837,341)
"А"bounds: (229,384),(238,384),(238,400),(229,400)
"542"bounds: (240,384),(255,384),(255,400),(240,400)
"нT"bounds: (801,391),(841,389),(842,407),(802,409)
"89.21"bounds: (843,388),(876,386),(877,405),(844,407)
"H"bounds: (439,393),(447,393),(447,403),(439,403)
"65"bounds: (643,395),(657,395),(657,405),(643,405)
"+317'78'"bounds: (667,395),(732,395),(732,405),(667,405)
"244"bounds: (58,1513),(95,1514),(95,1532),(58,1531)