Texts:

"CONCORDANCE ARITHMO-SÉMIOGRAPHIQUE A
117
GORILA
PUGLIESE CARRATELLI 1963
BRICE 1961
RAISON-POPE 1977
REMARQUES
cf. A 717
В 117
АВ 118
АВ 120
L 85
L 85
85
L 42 Lc 1 parlim
L 42 L' 34 Lc 1 partim 42 501 partim
Lc 72
A 120b
АВ 122
АВ 123
В 124
В 125
АВ 131а
АВ 131b
A 131c
В 140
В 157
в 159
АB 164
АВ 171
АB 180
АB 188
АВ 191
42
A
L 49
L 49
49
L 65
L 65
65
cf. А 302
cf. A 303
L 82
L 82 L' 36 L' 37
82 a 89 (a")
82 b
644 (b)
A
cf. А 327
cf. A 646
L 70
L 70 L 75'
70
cf. АB 54
L 43
L 43
43 184 a-c
[.]
146
L 87 (a-c)
L 87
87
186
A 301
A 302
A 303
A 304
A 305
A 306
A 307
A 308
А 309а
А 309b
L 66 (a) L 88 L 122
L 89
L 88 L 121
88 161
L 89
89
L 71 L 133
L 67 L 123
L 66
L 83
L 71
71
L 67 (a-c)
L 66 (b-c)
L 83
L 56 (b-d)
L 90
67
66
83 a 155
L 41 L 56
L 90
56 b
90
Lc 80 Lc 81
L 105 Lc 80 Lc 81
613 a b 580 581
L 105
L 105 Lc 80 Lc 82 Lc' 8 612 614 651
Lc' 9
L'105 Lc 68 partim 568 649
Lc 80
А 309с
Lc 68
A 310
A 311
A 312
A 313a
L 63
L 63 L' 33
63
in 669 et 670
in 301 + 311
L 36
L 36
36
in L 125
in 125
in 100/102 +
313a
А 313Ь
in Lc 56
in 126 a c
in 100/102 +
313b
А 313с
in L 126 (c)
in 126 b
in 100/102 +
313c
A 314
A 315
A 316
A 317
А 318
163 a b
188 (a b c I)
L 22 (b)
L 133
L 22
133 a
L 52 (c)
L 81 (с, d)
L 14
L 52'
136
L 81'
L 14
81 b
319
14
A 320
A 321
L 81' L 102
150
L 3 L 107
L 3 L 107
3
"bounds: (179,184),(966,184),(966,1332),(179,1332)
"CONCORDANCE"bounds: (369,190),(494,190),(494,200),(369,200)
"ARITHMO-SÉMIOGRAPHIQUE"bounds: (507,186),(745,186),(745,202),(507,202)
"A"bounds: (758,190),(768,190),(768,198),(758,198)
"117"bounds: (939,184),(966,184),(966,198),(939,198)
"GORILA"bounds: (195,256),(250,256),(250,267),(195,267)
"PUGLIESE"bounds: (277,256),(349,256),(349,267),(277,267)
"CARRATELLI"bounds: (356,255),(447,255),(447,267),(356,267)
"1963"bounds: (455,255),(488,255),(488,266),(455,266)
"BRICE"bounds: (544,255),(589,255),(589,265),(544,265)
"1961"bounds: (601,254),(631,254),(631,266),(601,266)
"RAISON-POPE"bounds: (698,254),(799,254),(799,265),(698,265)
"1977"bounds: (809,253),(841,253),(841,265),(809,265)
"REMARQUES"bounds: (864,253),(954,253),(954,267),(864,267)
"cf."bounds: (861,298),(887,298),(887,313),(861,313)
"A"bounds: (890,301),(900,301),(900,311),(890,311)
"717"bounds: (912,300),(936,300),(936,310),(912,310)
"В"bounds: (209,300),(218,300),(218,316),(209,316)
"117"bounds: (220,300),(235,300),(235,316),(220,316)
"АВ"bounds: (179,319),(217,319),(217,336),(179,336)
"118"bounds: (219,319),(235,319),(235,336),(219,336)
"АВ"bounds: (183,341),(216,341),(216,357),(183,357)
"120"bounds: (218,340),(235,340),(235,356),(218,356)
"L"bounds: (281,323),(290,323),(290,333),(281,333)
"85"bounds: (298,323),(313,323),(313,334),(298,334)
"L"bounds: (509,320),(515,320),(515,333),(509,333)
"85"bounds: (518,322),(534,322),(534,333),(518,333)
"85"bounds: (695,321),(711,321),(711,332),(695,332)
"L"bounds: (282,343),(290,343),(290,353),(282,353)
"42"bounds: (298,342),(314,342),(314,353),(298,353)
"Lc"bounds: (325,343),(342,343),(342,354),(325,354)
"1"bounds: (351,343),(354,343),(354,353),(351,353)
"parlim"bounds: (366,342),(415,343),(415,358),(366,357)
"L"bounds: (502,342),(510,342),(510,353),(502,353)
"42"bounds: (518,342),(534,342),(534,352),(518,352)
"L'"bounds: (543,342),(557,342),(557,352),(543,352)
"34"bounds: (565,341),(580,341),(580,352),(565,352)
"Lc"bounds: (590,341),(606,341),(606,352),(590,352)
"1"bounds: (617,341),(621,341),(621,352),(617,352)
"partim"bounds: (636,338),(679,338),(679,355),(636,355)
"42"bounds: (696,341),(711,341),(711,351),(696,351)
"501"bounds: (722,341),(745,341),(745,352),(722,352)
"partim"bounds: (757,341),(805,341),(805,355),(757,355)
"Lc"bounds: (509,363),(526,363),(526,374),(509,374)
"72"bounds: (535,362),(551,362),(551,373),(535,373)
"A"bounds: (203,381),(213,381),(213,397),(203,397)
"120b"bounds: (217,381),(244,380),(244,396),(217,397)
"АВ"bounds: (185,402),(217,402),(217,417),(185,417)
"122"bounds: (219,402),(236,402),(236,417),(219,417)
"АВ"bounds: (184,423),(216,422),(216,437),(184,438)
"123"bounds: (218,422),(235,422),(235,437),(218,437)
"В"bounds: (209,442),(217,442),(217,457),(209,457)
"124"bounds: (219,442),(236,442),(236,458),(219,458)
"В"bounds: (207,461),(216,461),(216,477),(207,477)
"125"bounds: (218,461),(236,461),(236,477),(218,477)
"АВ"bounds: (185,482),(217,482),(217,497),(185,497)
"131а"bounds: (219,481),(244,481),(244,497),(219,497)
"АВ"bounds: (183,501),(216,501),(216,517),(183,517)
"131b"bounds: (218,501),(244,501),(244,517),(218,517)
"A"bounds: (201,522),(211,522),(211,538),(201,538)
"131c"bounds: (212,524),(244,524),(244,535),(212,535)
"В"bounds: (210,541),(219,541),(219,557),(210,557)
"140"bounds: (221,541),(236,541),(236,557),(221,557)
"В"bounds: (212,562),(220,562),(220,577),(212,577)
"157"bounds: (222,561),(236,561),(236,577),(222,577)
"в"bounds: (211,582),(219,582),(218,597),(210,597)
"159"bounds: (221,583),(238,584),(237,599),(220,598)
"АB"bounds: (186,602),(218,602),(218,617),(186,617)
"164"bounds: (220,601),(237,601),(237,616),(220,616)
"АВ"bounds: (182,621),(219,621),(219,637),(182,637)
"171"bounds: (221,621),(236,621),(236,637),(221,637)
"АB"bounds: (186,641),(218,641),(218,656),(186,656)
"180"bounds: (220,641),(237,641),(237,656),(220,656)
"АB"bounds: (185,662),(217,661),(218,676),(186,677)
"188"bounds: (219,660),(236,659),(237,674),(220,675)
"АВ"bounds: (181,681),(219,681),(219,698),(181,698)
"191"bounds: (221,681),(237,681),(237,698),(221,698)
"42"bounds: (696,382),(712,382),(712,392),(696,392)
"A"bounds: (863,381),(873,381),(873,392),(863,392)
"L"bounds: (281,404),(290,404),(290,415),(281,415)
"49"bounds: (298,404),(313,404),(313,415),(298,415)
"L"bounds: (509,401),(516,401),(517,416),(510,416)
"49"bounds: (518,403),(534,402),(534,413),(518,414)
"49"bounds: (696,402),(711,402),(711,413),(696,413)
"L"bounds: (282,424),(290,424),(290,434),(282,434)
"65"bounds: (298,424),(313,424),(313,435),(298,435)
"L"bounds: (502,423),(511,423),(511,434),(502,434)
"65"bounds: (519,423),(534,423),(534,434),(519,434)
"65"bounds: (696,422),(711,422),(711,433),(696,433)
"cf."bounds: (863,441),(879,441),(879,452),(863,452)
"А"bounds: (891,442),(901,442),(901,452),(891,452)
"302"bounds: (912,441),(937,441),(937,451),(912,451)
"cf."bounds: (858,459),(891,458),(891,473),(858,474)
"A"bounds: (890,461),(901,461),(901,471),(890,471)
"303"bounds: (912,461),(937,461),(937,472),(912,472)
"L"bounds: (289,482),(296,482),(296,497),(289,497)
"82"bounds: (298,484),(314,484),(314,495),(298,495)
"L"bounds: (510,481),(517,481),(517,496),(510,496)
"82"bounds: (519,483),(535,483),(535,494),(519,494)
"L'"bounds: (546,483),(560,483),(560,494),(546,494)
"36"bounds: (567,482),(583,482),(583,493),(567,493)
"L'"bounds: (594,482),(609,482),(609,493),(594,493)
"37"bounds: (615,482),(631,482),(631,493),(615,493)
"82"bounds: (696,482),(712,482),(712,493),(696,493)
"a"bounds: (719,485),(725,485),(725,493),(719,493)
"89"bounds: (736,481),(752,481),(752,492),(736,492)
"(a")"bounds: (765,482),(797,482),(797,495),(765,495)
"82"bounds: (696,502),(712,502),(712,513),(696,513)
"b"bounds: (719,502),(726,502),(726,513),(719,513)
"644"bounds: (697,521),(721,522),(720,535),(696,534)
"(b)"bounds: (730,520),(752,521),(751,537),(729,536)
"A"bounds: (863,522),(874,522),(874,532),(863,532)
"cf."bounds: (863,542),(880,542),(880,553),(863,553)
"А"bounds: (891,541),(902,541),(902,552),(891,552)
"327"bounds: (913,541),(937,540),(937,551),(913,552)
"cf."bounds: (864,559),(887,559),(887,574),(864,574)
"A"bounds: (891,561),(902,561),(902,572),(891,572)
"646"bounds: (913,561),(938,561),(938,572),(913,572)
"L"bounds: (282,584),(292,584),(292,595),(282,595)
"70"bounds: (299,584),(315,584),(315,595),(299,595)
"L"bounds: (503,583),(512,583),(512,594),(503,594)
"70"bounds: (520,584),(535,584),(535,594),(520,594)
"L"bounds: (546,583),(555,583),(555,593),(546,593)
"75'"bounds: (563,583),(584,583),(584,594),(563,594)
"70"bounds: (697,583),(712,583),(712,593),(697,593)
"cf."bounds: (864,582),(880,581),(880,592),(864,593)
"АB"bounds: (891,581),(914,580),(914,591),(891,592)
"54"bounds: (925,581),(940,580),(940,591),(925,592)
"L"bounds: (282,604),(292,604),(292,615),(282,615)
"43"bounds: (299,604),(315,604),(315,615),(299,615)
"L"bounds: (503,603),(512,603),(512,614),(503,614)
"43"bounds: (520,603),(535,603),(535,614),(520,614)
"43"bounds: (697,602),(713,602),(713,612),(697,612)
"184"bounds: (725,602),(748,603),(748,614),(725,613)
"a-c"bounds: (755,605),(776,606),(776,614),(755,613)
"[.]"bounds: (698,622),(717,622),(717,637),(698,637)
"146"bounds: (698,642),(721,642),(721,653),(698,653)
"L"bounds: (283,664),(292,664),(292,674),(283,674)
"87"bounds: (300,664),(315,664),(315,674),(300,674)
"(a-c)"bounds: (323,662),(354,663),(354,678),(323,677)
"L"bounds: (504,663),(513,663),(513,674),(504,674)
"87"bounds: (520,663),(535,663),(535,672),(520,673)
"87"bounds: (697,663),(713,663),(713,673),(697,673)
"186"bounds: (699,682),(722,682),(722,693),(699,693)
"A"bounds: (198,741),(208,741),(209,757),(199,757)
"301"bounds: (210,740),(228,739),(229,755),(211,756)
"A"bounds: (199,760),(207,760),(208,775),(200,775)
"302"bounds: (210,759),(229,758),(230,774),(211,775)
"A"bounds: (195,779),(205,779),(205,796),(195,796)
"303"bounds: (205,783),(229,783),(229,793),(205,793)
"A"bounds: (199,801),(207,801),(207,816),(199,816)
"304"bounds: (210,801),(229,800),(229,815),(210,816)
"A"bounds: (199,820),(208,820),(208,836),(199,836)
"305"bounds: (210,820),(228,820),(228,836),(210,836)
"A"bounds: (195,839),(205,839),(205,856),(195,856)
"306"bounds: (205,842),(229,842),(229,853),(205,853)
"A"bounds: (198,860),(208,860),(208,877),(198,877)
"307"bounds: (210,860),(229,860),(229,877),(210,877)
"A"bounds: (197,880),(206,880),(206,895),(197,895)
"308"bounds: (205,882),(230,882),(230,894),(205,894)
"А"bounds: (202,900),(211,900),(211,916),(202,916)
"309а"bounds: (213,899),(236,899),(236,915),(213,915)
"А"bounds: (201,920),(211,920),(211,936),(201,936)
"309b"bounds: (213,919),(239,919),(239,935),(213,935)
"L"bounds: (283,743),(292,743),(292,754),(283,754)
"66"bounds: (300,743),(315,743),(315,754),(300,754)
"(a)"bounds: (323,743),(340,743),(340,756),(323,756)
"L"bounds: (352,743),(361,743),(361,753),(352,753)
"88"bounds: (369,743),(385,743),(385,754),(369,754)
"L"bounds: (396,742),(405,742),(405,753),(396,753)
"122"bounds: (413,743),(437,743),(437,753),(413,753)
"L"bounds: (291,761),(298,761),(298,776),(291,776)
"89"bounds: (300,763),(315,763),(315,773),(300,773)
"L"bounds: (504,743),(513,743),(513,753),(504,753)
"88"bounds: (520,743),(536,743),(536,753),(520,753)
"L"bounds: (548,743),(556,743),(556,752),(548,752)
"121"bounds: (565,742),(587,742),(587,752),(565,752)
"88"bounds: (697,742),(713,742),(713,752),(697,752)
"161"bounds: (726,742),(747,742),(747,752),(726,752)
"L"bounds: (504,763),(513,763),(513,773),(504,773)
"89"bounds: (520,763),(536,763),(536,773),(520,773)
"89"bounds: (698,761),(713,761),(713,772),(698,772)
"L"bounds: (510,780),(518,780),(518,796),(510,796)
"71"bounds: (521,783),(534,783),(534,793),(521,793)
"L"bounds: (548,782),(556,782),(556,792),(548,792)
"133"bounds: (565,782),(588,782),(588,793),(565,793)
"L"bounds: (511,801),(518,801),(518,816),(511,816)
"67"bounds: (521,803),(536,803),(536,814),(521,814)
"L"bounds: (548,802),(556,802),(556,812),(548,812)
"123"bounds: (565,802),(588,802),(588,813),(565,813)
"L"bounds: (511,820),(518,820),(518,835),(511,835)
"66"bounds: (521,822),(536,822),(536,833),(521,833)
"L"bounds: (512,840),(519,840),(519,855),(512,855)
"83"bounds: (521,842),(536,842),(536,853),(521,853)
"L"bounds: (283,783),(292,783),(292,793),(283,793)
"71"bounds: (300,783),(314,783),(314,794),(300,794)
"71"bounds: (698,781),(712,781),(712,792),(698,792)
"L"bounds: (284,803),(293,803),(293,813),(284,813)
"67"bounds: (300,803),(316,803),(316,814),(300,814)
"(a-c)"bounds: (323,802),(354,803),(354,817),(323,816)
"L"bounds: (284,823),(293,823),(293,833),(284,833)
"66"bounds: (300,823),(316,823),(316,834),(300,834)
"(b-c)"bounds: (324,822),(356,823),(356,837),(324,836)
"L"bounds: (290,841),(298,841),(298,857),(290,857)
"83"bounds: (300,843),(316,843),(316,854),(300,854)
"L"bounds: (284,862),(293,862),(293,873),(284,873)
"56"bounds: (301,862),(317,862),(317,873),(301,873)
"(b-d)"bounds: (324,861),(358,862),(358,877),(324,876)
"L"bounds: (290,879),(298,879),(299,895),(291,895)
"90"bounds: (300,882),(316,881),(317,893),(301,894)
"67"bounds: (698,801),(713,801),(713,812),(698,812)
"66"bounds: (698,822),(714,822),(714,832),(698,832)
"83"bounds: (698,841),(713,841),(713,852),(698,852)
"a"bounds: (721,845),(727,845),(727,853),(721,853)
"155"bounds: (740,841),(763,841),(763,852),(740,852)
"L"bounds: (504,862),(513,862),(513,872),(504,872)
"41"bounds: (521,862),(535,862),(535,873),(521,873)
"L"bounds: (548,862),(557,862),(557,872),(548,872)
"56"bounds: (564,861),(580,861),(580,873),(564,873)
"L"bounds: (511,880),(518,880),(518,893),(511,893)
"90"bounds: (521,881),(537,881),(537,893),(521,893)
"56"bounds: (698,861),(714,861),(714,872),(698,872)
"b"bounds: (721,861),(728,861),(728,872),(721,872)
"90"bounds: (698,881),(714,881),(714,891),(698,891)
"Lc"bounds: (284,902),(302,902),(302,913),(284,913)
"80"bounds: (309,902),(324,902),(324,913),(309,913)
"Lc"bounds: (336,902),(353,902),(353,913),(336,913)
"81"bounds: (360,902),(374,902),(374,913),(360,913)
"L"bounds: (505,902),(514,902),(514,912),(505,912)
"105"bounds: (522,901),(546,901),(546,912),(522,912)
"Lc"bounds: (557,901),(575,901),(575,912),(557,912)
"80"bounds: (581,901),(597,901),(597,912),(581,912)
"Lc"bounds: (609,900),(626,900),(626,912),(609,912)
"81"bounds: (633,901),(645,901),(645,911),(633,911)
"613"bounds: (698,901),(723,901),(723,912),(698,912)
"a"bounds: (730,904),(737,904),(737,912),(730,912)
"b"bounds: (748,901),(755,901),(755,912),(748,912)
"580"bounds: (767,901),(791,901),(791,912),(767,912)
"581"bounds: (802,901),(825,901),(825,912),(802,912)
"L"bounds: (284,922),(293,922),(293,933),(284,933)
"105"bounds: (302,921),(325,921),(325,933),(302,933)
"L"bounds: (505,922),(514,922),(514,932),(505,932)
"105"bounds: (523,922),(546,922),(546,932),(523,932)
"Lc"bounds: (554,921),(571,921),(571,932),(554,932)
"80"bounds: (578,921),(594,921),(594,932),(578,932)
"Lc"bounds: (601,921),(618,921),(618,932),(601,932)
"82"bounds: (625,921),(641,921),(641,932),(625,932)
"Lc'"bounds: (649,921),(671,921),(671,932),(649,932)
"8"bounds: (678,918),(685,918),(685,934),(678,934)
"612"bounds: (699,921),(723,921),(723,932),(699,932)
"614"bounds: (734,921),(758,921),(758,932),(734,932)
"651"bounds: (770,921),(792,921),(792,932),(770,932)
"Lc'"bounds: (514,942),(536,942),(536,952),(514,952)
"9"bounds: (543,942),(550,942),(550,952),(543,952)
"L'105"bounds: (506,959),(546,959),(546,976),(506,976)
"Lc"bounds: (564,957),(589,957),(589,976),(564,976)
"68"bounds: (591,957),(606,957),(606,976),(591,976)
"partim"bounds: (627,961),(676,961),(676,975),(627,975)
"568"bounds: (689,957),(723,957),(723,976),(689,976)
"649"bounds: (734,961),(758,961),(758,971),(734,971)
"Lc"bounds: (514,981),(532,982),(532,993),(514,992)
"80"bounds: (539,981),(555,982),(555,993),(539,992)
"А"bounds: (205,959),(214,959),(214,974),(205,974)
"309с"bounds: (216,959),(238,959),(238,974),(216,974)
"Lc"bounds: (285,962),(302,962),(302,973),(285,973)
"68"bounds: (309,962),(325,962),(325,973),(309,973)
"A"bounds: (200,999),(210,999),(211,1015),(201,1015)
"310"bounds: (212,998),(233,997),(234,1014),(213,1015)
"A"bounds: (201,1020),(209,1020),(209,1035),(201,1035)
"311"bounds: (212,1019),(231,1019),(231,1034),(212,1034)
"A"bounds: (198,1039),(207,1039),(208,1055),(199,1055)
"312"bounds: (206,1041),(231,1040),(232,1052),(207,1053)
"A"bounds: (200,1059),(209,1059),(209,1074),(200,1074)
"313a"bounds: (212,1058),(239,1058),(239,1074),(212,1074)
"L"bounds: (292,1000),(299,1000),(299,1015),(292,1015)
"63"bounds: (302,1002),(317,1002),(317,1012),(302,1012)
"L"bounds: (505,1001),(515,1001),(515,1012),(505,1012)
"63"bounds: (522,1001),(538,1001),(538,1012),(522,1012)
"L'"bounds: (549,1001),(563,1001),(563,1011),(549,1011)
"33"bounds: (570,1001),(586,1001),(586,1011),(570,1011)
"63"bounds: (699,1001),(714,1001),(714,1011),(699,1011)
"in"bounds: (700,1021),(713,1021),(713,1031),(700,1031)
"669"bounds: (724,1021),(748,1021),(748,1031),(724,1031)
"et"bounds: (760,1020),(772,1020),(772,1031),(760,1031)
"670"bounds: (783,1020),(808,1020),(808,1031),(783,1031)
"in"bounds: (867,1020),(880,1020),(880,1031),(867,1031)
"301"bounds: (887,1020),(909,1020),(909,1030),(887,1030)
"+"bounds: (920,1020),(931,1020),(931,1032),(920,1032)
"311"bounds: (941,1019),(964,1019),(964,1030),(941,1030)
"L"bounds: (285,1041),(294,1041),(294,1052),(285,1052)
"36"bounds: (302,1041),(317,1041),(317,1052),(302,1052)
"L"bounds: (506,1041),(515,1041),(515,1051),(506,1051)
"36"bounds: (522,1041),(538,1041),(538,1051),(522,1051)
"36"bounds: (699,1040),(715,1040),(715,1051),(699,1051)
"in"bounds: (284,1059),(301,1059),(301,1074),(284,1074)
"L"bounds: (310,1061),(319,1061),(319,1071),(310,1071)
"125"bounds: (328,1061),(351,1061),(351,1072),(328,1072)
"in"bounds: (699,1058),(719,1058),(719,1071),(699,1071)
"125"bounds: (725,1060),(749,1060),(749,1071),(725,1071)
"in"bounds: (867,1060),(880,1060),(880,1070),(867,1070)
"100/102"bounds: (888,1059),(944,1059),(944,1072),(888,1072)
"+"bounds: (952,1059),(964,1059),(964,1072),(952,1072)
"313a"bounds: (876,1080),(908,1080),(908,1090),(876,1090)
"А"bounds: (206,1099),(215,1099),(215,1114),(206,1114)
"313Ь"bounds: (217,1098),(241,1098),(241,1113),(217,1113)
"in"bounds: (286,1101),(299,1101),(299,1111),(286,1111)
"Lc"bounds: (310,1101),(328,1101),(328,1111),(310,1111)
"56"bounds: (335,1101),(350,1101),(350,1111),(335,1111)
"in"bounds: (699,1098),(720,1098),(720,1111),(699,1111)
"126"bounds: (726,1100),(749,1100),(749,1111),(726,1111)
"a"bounds: (756,1103),(762,1103),(762,1111),(756,1111)
"c"bounds: (773,1103),(779,1103),(779,1111),(773,1111)
"in"bounds: (868,1099),(880,1099),(880,1110),(868,1110)
"100/102"bounds: (888,1098),(944,1099),(944,1113),(888,1112)
"+"bounds: (953,1100),(964,1100),(964,1112),(953,1112)
"313b"bounds: (876,1119),(910,1119),(910,1130),(876,1130)
"А"bounds: (207,1138),(216,1138),(216,1153),(207,1153)
"313с"bounds: (218,1138),(240,1138),(240,1153),(218,1153)
"in"bounds: (286,1141),(299,1141),(299,1151),(286,1151)
"L"bounds: (311,1141),(320,1141),(320,1151),(311,1151)
"126"bounds: (328,1140),(352,1141),(352,1152),(328,1151)
"(c)"bounds: (359,1140),(375,1140),(375,1154),(359,1154)
"in"bounds: (700,1140),(713,1140),(713,1150),(700,1150)
"126"bounds: (726,1140),(749,1140),(749,1151),(726,1151)
"b"bounds: (757,1139),(764,1139),(764,1150),(757,1150)
"in"bounds: (868,1139),(881,1139),(881,1150),(868,1150)
"100/102"bounds: (888,1138),(944,1138),(944,1152),(888,1152)
"+"bounds: (953,1139),(963,1139),(963,1151),(953,1151)
"313c"bounds: (876,1159),(909,1159),(909,1170),(876,1170)
"A"bounds: (199,1179),(208,1179),(208,1195),(199,1195)
"314"bounds: (207,1180),(231,1179),(231,1190),(207,1191)
"A"bounds: (203,1199),(211,1199),(211,1214),(203,1214)
"315"bounds: (214,1198),(233,1198),(233,1213),(214,1213)
"A"bounds: (200,1218),(208,1218),(208,1233),(200,1233)
"316"bounds: (208,1220),(232,1220),(232,1231),(208,1231)
"A"bounds: (203,1238),(211,1238),(211,1253),(203,1253)
"317"bounds: (214,1237),(233,1237),(233,1252),(214,1252)
"А"bounds: (209,1257),(217,1257),(217,1272),(209,1272)
"318"bounds: (219,1257),(233,1257),(233,1272),(219,1272)
"163"bounds: (702,1179),(725,1179),(725,1190),(702,1190)
"a"bounds: (732,1183),(738,1183),(738,1190),(732,1190)
"b"bounds: (750,1180),(757,1180),(757,1190),(750,1190)
"188"bounds: (701,1199),(725,1199),(725,1210),(701,1210)
"(a"bounds: (732,1199),(745,1199),(745,1214),(732,1214)
"b"bounds: (752,1199),(759,1199),(759,1210),(752,1210)
"c"bounds: (769,1197),(779,1197),(779,1214),(769,1214)
"I)"bounds: (781,1199),(790,1199),(790,1214),(781,1214)
"L"bounds: (287,1200),(296,1200),(296,1211),(287,1211)
"22"bounds: (303,1200),(319,1200),(319,1211),(303,1211)
"(b)"bounds: (326,1200),(344,1201),(344,1215),(326,1214)
"L"bounds: (287,1220),(296,1220),(296,1231),(287,1231)
"133"bounds: (305,1219),(328,1219),(328,1231),(305,1231)
"L"bounds: (507,1200),(516,1200),(516,1211),(507,1211)
"22"bounds: (523,1200),(539,1200),(539,1211),(523,1211)
"133"bounds: (702,1219),(725,1219),(725,1230),(702,1230)
"a"bounds: (732,1223),(739,1223),(739,1230),(732,1230)
"L"bounds: (287,1240),(296,1240),(296,1250),(287,1250)
"52"bounds: (303,1240),(319,1240),(319,1251),(303,1251)
"(c)"bounds: (326,1240),(343,1240),(343,1254),(326,1254)
"L"bounds: (287,1260),(296,1260),(296,1270),(287,1270)
"81"bounds: (303,1260),(317,1260),(317,1270),(303,1270)
"(с,"bounds: (327,1260),(342,1260),(342,1274),(327,1274)
"d)"bounds: (354,1260),(366,1260),(366,1274),(354,1274)
"L"bounds: (294,1278),(301,1278),(301,1293),(294,1293)
"14"bounds: (305,1280),(319,1280),(319,1290),(305,1290)
"L"bounds: (507,1240),(516,1240),(516,1250),(507,1250)
"52'"bounds: (523,1239),(544,1239),(544,1250),(523,1250)
"136"bounds: (702,1239),(725,1239),(725,1250),(702,1250)
"L"bounds: (514,1257),(522,1257),(522,1272),(514,1272)
"81'"bounds: (524,1259),(544,1259),(544,1270),(524,1270)
"L"bounds: (515,1277),(522,1277),(522,1292),(515,1292)
"14"bounds: (525,1279),(539,1279),(539,1290),(525,1290)
"81"bounds: (700,1259),(715,1259),(715,1270),(700,1270)
"b"bounds: (724,1259),(731,1259),(731,1270),(724,1270)
"319"bounds: (208,1279),(232,1279),(232,1290),(208,1290)
"14"bounds: (702,1279),(717,1279),(717,1289),(702,1289)
"A"bounds: (201,1296),(211,1296),(211,1312),(201,1312)
"320"bounds: (213,1296),(237,1296),(237,1312),(213,1312)
"A"bounds: (202,1317),(211,1317),(212,1332),(203,1332)
"321"bounds: (213,1316),(232,1315),(233,1331),(214,1332)
"L"bounds: (507,1299),(516,1299),(516,1309),(507,1309)
"81'"bounds: (524,1299),(545,1299),(545,1310),(524,1310)
"L"bounds: (556,1299),(565,1299),(565,1309),(556,1309)
"102"bounds: (574,1299),(597,1299),(597,1309),(574,1309)
"150"bounds: (702,1299),(726,1299),(726,1309),(702,1309)
"L"bounds: (287,1319),(296,1319),(296,1330),(287,1330)
"3"bounds: (304,1319),(311,1319),(311,1330),(304,1330)
"L"bounds: (322,1319),(331,1319),(331,1329),(322,1329)
"107"bounds: (339,1319),(363,1319),(363,1330),(339,1330)
"L"bounds: (508,1319),(517,1319),(517,1329),(508,1329)
"3"bounds: (524,1319),(531,1319),(531,1330),(524,1330)
"L"bounds: (542,1319),(552,1319),(552,1329),(542,1329)
"107"bounds: (560,1319),(583,1319),(583,1329),(560,1329)
"3"bounds: (701,1319),(708,1319),(708,1329),(701,1329)