Texts:

"318
A 642
PHAISTOS
318 +. 7
in PH 8b.1
A L27
HT 45a.3,b.3
318
3_7
HT 126a.1
D
318 -306
HT 94a.41
319
I.
A L4_7
HT 132.11
319
HT zd *1554 156 (bis)4 *1574
HT zd 1554
G
06-80-80-37-37- 319
40-57-58-80-37-37- 319
HT Zd 1574
320
PHAISTOS
320
in PH 16a.1
in PH 16b.21
320 -320-80-02
PH Vc 40a-h?
E
320- 320 -80-02
PH WC 40a-h?
G
77-314-41- 320
PH WC 37a-b?
297
"bounds: (157,319),(1165,319),(1165,1536),(157,1536)
"318"bounds: (598,319),(657,319),(657,349),(598,349)
"A"bounds: (157,501),(165,501),(165,516),(157,516)
"642"bounds: (166,504),(188,504),(188,515),(166,515)
"PHAISTOS"bounds: (364,507),(429,507),(429,517),(364,517)
"318"bounds: (575,508),(597,508),(597,517),(575,517)
"+."bounds: (608,503),(637,503),(637,518),(608,518)
"7"bounds: (650,503),(656,503),(656,518),(650,518)
"in"bounds: (709,506),(724,505),(725,516),(710,517)
"PH"bounds: (734,505),(749,504),(750,516),(735,517)
"8b.1"bounds: (759,499),(792,497),(793,516),(760,518)
"A"bounds: (379,540),(387,540),(387,551),(379,551)
"L27"bounds: (397,536),(437,535),(437,555),(397,556)
"HT"bounds: (733,539),(749,538),(749,549),(733,550)
"45a.3,b.3"bounds: (758,534),(836,531),(837,550),(759,553)
"318"bounds: (575,541),(597,541),(597,551),(575,551)
"3_7"bounds: (397,571),(437,570),(437,589),(397,590)
"HT"bounds: (734,573),(750,573),(750,584),(734,584)
"126a.1"bounds: (761,572),(806,571),(806,584),(761,585)
"D"bounds: (381,608),(388,608),(388,618),(381,618)
"318"bounds: (572,609),(598,608),(599,622),(573,623)
"-306"bounds: (607,609),(640,607),(640,617),(608,619)
"HT"bounds: (733,607),(750,606),(751,617),(734,618)
"94a.41"bounds: (760,600),(806,598),(807,617),(761,619)
"319"bounds: (600,751),(663,751),(663,781),(600,781)
"I."bounds: (237,862),(253,862),(253,887),(237,887)
"A"bounds: (381,876),(388,876),(388,886),(381,886)
"L4_7"bounds: (398,873),(438,872),(439,892),(399,893)
"HT"bounds: (735,875),(750,874),(751,885),(736,886)
"132.11"bounds: (762,869),(808,867),(809,885),(763,887)
"319"bounds: (576,876),(599,876),(599,886),(576,886)
"HT"bounds: (736,908),(751,908),(751,919),(736,919)
"zd"bounds: (762,908),(777,908),(777,919),(762,919)
"*1554"bounds: (786,901),(826,901),(826,919),(786,919)
"156"bounds: (836,900),(860,900),(860,922),(836,922)
"(bis)4"bounds: (862,900),(917,900),(917,922),(862,922)
"*1574"bounds: (921,900),(961,900),(961,919),(921,919)
"HT"bounds: (735,933),(751,932),(751,944),(735,945)
"zd"bounds: (761,929),(784,928),(785,946),(762,947)
"1554"bounds: (788,928),(818,927),(819,945),(789,946)
"G"bounds: (382,936),(389,936),(389,946),(382,946)
"06-80-80-37-37-"bounds: (441,935),(566,935),(566,945),(441,945)
"319"bounds: (577,936),(599,936),(599,945),(577,945)
"40-57-58-80-37-37-"bounds: (417,967),(566,969),(566,981),(417,979)
"319"bounds: (575,968),(601,968),(601,982),(575,982)
"HT"bounds: (735,968),(751,967),(752,979),(736,980)
"Zd"bounds: (761,967),(775,966),(776,979),(762,980)
"1574"bounds: (787,961),(818,958),(819,976),(789,979)
"320"bounds: (603,1115),(665,1116),(665,1146),(603,1145)
"PHAISTOS"bounds: (368,1234),(433,1233),(433,1245),(368,1246)
"320"bounds: (578,1235),(601,1235),(601,1245),(578,1245)
"in"bounds: (712,1235),(727,1234),(728,1250),(713,1251)
"PH"bounds: (737,1235),(752,1234),(753,1246),(738,1247)
"16a.1"bounds: (763,1231),(802,1229),(803,1247),(764,1249)
"in"bounds: (712,1269),(728,1268),(729,1285),(713,1286)
"PH"bounds: (737,1269),(752,1268),(753,1279),(738,1280)
"16b.21"bounds: (764,1263),(809,1260),(810,1278),(765,1281)
"320"bounds: (576,1303),(602,1303),(602,1317),(576,1317)
"-320-80-02"bounds: (611,1303),(693,1303),(693,1313),(611,1313)
"PH"bounds: (736,1302),(753,1301),(753,1313),(736,1314)
"Vc"bounds: (762,1303),(777,1302),(777,1313),(762,1314)
"40a-h?"bounds: (787,1296),(836,1294),(837,1312),(788,1314)
"E"bounds: (384,1337),(391,1337),(391,1348),(384,1348)
"320-"bounds: (536,1337),(567,1337),(567,1347),(536,1347)
"320"bounds: (578,1337),(601,1337),(601,1347),(578,1347)
"-80-02"bounds: (611,1337),(660,1336),(660,1347),(611,1348)
"PH"bounds: (738,1336),(752,1335),(753,1347),(739,1348)
"WC"bounds: (762,1331),(785,1330),(786,1348),(763,1349)
"40a-h?"bounds: (788,1329),(836,1327),(837,1346),(789,1348)
"G"bounds: (384,1371),(391,1371),(391,1381),(384,1381)
"77-314-41-"bounds: (486,1370),(567,1371),(567,1381),(486,1380)
"320"bounds: (578,1371),(602,1371),(602,1380),(578,1380)
"PH"bounds: (737,1371),(753,1370),(753,1380),(738,1381)
"WC"bounds: (762,1370),(777,1369),(778,1381),(763,1382)
"37a-b?"bounds: (787,1364),(836,1362),(837,1381),(788,1383)
"297"bounds: (1128,1519),(1165,1519),(1165,1536),(1128,1536)