Texts:

"HT 68
HM- -[8.50]x Ca.20]x 0,90 um.
НT 69
HM - -[ 1,80]x [2.70]x 0,70cm.
НT 70
HM- -[4,10]xC4,30] x o,80 cm.
122
"bounds: (67,62),(1044,62),(1044,1519),(67,1519)
"HT"bounds: (67,63),(102,63),(102,79),(67,79)
"68"bounds: (114,62),(138,62),(138,79),(114,79)
"HM-"bounds: (786,318),(827,318),(827,332),(786,332)
"-[8.50]x"bounds: (841,316),(907,316),(907,332),(841,332)
"Ca.20]x"bounds: (915,314),(971,314),(971,330),(915,330)
"0,90"bounds: (980,312),(1009,312),(1009,331),(980,331)
"um."bounds: (1011,312),(1038,312),(1038,330),(1011,330)
"НT"bounds: (73,552),(127,552),(127,574),(73,574)
"69"bounds: (129,552),(142,552),(142,574),(129,574)
"HM"bounds: (768,816),(794,816),(794,829),(768,829)
"-"bounds: (803,820),(812,820),(812,822),(803,822)
"-["bounds: (824,814),(839,814),(839,829),(824,829)
"1,80]x"bounds: (848,812),(902,813),(902,832),(848,831)
"[2.70]x"bounds: (904,814),(959,815),(959,833),(904,832)
"0,70cm."bounds: (962,819),(1016,820),(1016,831),(962,830)
"НT"bounds: (71,1033),(126,1033),(126,1052),(71,1052)
"70"bounds: (128,1033),(144,1033),(144,1052),(128,1052)
"HM-"bounds: (775,1406),(819,1407),(819,1422),(775,1421)
"-[4,10]xC4,30]"bounds: (831,1405),(962,1407),(962,1425),(831,1423)
"x"bounds: (970,1414),(974,1414),(974,1420),(970,1420)
"o,80"bounds: (982,1407),(1014,1408),(1014,1427),(982,1426)
"cm."bounds: (1022,1407),(1044,1407),(1044,1427),(1022,1427)
"122"bounds: (72,1500),(106,1501),(105,1519),(71,1518)