Texts:

"173
]非山t RIVA[|FZAHA
AA日VE 1VBALI
米h-[|r7
]-日目h[ 8T z e
PRZA1 | CTE[]米 PFYE ヤYYLY
PK Za 16
Jh A光非来4山目C| St vZ
KABh 加Z%
机LA E
中即田上HA8J4[ JATAKA -l 4山山巴BAコA|Z
于キ以キ山
V1 注山S42本亚H…]本央4山UKAJ| TTZ%
平本T6I 490-]平T目+全
小LLL1| 亚点 IA1l OrZ%
"bounds: (10,180),(1192,180),(1192,1527),(10,1527)
"173"bounds: (1160,1509),(1192,1509),(1192,1527),(1160,1527)
"]"bounds: (1058,902),(1058,933),(1015,933),(1015,902)
"非"bounds: (1061,946),(1061,979),(1018,979),(1018,946)
"山"bounds: (1057,998),(1057,1029),(1018,1029),(1018,998)
"t"bounds: (1057,1044),(1057,1075),(1018,1075),(1018,1044)
"RIVA"bounds: (1066,1095),(1067,1221),(1016,1221),(1015,1095)
"["bounds: (1067,1223),(1067,1239),(1016,1239),(1016,1223)
"|"bounds: (1067,1256),(1067,1259),(1016,1259),(1016,1256)
"FZAHA"bounds: (1056,1272),(1057,1385),(1027,1385),(1026,1272)
"AA"bounds: (898,591),(899,672),(843,673),(842,592)
"日"bounds: (899,674),(899,711),(843,712),(843,675)
"VE"bounds: (900,713),(901,779),(844,780),(843,714)
"1VBALI"bounds: (900,849),(902,1006),(853,1007),(851,850)
"米"bounds: (896,1112),(898,1159),(851,1161),(849,1114)
"h-"bounds: (898,1161),(901,1231),(854,1233),(851,1163)
"["bounds: (902,1233),(903,1247),(856,1249),(855,1235)
"|"bounds: (903,1254),(903,1259),(856,1261),(856,1256)
"r7"bounds: (903,1266),(907,1343),(860,1345),(856,1268)
"]"bounds: (735,1026),(736,1067),(689,1068),(688,1027)
"-"bounds: (735,1069),(735,1075),(688,1076),(688,1070)
"日"bounds: (736,1077),(736,1099),(689,1100),(689,1078)
"目"bounds: (734,1103),(734,1120),(692,1121),(692,1104)
"h"bounds: (737,1137),(738,1182),(695,1183),(694,1138)
"["bounds: (737,1199),(738,1248),(695,1249),(694,1200)
"8T"bounds: (731,1273),(731,1303),(710,1303),(710,1273)
"z"bounds: (728,1311),(729,1342),(704,1342),(703,1311)
"e"bounds: (727,1352),(727,1379),(703,1379),(703,1352)
"PRZA1"bounds: (786,1375),(785,1288),(812,1288),(813,1375)
"|"bounds: (770,1259),(770,1257),(824,1256),(824,1258)
"CTE"bounds: (768,1239),(767,1160),(822,1159),(823,1238)
"["bounds: (768,1158),(767,1114),(821,1113),(822,1157)
"]"bounds: (767,1112),(767,1087),(821,1086),(821,1111)
"米"bounds: (767,1085),(767,1059),(821,1058),(821,1084)
"PFYE"bounds: (770,1026),(769,931),(819,930),(820,1025)
"ヤ"bounds: (772,891),(772,870),(811,869),(811,890)
"YYLY"bounds: (770,860),(768,757),(810,756),(812,859)
"PK"bounds: (558,1372),(559,1343),(584,1344),(583,1373)
"Za"bounds: (559,1336),(560,1306),(584,1307),(583,1337)
"16"bounds: (565,1299),(566,1272),(586,1273),(585,1300)
"Jh"bounds: (497,967),(497,1000),(454,1000),(454,967)
"A"bounds: (500,1013),(500,1043),(460,1043),(460,1013)
"光"bounds: (502,1053),(502,1079),(458,1079),(458,1053)
"非"bounds: (498,1089),(498,1106),(456,1106),(456,1089)
"来"bounds: (498,1116),(498,1135),(458,1135),(458,1116)
"4"bounds: (498,1145),(498,1170),(457,1170),(457,1145)
"山"bounds: (499,1176),(499,1197),(459,1197),(459,1176)
"目"bounds: (501,1207),(501,1225),(460,1225),(460,1207)
"C"bounds: (485,1235),(485,1237),(474,1237),(474,1235)
"|"bounds: (504,1243),(504,1262),(455,1263),(455,1244)
"St"bounds: (494,1272),(494,1303),(474,1303),(474,1272)
"vZ"bounds: (493,1310),(493,1342),(470,1342),(470,1310)
"KABh"bounds: (415,1038),(418,1171),(374,1172),(371,1039)
"加"bounds: (426,1272),(427,1305),(374,1306),(373,1273)
"Z"bounds: (426,1307),(427,1351),(374,1352),(373,1308)
"%"bounds: (428,1353),(428,1369),(375,1370),(375,1354)
"机"bounds: (333,740),(334,811),(282,812),(281,741)
"LA"bounds: (334,813),(335,873),(283,874),(282,814)
"E"bounds: (332,888),(333,926),(289,927),(288,889)
"中"bounds: (248,180),(249,219),(209,220),(208,181)
"即"bounds: (252,231),(253,266),(211,267),(210,232)
"田"bounds: (252,288),(253,325),(214,326),(213,289)
"上"bounds: (258,333),(259,383),(215,384),(214,334)
"HA8J4"bounds: (261,391),(264,549),(220,550),(217,392)
"["bounds: (263,557),(263,566),(221,567),(221,558)
"JATAKA"bounds: (264,589),(267,734),(224,735),(221,590)
"-l"bounds: (267,765),(270,895),(227,896),(224,766)
"4"bounds: (273,924),(275,1027),(223,1028),(221,925)
"山"bounds: (275,1029),(276,1053),(224,1054),(223,1030)
"山"bounds: (269,1060),(269,1081),(230,1082),(230,1061)
"巴"bounds: (276,1083),(277,1142),(225,1143),(224,1084)
"BA"bounds: (278,1144),(279,1203),(226,1204),(225,1145)
"コ"bounds: (279,1205),(279,1221),(227,1222),(227,1206)
"A"bounds: (279,1223),(280,1248),(228,1249),(227,1224)
"|"bounds: (280,1264),(280,1265),(228,1266),(228,1265)
"Z"bounds: (264,1277),(265,1342),(242,1342),(241,1277)
"于"bounds: (332,1068),(332,1089),(293,1089),(293,1068)
"キ"bounds: (342,1096),(342,1117),(293,1117),(293,1096)
"以"bounds: (337,1128),(337,1163),(298,1163),(298,1128)
"キ"bounds: (337,1172),(337,1195),(296,1195),(296,1172)
"山"bounds: (339,1206),(339,1233),(298,1233),(298,1206)
"V1"bounds: (115,257),(116,317),(74,318),(73,258)
"注"bounds: (123,495),(124,582),(78,583),(77,496)
"山"bounds: (125,593),(126,650),(79,651),(78,594)
"S42"bounds: (121,660),(122,729),(80,730),(79,661)
"本"bounds: (127,747),(128,789),(75,790),(74,748)
"亚"bounds: (128,791),(129,825),(76,826),(75,792)
"H"bounds: (129,827),(130,861),(77,862),(76,828)
"…"bounds: (104,878),(104,882),(100,882),(100,878)
"]"bounds: (106,902),(106,906),(101,906),(101,902)
"本"bounds: (130,927),(131,969),(78,970),(77,928)
"央"bounds: (131,971),(131,996),(78,997),(78,972)
"4"bounds: (131,998),(131,1023),(78,1024),(78,999)
"山"bounds: (132,1025),(132,1050),(79,1051),(79,1026)
"UKAJ"bounds: (132,1052),(135,1230),(82,1231),(79,1053)
"|"bounds: (136,1266),(136,1267),(83,1268),(83,1267)
"TTZ"bounds: (136,1278),(137,1356),(84,1357),(83,1279)
"%"bounds: (137,1358),(137,1383),(84,1384),(84,1359)
"平"bounds: (151,1239),(151,1224),(190,1223),(190,1238)
"本"bounds: (142,1215),(141,1188),(188,1187),(189,1214)
"T6I"bounds: (147,1177),(145,1096),(197,1095),(199,1176)
"490-"bounds: (135,1076),(132,915),(194,914),(197,1075)
"]"bounds: (143,909),(143,888),(186,887),(186,908)
"平"bounds: (144,871),(144,856),(183,855),(183,870)
"T"bounds: (131,854),(130,821),(191,820),(192,853)
"目"bounds: (131,819),(130,791),(191,790),(192,818)
"+"bounds: (140,783),(140,766),(181,765),(181,782)
"全"bounds: (141,753),(141,728),(182,727),(182,752)
"小"bounds: (45,806),(45,850),(11,850),(11,806)
"LLL1"bounds: (46,852),(47,979),(12,979),(11,852)
"|"bounds: (46,981),(46,1025),(12,1025),(12,981)
"亚"bounds: (46,1034),(46,1066),(12,1066),(12,1034)
"点"bounds: (46,1068),(46,1095),(12,1095),(12,1068)
"IA1l"bounds: (47,1167),(47,1269),(17,1269),(17,1167)
"OrZ"bounds: (47,1291),(47,1352),(13,1352),(13,1291)
"%"bounds: (47,1354),(47,1381),(13,1381),(13,1354)