Texts:

"КН 46
[2,40]x [4.40]*[0,4o]om.
КН 47
.C2, 50J x C3, 80] x 1,1o cm.
KH 49
-[2,00)x[3,70]x0,80 cm.
72
"bounds: (67,54),(1176,54),(1176,1513),(67,1513)
"КН"bounds: (84,54),(137,55),(137,76),(84,75)
"46"bounds: (139,56),(156,56),(156,77),(139,77)
"[2,40]x"bounds: (791,306),(871,309),(870,336),(790,333)
"[4.40]*[0,4o]om."bounds: (878,311),(1028,317),(1027,343),(877,337)
"КН"bounds: (80,581),(133,581),(133,602),(80,602)
"47"bounds: (126,585),(151,585),(151,602),(126,602)
".C2,"bounds: (810,951),(867,952),(867,977),(810,976)
"50J"bounds: (870,952),(913,953),(913,978),(870,977)
"x"bounds: (918,961),(928,961),(928,973),(918,973)
"C3,"bounds: (943,955),(980,956),(980,977),(943,976)
"80]"bounds: (990,954),(1028,955),(1028,974),(990,973)
"x"bounds: (1043,962),(1053,962),(1053,972),(1043,972)
"1,1o"bounds: (1069,960),(1119,961),(1119,978),(1069,977)
"cm."bounds: (1130,963),(1176,964),(1176,976),(1130,975)
"KH"bounds: (70,1115),(108,1116),(108,1133),(70,1132)
"49"bounds: (123,1115),(148,1116),(148,1134),(123,1133)
"-[2,00)x[3,70]x0,80"bounds: (791,1438),(997,1443),(996,1477),(790,1472)
"cm."bounds: (999,1443),(1037,1444),(1036,1479),(998,1478)
"72"bounds: (67,1496),(91,1496),(91,1513),(67,1513)