Texts:

"1 05
IFY
705 -31
PK Za 16*
D
08- 05 -349-05-28
КН 11.45
P于半目
09- 05 -28-57
PR Za 1h4
11- 05 -81-02
нT 122b.61 131Ь.41
AFZ
目于B
中4F千半
38- 05 -53
ZA 11b.13
57- 05 -57/
ZA 4a,23
08-41-01- 05 -28
ARKH 2.2-33
08-05-349- 05 -28
KH 11.43
-39日YFX十~
- 81-16-54-31- 05 -80-02-
KO (?) Zf 24
G
HT 132.1-21
16-27- 05
HT 97a.3' 120.6
03-28- 05
01-54-. 7-51-54- 05
KN Za 10h4
152
"bounds: (57,306),(956,306),(956,1524),(57,1524)
"1"bounds: (648,306),(669,306),(669,345),(648,345)
"05"bounds: (670,310),(707,310),(707,342),(670,342)
"IFY"bounds: (307,481),(357,482),(356,505),(306,504)
"705"bounds: (631,491),(665,491),(665,509),(631,509)
"-31"bounds: (674,495),(696,495),(696,505),(674,505)
"PK"bounds: (808,495),(824,495),(824,505),(808,505)
"Za"bounds: (834,495),(848,495),(848,506),(834,506)
"16*"bounds: (860,491),(881,491),(881,505),(860,505)
"D"bounds: (462,493),(470,493),(470,504),(462,504)
"08-"bounds: (614,529),(638,529),(638,538),(614,538)
"05"bounds: (648,526),(667,526),(667,542),(648,542)
"-349-05-28"bounds: (674,528),(756,528),(756,539),(674,539)
"КН"bounds: (803,524),(838,523),(838,540),(803,541)
"11.45"bounds: (840,523),(874,522),(874,539),(840,540)
"P"bounds: (297,548),(306,548),(306,570),(297,570)
"于"bounds: (319,549),(335,549),(335,577),(319,577)
"半"bounds: (345,546),(357,546),(357,572),(345,572)
"目"bounds: (367,547),(379,547),(379,576),(367,576)
"09-"bounds: (615,562),(638,562),(638,572),(615,572)
"05"bounds: (648,559),(673,559),(673,576),(648,576)
"-28-57"bounds: (674,561),(722,562),(722,573),(674,572)
"PR"bounds: (807,562),(823,560),(824,572),(808,574)
"Za"bounds: (833,562),(848,560),(849,572),(834,574)
"1h4"bounds: (858,555),(881,553),(883,569),(860,572)
"11-"bounds: (616,596),(638,596),(638,606),(616,606)
"05"bounds: (648,596),(663,596),(663,605),(648,605)
"-81-02"bounds: (674,596),(723,596),(723,606),(674,606)
"нT"bounds: (808,595),(824,595),(824,606),(808,606)
"122b.61"bounds: (835,588),(888,587),(888,606),(835,607)
"131Ь.41"bounds: (901,588),(956,587),(956,605),(901,606)
"AFZ"bounds: (294,615),(355,615),(355,639),(294,639)
"目"bounds: (299,646),(310,646),(310,670),(299,670)
"于"bounds: (319,647),(333,647),(333,668),(319,668)
"B"bounds: (344,646),(365,646),(365,670),(344,670)
"中"bounds: (251,682),(267,682),(267,704),(251,704)
"4F"bounds: (273,681),(309,681),(309,703),(273,703)
"千"bounds: (319,680),(335,680),(335,702),(319,702)
"半"bounds: (341,679),(354,679),(354,703),(341,703)
"38-"bounds: (616,629),(638,629),(638,639),(616,639)
"05"bounds: (651,626),(667,626),(667,641),(651,641)
"-53"bounds: (674,629),(697,629),(697,639),(674,639)
"ZA"bounds: (805,623),(831,622),(832,641),(806,642)
"11b.13"bounds: (835,622),(882,621),(883,638),(836,640)
"57-"bounds: (616,663),(638,663),(638,672),(616,672)
"05"bounds: (647,663),(665,663),(665,677),(647,677)
"-57/"bounds: (672,658),(707,658),(707,677),(672,677)
"ZA"bounds: (808,663),(823,662),(824,673),(809,674)
"4a,23"bounds: (833,656),(873,653),(874,672),(834,675)
"08-41-01-"bounds: (564,695),(638,696),(638,707),(564,706)
"05"bounds: (648,696),(663,696),(663,706),(648,706)
"-28"bounds: (674,695),(698,695),(698,706),(674,706)
"ARKH"bounds: (807,694),(841,692),(842,705),(808,707)
"2.2-33"bounds: (851,688),(899,686),(900,705),(852,707)
"08-05-349-"bounds: (556,730),(639,730),(639,740),(556,740)
"05"bounds: (653,727),(668,727),(668,741),(653,741)
"-28"bounds: (674,730),(697,730),(697,739),(674,739)
"KH"bounds: (808,729),(824,728),(825,739),(809,740)
"11.43"bounds: (834,722),(875,719),(876,737),(835,740)
"-"bounds: (203,745),(232,745),(232,776),(203,776)
"39"bounds: (248,748),(265,748),(265,772),(248,772)
"日"bounds: (273,747),(288,747),(288,770),(273,770)
"YFX"bounds: (298,748),(359,747),(359,769),(298,770)
"十"bounds: (365,747),(382,747),(382,770),(365,770)
"~"bounds: (388,756),(395,756),(395,759),(388,759)
"-"bounds: (528,768),(535,768),(535,768),(528,768)
"81-16-54-31-"bounds: (540,764),(638,764),(638,773),(540,773)
"05"bounds: (650,759),(668,759),(668,775),(650,775)
"-80-02-"bounds: (674,764),(731,764),(731,773),(674,773)
"KO"bounds: (808,763),(824,762),(825,773),(809,774)
"(?)"bounds: (827,762),(846,761),(847,776),(828,777)
"Zf"bounds: (859,762),(875,761),(876,773),(860,774)
"24"bounds: (885,756),(899,755),(900,772),(886,773)
"G"bounds: (463,795),(471,795),(471,807),(463,807)
"HT"bounds: (808,796),(824,795),(825,806),(809,807)
"132.1-21"bounds: (836,790),(897,787),(898,807),(837,810)
"16-27-"bounds: (591,796),(639,796),(639,806),(591,806)
"05"bounds: (649,796),(663,796),(663,807),(649,807)
"HT"bounds: (809,830),(825,831),(825,842),(809,841)
"97a.3'"bounds: (835,821),(881,823),(880,842),(834,840)
"120.6"bounds: (895,822),(940,824),(939,848),(894,847)
"03-28-"bounds: (590,831),(639,830),(639,840),(590,841)
"05"bounds: (649,831),(664,831),(664,840),(649,840)
"01-54-."bounds: (489,862),(560,861),(560,878),(489,879)
"7-51-54-"bounds: (564,860),(639,859),(639,880),(564,881)
"05"bounds: (649,864),(664,864),(664,874),(649,874)
"KN"bounds: (809,863),(824,862),(825,874),(810,875)
"Za"bounds: (834,863),(849,862),(850,874),(835,875)
"10h4"bounds: (861,857),(891,856),(892,873),(862,874)
"152"bounds: (57,1507),(91,1507),(91,1524),(57,1524)