Texts:

"XVI
INSCRIPTIONS EN LINÉAIRE A
.1 Arkhanès : MR I A-B.
.2 Khania
: -Hallager 1975 : MR III A.
-Papapostolou 1976 : MR I'.
.3 Zakros
: MR I B.
f. Pas plus que dans le volume 1, nous ne tenterons d'ébaucher une
classification des mains des scribes les éditions princeps en parlent et
:
nous y reviendrons dans le volume 5, à l'occasion de l'étude générale de
la paléographie des tablettes.
Ces six points établis, voici la concordance pour chacun de nos trois
sites. On verra que celle d'Arkhanès ne pose aucun problème, que celle de
Khania est relativement simple, tandis que celle de Zakros se présente de
façon un peu plus complexe.
.1 Arkhanès
GORILA
Lembesi-Olivier-
Date de
Lieu de
No d'inventaire
Godart 1975
trouvaille
trouvaille
HM
ARKH 1
ARKH 2
ARKH 3
Odos Kapétanaki 1668[ +]1669[+]-|
Odos Kapétanaki
Odos Kapétanaki
Odos Kapétanaki
Odos Kapétanaki
Odos Kapétanaki
Odos Kapétanaki
1
1970
1970
1673
3
1970
1675
ARKH 4
4
1970
1670
ARKH 5
ARKH 6
ARKH 7
1970
1970
1674
1671
7
1970
1672
(1) On notera qu'un scribe au moins (cf. Papapostolou-Godart-Olivier 1975, p. LIV)
Odos Katré et Plateia Aghias Aikatérinis : ou bien ce lettré a joui d'une existence remarquablement
longue, ou bien une des deux datations est à réviser.
"bounds: (256,178),(1059,178),(1059,1330),(256,1330)
"XVI"bounds: (262,178),(290,178),(290,188),(262,188)
"INSCRIPTIONS"bounds: (527,181),(643,181),(643,191),(527,191)
"EN"bounds: (656,183),(677,183),(677,192),(656,192)
"LINÉAIRE"bounds: (691,180),(771,180),(771,193),(691,193)
"A"bounds: (784,184),(794,184),(794,193),(784,193)
".1"bounds: (363,228),(380,228),(380,245),(363,245)
"Arkhanès"bounds: (397,228),(494,229),(494,247),(397,246)
":"bounds: (506,229),(515,229),(515,250),(506,250)
"MR"bounds: (521,230),(557,230),(557,247),(521,247)
"I"bounds: (572,229),(585,229),(585,250),(572,250)
"A-B."bounds: (587,231),(632,231),(632,248),(587,248)
".2"bounds: (363,264),(381,264),(381,280),(363,280)
"Khania"bounds: (398,264),(472,264),(472,281),(398,281)
":"bounds: (505,264),(521,264),(521,288),(505,288)
"-Hallager"bounds: (521,266),(618,266),(618,288),(521,288)
"1975"bounds: (629,267),(674,267),(674,283),(629,283)
":"bounds: (686,274),(688,274),(688,283),(686,283)
"MR"bounds: (701,268),(737,268),(737,284),(701,284)
"III"bounds: (749,268),(777,268),(777,285),(749,285)
"A."bounds: (788,269),(809,269),(809,285),(788,285)
"-Papapostolou"bounds: (520,297),(669,296),(669,319),(520,320)
"1976"bounds: (681,298),(727,298),(727,315),(681,315)
":"bounds: (735,295),(746,295),(746,320),(735,320)
"MR"bounds: (753,299),(788,299),(788,316),(753,316)
"I'."bounds: (802,298),(823,298),(823,316),(802,316)
".3"bounds: (363,330),(381,330),(381,347),(363,347)
"Zakros"bounds: (397,330),(465,331),(465,349),(397,348)
":"bounds: (509,332),(525,332),(525,353),(509,353)
"MR"bounds: (520,332),(556,331),(556,348),(520,349)
"I"bounds: (571,331),(587,331),(587,352),(571,352)
"B."bounds: (586,333),(606,333),(606,349),(586,349)
"f."bounds: (309,374),(321,374),(321,395),(309,395)
"Pas"bounds: (338,374),(372,374),(372,391),(338,391)
"plus"bounds: (385,375),(426,375),(426,396),(385,396)
"que"bounds: (440,382),(475,382),(475,396),(440,396)
"dans"bounds: (488,376),(534,376),(534,393),(488,393)
"le"bounds: (547,376),(562,376),(562,393),(547,393)
"volume"bounds: (575,376),(650,377),(650,395),(575,394)
"1,"bounds: (664,377),(678,377),(678,399),(664,399)
"nous"bounds: (693,385),(739,385),(739,395),(693,395)
"ne"bounds: (752,385),(774,385),(774,395),(752,395)
"tenterons"bounds: (786,383),(883,384),(883,397),(786,396)
"d'ébaucher"bounds: (897,379),(1011,380),(1011,398),(897,397)
"une"bounds: (1023,388),(1058,388),(1058,398),(1023,398)
"classification"bounds: (261,404),(395,406),(395,424),(261,422)
"des"bounds: (409,406),(440,406),(440,423),(409,423)
"mains"bounds: (455,406),(515,407),(515,424),(455,423)
"des"bounds: (529,407),(560,407),(560,424),(529,424)
"scribes"bounds: (574,407),(643,408),(643,426),(574,425)
"les"bounds: (674,409),(699,409),(699,426),(674,426)
"éditions"bounds: (716,408),(797,409),(797,427),(716,426)
"princeps"bounds: (814,411),(899,412),(899,432),(814,431)
"en"bounds: (914,410),(940,410),(940,433),(914,433)
"parlent"bounds: (950,410),(1028,411),(1028,435),(950,434)
"et"bounds: (1041,417),(1059,417),(1059,430),(1041,430)
":"bounds: (658,416),(659,416),(659,425),(658,425)
"nous"bounds: (261,442),(307,442),(307,452),(261,452)
"y"bounds: (321,443),(332,443),(332,458),(321,458)
"reviendrons"bounds: (345,436),(466,437),(466,455),(345,454)
"dans"bounds: (480,438),(526,438),(526,455),(480,455)
"le"bounds: (539,438),(554,438),(554,455),(539,455)
"volume"bounds: (567,439),(642,440),(642,457),(567,456)
"5,"bounds: (656,439),(671,439),(671,460),(656,460)
"à"bounds: (685,441),(694,441),(694,456),(685,456)
"l'occasion"bounds: (708,439),(808,440),(808,458),(708,457)
"de"bounds: (821,440),(843,440),(843,459),(821,459)
"l'étude"bounds: (855,441),(926,442),(926,460),(855,459)
"générale"bounds: (939,442),(1023,443),(1023,463),(939,462)
"de"bounds: (1037,443),(1058,443),(1058,460),(1037,460)
"la"bounds: (256,465),(284,465),(284,492),(256,492)
"paléographie"bounds: (293,467),(425,467),(425,490),(293,490)
"des"bounds: (440,469),(470,469),(470,485),(440,485)
"tablettes."bounds: (485,469),(581,469),(581,486),(485,486)
"Ces"bounds: (310,511),(343,511),(343,528),(310,528)
"six"bounds: (356,512),(383,512),(383,529),(356,529)
"points"bounds: (396,512),(458,513),(458,534),(396,533)
"établis,"bounds: (471,514),(544,515),(544,534),(471,533)
"voici"bounds: (558,514),(605,514),(605,531),(558,531)
"la"bounds: (618,515),(635,515),(635,531),(618,531)
"concordance"bounds: (648,515),(776,516),(776,533),(648,532)
"pour"bounds: (789,522),(836,522),(836,536),(789,536)
"chacun"bounds: (848,517),(920,518),(920,534),(848,533)
"de"bounds: (933,518),(955,518),(955,535),(933,535)
"nos"bounds: (968,525),(1000,525),(1000,535),(968,535)
"trois"bounds: (1013,519),(1058,519),(1058,536),(1013,536)
"sites."bounds: (261,542),(311,543),(311,560),(261,559)
"On"bounds: (324,542),(358,542),(358,563),(324,563)
"verra"bounds: (363,549),(416,550),(416,561),(363,560)
"que"bounds: (428,550),(463,550),(463,564),(428,564)
"celle"bounds: (475,544),(518,544),(518,561),(475,561)
"d'Arkhanès"bounds: (530,544),(648,545),(648,562),(530,561)
"ne"bounds: (661,552),(681,552),(681,561),(661,561)
"pose"bounds: (693,553),(737,553),(737,567),(693,567)
"aucun"bounds: (749,553),(810,554),(810,564),(749,563)
"problème,"bounds: (821,546),(922,547),(922,569),(821,568)
"que"bounds: (935,555),(970,555),(970,569),(935,569)
"celle"bounds: (982,549),(1025,549),(1025,565),(982,565)
"de"bounds: (1037,549),(1058,549),(1058,565),(1037,565)
"Khania"bounds: (263,572),(338,573),(338,590),(263,589)
"est"bounds: (350,577),(377,577),(377,590),(350,590)
"relativement"bounds: (388,573),(521,575),(521,592),(388,590)
"simple,"bounds: (533,575),(604,576),(604,597),(533,596)
"tandis"bounds: (617,576),(679,577),(679,594),(617,593)
"que"bounds: (692,583),(727,583),(727,597),(692,597)
"celle"bounds: (739,578),(782,579),(782,595),(739,594)
"de"bounds: (794,578),(816,578),(816,595),(794,595)
"Zakros"bounds: (828,578),(897,579),(897,596),(828,595)
"se"bounds: (909,586),(927,586),(927,595),(909,595)
"présente"bounds: (938,580),(1024,581),(1024,601),(938,600)
"de"bounds: (1036,581),(1058,581),(1058,597),(1036,597)
"façon"bounds: (262,604),(316,605),(316,625),(262,624)
"un"bounds: (329,611),(352,611),(352,621),(329,621)
"peu"bounds: (366,611),(401,611),(401,626),(366,626)
"plus"bounds: (414,605),(455,605),(455,627),(414,627)
"complexe."bounds: (469,605),(571,606),(571,629),(469,628)
".1"bounds: (264,734),(281,734),(281,751),(264,751)
"Arkhanès"bounds: (297,734),(392,734),(392,752),(297,752)
"GORILA"bounds: (313,821),(368,822),(368,832),(313,831)
"Lembesi-Olivier-"bounds: (431,815),(556,816),(556,828),(431,827)
"Date"bounds: (616,817),(650,817),(650,828),(616,828)
"de"bounds: (659,818),(674,818),(674,828),(659,828)
"Lieu"bounds: (779,818),(810,818),(810,829),(779,829)
"de"bounds: (819,819),(834,819),(834,829),(819,829)
"No"bounds: (905,817),(944,817),(944,833),(905,833)
"d'inventaire"bounds: (946,817),(1032,817),(1032,833),(946,833)
"Godart"bounds: (444,835),(495,835),(495,846),(444,846)
"1975"bounds: (508,836),(540,836),(540,846),(508,846)
"trouvaille"bounds: (611,836),(682,835),(682,847),(611,848)
"trouvaille"bounds: (771,838),(841,838),(841,849),(771,849)
"HM"bounds: (959,840),(984,840),(984,850),(959,850)
"ARKH"bounds: (299,899),(362,899),(362,914),(299,914)
"1"bounds: (371,900),(379,900),(379,914),(371,914)
"ARKH"bounds: (299,923),(362,924),(362,940),(299,939)
"2"bounds: (370,925),(380,925),(380,939),(370,939)
"ARKH"bounds: (298,948),(362,949),(362,963),(298,962)
"3"bounds: (370,948),(379,948),(379,963),(370,963)
"Odos"bounds: (727,903),(770,904),(770,918),(727,917)
"Kapétanaki"bounds: (778,899),(884,901),(884,926),(778,924)
"1668["bounds: (895,904),(939,905),(939,925),(895,924)
"+]1669[+]-|"bounds: (941,902),(1055,904),(1055,929),(941,927)
"Odos"bounds: (722,924),(770,925),(769,947),(721,946)
"Kapétanaki"bounds: (782,925),(886,928),(885,951),(781,948)
"Odos"bounds: (721,947),(770,948),(769,970),(720,969)
"Kapétanaki"bounds: (782,948),(886,951),(885,974),(781,971)
"Odos"bounds: (722,973),(769,974),(769,991),(722,990)
"Kapétanaki"bounds: (780,973),(884,974),(884,996),(780,995)
"Odos"bounds: (721,997),(769,998),(769,1020),(721,1019)
"Kapétanaki"bounds: (782,998),(882,1000),(881,1023),(781,1021)
"Odos"bounds: (722,1025),(769,1026),(769,1043),(722,1042)
"Kapétanaki"bounds: (780,1022),(884,1025),(883,1047),(779,1044)
"Odos"bounds: (722,1049),(769,1050),(769,1068),(722,1067)
"Kapétanaki"bounds: (780,1047),(884,1050),(883,1072),(779,1069)
"1"bounds: (490,902),(495,902),(495,915),(490,915)
"1970"bounds: (627,902),(665,901),(665,916),(627,917)
"1970"bounds: (627,927),(665,927),(665,941),(627,941)
"1673"bounds: (953,929),(992,930),(992,945),(953,944)
"3"bounds: (488,950),(496,950),(496,964),(488,964)
"1970"bounds: (627,952),(665,951),(665,965),(627,966)
"1675"bounds: (953,954),(992,955),(992,968),(953,967)
"ARKH"bounds: (298,972),(362,973),(362,988),(298,987)
"4"bounds: (370,973),(379,973),(379,987),(370,987)
"4"bounds: (488,975),(496,975),(496,988),(488,988)
"1970"bounds: (626,976),(665,976),(665,990),(626,990)
"1670"bounds: (953,978),(991,978),(991,992),(953,992)
"ARKH"bounds: (298,997),(362,998),(362,1014),(298,1013)
"5"bounds: (370,998),(379,998),(379,1012),(370,1012)
"ARKH"bounds: (298,1021),(361,1022),(361,1038),(298,1037)
"6"bounds: (370,1022),(379,1022),(379,1037),(370,1037)
"ARKH"bounds: (298,1045),(361,1046),(361,1062),(298,1061)
"7"bounds: (370,1046),(378,1046),(378,1061),(370,1061)
"1970"bounds: (626,1000),(665,999),(665,1014),(626,1015)
"1970"bounds: (626,1024),(665,1023),(665,1038),(626,1039)
"1674"bounds: (953,1003),(991,1003),(991,1017),(953,1017)
"1671"bounds: (953,1026),(989,1027),(989,1041),(953,1040)
"7"bounds: (488,1048),(496,1048),(496,1062),(488,1062)
"1970"bounds: (626,1049),(665,1049),(665,1063),(626,1063)
"1672"bounds: (953,1052),(991,1052),(991,1065),(953,1065)
"(1)"bounds: (309,1276),(326,1276),(326,1290),(309,1290)
"On"bounds: (339,1274),(364,1274),(364,1291),(339,1291)
"notera"bounds: (368,1277),(414,1277),(414,1288),(368,1288)
"qu'un"bounds: (423,1277),(465,1277),(465,1291),(423,1291)
"scribe"bounds: (474,1278),(516,1278),(516,1288),(474,1288)
"au"bounds: (525,1281),(541,1281),(541,1288),(525,1288)
"moins"bounds: (551,1278),(594,1278),(594,1289),(551,1289)
"(cf."bounds: (603,1278),(624,1278),(624,1292),(603,1292)
"Papapostolou-Godart-Olivier"bounds: (634,1278),(855,1279),(855,1293),(634,1292)
"1975,"bounds: (865,1280),(902,1280),(902,1295),(865,1295)
"p."bounds: (911,1283),(923,1283),(923,1295),(911,1295)
"LIV)"bounds: (933,1280),(960,1280),(960,1295),(933,1295)
"Odos"bounds: (260,1295),(296,1295),(296,1306),(260,1306)
"Katré"bounds: (306,1295),(348,1295),(348,1307),(306,1307)
"et"bounds: (357,1296),(370,1296),(370,1307),(357,1307)
"Plateia"bounds: (380,1296),(431,1296),(431,1308),(380,1308)
"Aghias"bounds: (441,1297),(492,1297),(492,1310),(441,1310)
"Aikatérinis"bounds: (501,1297),(583,1298),(583,1310),(501,1309)
":"bounds: (595,1295),(602,1295),(602,1311),(595,1311)
"ou"bounds: (605,1301),(620,1301),(620,1309),(605,1309)
"bien"bounds: (631,1298),(661,1298),(661,1309),(631,1309)
"ce"bounds: (670,1302),(684,1302),(684,1309),(670,1309)
"lettré"bounds: (693,1298),(732,1298),(732,1309),(693,1309)
"a"bounds: (742,1302),(748,1302),(748,1310),(742,1310)
"joui"bounds: (757,1299),(785,1299),(785,1313),(757,1313)
"d'une"bounds: (794,1299),(835,1299),(835,1310),(794,1310)
"existence"bounds: (844,1299),(912,1300),(912,1312),(844,1311)
"remarquablement"bounds: (921,1299),(1055,1300),(1055,1316),(921,1315)
"longue,"bounds: (258,1314),(312,1314),(312,1329),(258,1329)
"ou"bounds: (321,1319),(337,1319),(337,1327),(321,1327)
"bien"bounds: (346,1316),(376,1316),(376,1327),(346,1327)
"une"bounds: (384,1320),(409,1320),(409,1327),(384,1327)
"des"bounds: (418,1317),(440,1317),(440,1328),(418,1328)
"deux"bounds: (448,1317),(484,1317),(484,1329),(448,1329)
"datations"bounds: (492,1318),(562,1319),(562,1330),(492,1329)
"est"bounds: (570,1318),(590,1318),(590,1329),(570,1329)
"à"bounds: (598,1319),(604,1319),(604,1330),(598,1330)
"réviser."bounds: (613,1319),(666,1319),(666,1330),(613,1330)