Texts:

"IMPRIMERIE
A. BONTEMPS
LIMOGES (FRANCE)
Dépôt légal : Septembre 1982
IMP. N° 22501-82
"bounds: (506,629),(716,629),(716,724),(506,724)
"IMPRIMERIE"bounds: (558,629),(668,630),(668,638),(558,637)
"A."bounds: (551,644),(588,644),(588,656),(551,656)
"BONTEMPS"bounds: (588,648),(668,648),(668,655),(588,655)
"LIMOGES"bounds: (510,663),(617,663),(617,676),(510,676)
"(FRANCE)"bounds: (621,663),(715,663),(715,676),(621,676)
"Dépôt"bounds: (506,691),(555,691),(555,707),(506,707)
"légal"bounds: (558,694),(587,694),(587,706),(558,706)
":"bounds: (596,691),(603,691),(603,707),(596,707)
"Septembre"bounds: (611,694),(681,694),(681,706),(611,706)
"1982"bounds: (692,694),(716,694),(716,703),(692,703)
"IMP."bounds: (560,716),(583,716),(583,723),(560,723)
"N°"bounds: (594,715),(607,715),(607,723),(594,723)
"22501-82"bounds: (616,713),(666,712),(666,723),(616,724)