Texts:

"310
HT 8a.3,h.3-4' 85h.5-6' 122a.41
E
16- 310 -28
39- 310 -08
ZA 11a.53
67- 310 -27
нT 37.41
77-53- 310 -28
HT 98a.4!
7310
KN 28a.31
F
741-17-24- 310
KN Zf 314
G
767- 310
HT 27a.4-51
311
A 606
H
301+ 311
KH Wc 20463 20473 20483 20493 20503
20513 2052 2053 2113
292
"bounds: (58,348),(1111,348),(1111,1519),(58,1519)
"310"bounds: (676,350),(738,348),(739,377),(677,379)
"HT"bounds: (817,531),(832,531),(832,542),(817,542)
"8a.3,h.3-4'"bounds: (843,525),(931,523),(931,544),(843,546)
"85h.5-6'"bounds: (944,524),(1007,523),(1007,542),(944,543)
"122a.41"bounds: (1021,524),(1075,523),(1075,542),(1021,543)
"E"bounds: (464,529),(470,529),(470,539),(464,539)
"16-"bounds: (624,532),(646,532),(646,541),(624,541)
"310"bounds: (658,532),(681,532),(681,542),(658,542)
"-28"bounds: (691,532),(714,532),(714,541),(691,541)
"39-"bounds: (624,566),(646,566),(646,575),(624,575)
"310"bounds: (655,566),(682,566),(682,581),(655,581)
"-08"bounds: (690,562),(715,562),(715,581),(690,581)
"ZA"bounds: (813,560),(840,558),(841,577),(814,579)
"11a.53"bounds: (844,559),(891,556),(892,574),(845,577)
"67-"bounds: (624,599),(647,599),(647,609),(624,609)
"310"bounds: (656,599),(682,599),(682,613),(656,613)
"-27"bounds: (691,599),(714,599),(714,609),(691,609)
"нT"bounds: (816,599),(833,598),(834,610),(817,611)
"37.41"bounds: (842,592),(881,590),(882,609),(843,611)
"77-53-"bounds: (599,632),(646,633),(646,643),(599,642)
"310"bounds: (657,630),(698,631),(698,644),(657,643)
"-28"bounds: (700,630),(714,630),(714,643),(700,643)
"HT"bounds: (816,632),(832,631),(833,641),(817,642)
"98a.4!"bounds: (842,626),(889,623),(890,641),(843,644)
"7310"bounds: (640,662),(682,662),(682,681),(640,681)
"KN"bounds: (817,665),(833,664),(834,676),(818,677)
"28a.31"bounds: (843,660),(889,656),(890,675),(844,679)
"F"bounds: (463,664),(470,664),(470,675),(463,675)
"741-17-24-"bounds: (556,696),(646,697),(646,714),(556,713)
"310"bounds: (656,699),(682,699),(682,713),(656,713)
"KN"bounds: (817,699),(832,698),(833,709),(818,710)
"Zf"bounds: (842,699),(858,698),(859,709),(843,710)
"314"bounds: (866,691),(891,689),(892,708),(867,710)
"G"bounds: (463,698),(470,698),(470,708),(463,708)
"767-"bounds: (607,728),(647,729),(647,745),(607,744)
"310"bounds: (656,731),(683,732),(683,747),(656,746)
"HT"bounds: (816,731),(833,730),(834,741),(817,742)
"27a.4-51"bounds: (843,727),(907,723),(908,741),(844,745)
"311"bounds: (678,879),(731,878),(731,910),(678,911)
"A"bounds: (248,984),(257,984),(257,999),(248,999)
"606"bounds: (258,987),(281,987),(281,998),(258,998)
"H"bounds: (471,992),(479,992),(479,1003),(471,1003)
"301+"bounds: (616,993),(648,994),(648,1004),(616,1003)
"311"bounds: (658,993),(682,994),(682,1008),(658,1007)
"KH"bounds: (817,993),(835,993),(835,1003),(817,1003)
"Wc"bounds: (842,993),(858,993),(858,1004),(842,1004)
"20463"bounds: (869,985),(908,985),(908,1004),(869,1004)
"20473"bounds: (920,984),(959,984),(959,1003),(920,1003)
"20483"bounds: (971,985),(1010,985),(1010,1004),(971,1004)
"20493"bounds: (1022,986),(1061,986),(1061,1004),(1022,1004)
"20503"bounds: (1072,986),(1111,986),(1111,1005),(1072,1005)
"20513"bounds: (869,1019),(908,1019),(908,1037),(869,1037)
"2052"bounds: (920,1016),(951,1016),(951,1040),(920,1040)
"2053"bounds: (970,1016),(1001,1016),(1001,1040),(970,1040)
"2113"bounds: (1020,1016),(1051,1016),(1051,1040),(1020,1040)
"292"bounds: (58,1502),(96,1502),(96,1519),(58,1519)