Texts:

"TABLEAU DES VARIANTES DES SIGNES
XXXI
AB20
KH 57.2
AB 21
KHWE2063 KH WE 2 102 PH WE 44 (ZA 9.2)
AB 21f
HT84.1 HT132.2 HT76.4 HT42 a.1 ZA 5a.4 HT28 .1
发
HT1886.1 HT115A.2 ZA14.1 KN 28a.2 KH 88.1 ARKH2.4
HT135 .3
AB 21m
PH 31a.2
ZA 22.2
AB 22
HT WC 3014b
"bounds: (102,80),(1033,80),(1033,1388),(102,1388)
"TABLEAU"bounds: (395,85),(472,85),(472,94),(395,94)
"DES"bounds: (484,80),(529,80),(529,94),(484,94)
"VARIANTES"bounds: (529,84),(624,84),(624,94),(529,94)
"DES"bounds: (638,84),(668,84),(668,93),(638,93)
"SIGNES"bounds: (681,84),(739,84),(739,94),(681,94)
"XXXI"bounds: (923,84),(966,84),(966,93),(923,93)
"AB20"bounds: (436,193),(523,193),(523,219),(436,219)
"KH"bounds: (112,308),(157,308),(157,341),(112,341)
"57.2"bounds: (168,314),(229,314),(229,337),(168,337)
"AB"bounds: (435,399),(480,399),(480,426),(435,426)
"21"bounds: (505,402),(543,402),(543,424),(505,424)
"KHWE2063"bounds: (118,514),(247,514),(247,547),(118,547)
"KH"bounds: (275,520),(313,520),(313,542),(275,542)
"WE"bounds: (329,515),(366,515),(366,548),(329,548)
"2"bounds: (368,515),(377,515),(377,548),(368,548)
"102"bounds: (379,515),(423,515),(423,548),(379,548)
"PH"bounds: (445,515),(480,515),(480,542),(445,542)
"WE"bounds: (493,515),(519,515),(519,549),(493,549)
"44"bounds: (533,516),(570,516),(570,549),(533,549)
"(ZA"bounds: (589,516),(644,516),(644,544),(589,544)
"9.2)"bounds: (655,516),(714,516),(714,544),(655,544)
"AB"bounds: (430,602),(477,599),(479,626),(432,629)
"21f"bounds: (496,596),(548,593),(550,626),(498,629)
"HT84.1"bounds: (111,721),(224,721),(224,747),(111,747)
"HT132.2"bounds: (258,723),(390,723),(390,747),(258,747)
"HT76.4"bounds: (424,720),(537,720),(537,748),(424,748)
"HT42"bounds: (585,720),(670,720),(670,752),(585,752)
"a.1"bounds: (673,720),(730,720),(730,752),(673,752)
"ZA"bounds: (761,720),(807,720),(807,752),(761,752)
"5a.4"bounds: (807,727),(873,727),(873,752),(807,752)
"HT28"bounds: (898,720),(994,720),(994,752),(898,752)
".1"bounds: (996,720),(1033,720),(1033,752),(996,752)
"发"bounds: (780,752),(953,752),(953,835),(780,835)
"HT1886.1"bounds: (111,836),(244,836),(244,863),(111,863)
"HT115A.2"bounds: (265,839),(402,839),(402,863),(265,863)
"ZA14.1"bounds: (427,842),(535,842),(535,862),(427,862)
"KN"bounds: (575,836),(624,836),(624,870),(575,870)
"28a.2"bounds: (627,836),(712,836),(712,870),(627,870)
"KH"bounds: (726,838),(766,838),(766,862),(726,862)
"88.1"bounds: (779,839),(846,839),(846,863),(779,863)
"ARKH2.4"bounds: (879,840),(1021,840),(1021,870),(879,870)
"HT135"bounds: (112,955),(229,957),(229,980),(112,979)
".3"bounds: (238,961),(255,961),(255,980),(238,980)
"AB"bounds: (423,1039),(470,1039),(470,1068),(423,1068)
"21m"bounds: (491,1040),(561,1040),(561,1068),(491,1068)
"PH"bounds: (112,1153),(150,1155),(149,1181),(111,1179)
"31a.2"bounds: (164,1159),(250,1163),(249,1184),(163,1180)
"ZA"bounds: (289,1154),(339,1155),(338,1184),(288,1183)
"22.2"bounds: (354,1159),(418,1160),(417,1182),(354,1181)
"AB"bounds: (424,1243),(472,1244),(472,1274),(424,1273)
"22"bounds: (494,1248),(533,1249),(533,1271),(494,1270)
"HT"bounds: (103,1355),(165,1356),(164,1387),(102,1386)
"WC"bounds: (184,1356),(229,1357),(228,1388),(183,1387)
"3014b"bounds: (226,1360),(313,1361),(313,1386),(226,1385)