Texts:

"ΚΗ 83
-C3,38 x C3,Ga x 1pim. 6on am
lat. Aup. à 1, 2 cm de la. casura
droite. Palimpseste.
KH 84
-C2,90] x [3,99 x 4,3em.
Tracer de E .
KH 85
- C3,8 x [4,69x 4,4ocm.
98
"bounds: (77,61),(1051,61),(1051,1520),(77,1520)
"ΚΗ"bounds: (84,61),(122,62),(122,78),(84,77)
"83"bounds: (138,62),(162,62),(162,78),(138,78)
"-C3,38"bounds: (792,367),(840,368),(840,381),(792,380)
"x"bounds: (846,372),(852,372),(852,380),(846,380)
"C3,Ga"bounds: (864,368),(912,369),(912,382),(864,381)
"x"bounds: (914,367),(921,367),(921,383),(914,383)
"1pim."bounds: (923,370),(963,370),(963,382),(923,382)
"6on"bounds: (976,368),(1014,368),(1014,381),(976,381)
"am"bounds: (1022,376),(1041,376),(1041,381),(1022,381)
"lat."bounds: (803,392),(838,392),(838,407),(803,407)
"Aup."bounds: (843,392),(875,392),(875,407),(843,407)
"à"bounds: (878,394),(886,394),(886,404),(878,404)
"1,"bounds: (899,392),(915,392),(915,407),(899,407)
"2"bounds: (917,395),(923,395),(923,404),(917,404)
"cm"bounds: (928,397),(949,397),(949,404),(928,404)
"de"bounds: (959,396),(975,396),(975,406),(959,406)
"la."bounds: (983,393),(999,393),(999,405),(983,405)
"casura"bounds: (1005,398),(1051,398),(1051,406),(1005,406)
"droite."bounds: (804,415),(856,417),(855,430),(803,428)
"Palimpseste."bounds: (869,413),(961,417),(960,439),(868,435)
"KH"bounds: (80,589),(118,589),(118,605),(80,605)
"84"bounds: (133,589),(158,589),(158,606),(133,606)
"-C2,90]"bounds: (863,909),(915,908),(915,924),(863,925)
"x"bounds: (921,916),(926,916),(926,922),(921,922)
"[3,99"bounds: (934,906),(974,905),(974,921),(934,922)
"x"bounds: (981,913),(987,913),(987,920),(981,920)
"4,3em."bounds: (994,908),(1041,907),(1041,921),(994,922)
"Tracer"bounds: (872,933),(916,932),(916,946),(872,947)
"de"bounds: (930,934),(947,934),(947,945),(930,945)
"E"bounds: (962,930),(992,930),(992,946),(962,946)
"."bounds: (990,933),(1003,933),(1003,945),(990,945)
"KH"bounds: (77,1120),(115,1120),(115,1136),(77,1136)
"85"bounds: (131,1120),(154,1120),(154,1136),(131,1136)
"-"bounds: (844,1489),(851,1489),(851,1490),(844,1490)
"C3,8"bounds: (857,1482),(895,1482),(895,1497),(857,1497)
"x"bounds: (901,1488),(906,1488),(906,1496),(901,1496)
"[4,69x"bounds: (915,1480),(964,1480),(964,1496),(915,1496)
"4,4ocm."bounds: (975,1484),(1030,1485),(1030,1499),(975,1498)
"98"bounds: (78,1504),(100,1504),(100,1520),(78,1520)