Texts:

"A 10
10
C
ARKH 4b.2
HT 47a. 56a.2' 126a.2'
D
10 -06-26-77 757-41
РК Za 12с
10 -06-26-77-06-37
PK Za 11c4
10 -06-26-77-06-57-41
*PK Za 12c
10 -06-77-06-41
IO Za 9°
10 -06-77-06-41
KO Za 1c4
РK Za 8b
SY Za 2b
TOT14
TL Za 164
IO Za 2c-d. 15
10 -06-77-06-741
JF平2生[
710 -07-53-67
PH 7a.2
10 -07-73
НT 117а.41
10 -27-40
HT 25a.2'
* C4
HT 15.1 140.1.21
10 -34-41
10 -37
HT 10b.1
10 -45-17
HT 122a.1
10 -49
ZA 10b.23
710-49
HT 126a.41
10 -55-21
нT 2ба.3-41
10 -58
HT 117a.2
10 -59-02
HT 116a.1
10 -59-28-09
KH 7b.23
710 -59-28-41
кн 16.23
10 -65
ZA 7a.13
10 -66
нT 103.11
JAI
710 -67
HT 58.41
10 -73-06-41
HT 28h.1-2' 117a.1-21
10 -78-37
PL Zf 14
10 -325-17
HT 10a.2a.3' 85a.31
E
7- 10 -06-06
MA 2c.11
167
"bounds: (146,322),(1161,322),(1161,1537),(146,1537)
"A"bounds: (483,322),(505,322),(505,359),(483,359)
"10"bounds: (582,328),(613,328),(613,357),(582,357)
"10"bounds: (469,512),(492,511),(493,534),(470,535)
"C"bounds: (379,520),(386,520),(386,531),(379,531)
"ARKH"bounds: (722,514),(756,513),(756,525),(722,526)
"4b.2"bounds: (766,507),(806,506),(807,525),(767,526)
"HT"bounds: (721,548),(738,548),(738,559),(721,559)
"47a."bounds: (742,537),(780,536),(781,566),(743,567)
"56a.2'"bounds: (802,539),(855,538),(855,564),(802,565)
"126a.2'"bounds: (869,538),(922,537),(922,564),(869,565)
"D"bounds: (380,575),(387,575),(387,585),(380,585)
"10"bounds: (474,578),(491,578),(491,592),(474,592)
"-06-26-77"bounds: (500,574),(591,572),(591,590),(500,592)
"757-41"bounds: (601,573),(657,572),(657,590),(601,591)
"РК"bounds: (720,571),(752,570),(752,585),(720,586)
"Za"bounds: (754,570),(770,569),(770,584),(754,585)
"12с"bounds: (776,569),(804,568),(804,583),(776,584)
"10"bounds: (476,611),(491,611),(491,620),(476,620)
"-06-26-77-06-37"bounds: (501,609),(625,607),(625,619),(501,621)
"PK"bounds: (725,606),(741,605),(742,617),(726,618)
"Za"bounds: (750,607),(765,606),(765,617),(751,618)
"11c4"bounds: (777,601),(806,600),(807,618),(778,619)
"10"bounds: (475,645),(491,645),(491,658),(475,658)
"-06-26-77-06-57-41"bounds: (501,644),(650,641),(650,653),(501,656)
"*PK"bounds: (725,635),(750,635),(750,651),(725,651)
"Za"bounds: (760,633),(778,633),(778,652),(760,652)
"12c"bounds: (783,633),(808,633),(808,652),(783,652)
"10"bounds: (477,678),(492,678),(492,694),(477,694)
"-06-77-06-41"bounds: (502,673),(608,672),(608,691),(502,692)
"IO"bounds: (721,670),(753,669),(753,685),(721,686)
"Za"bounds: (755,669),(773,669),(773,685),(755,685)
"9°"bounds: (777,669),(791,669),(791,684),(777,684)
"10"bounds: (475,711),(493,711),(493,725),(475,725)
"-06-77-06-41"bounds: (502,711),(600,709),(600,721),(502,723)
"KO"bounds: (726,708),(741,707),(742,718),(727,719)
"Za"bounds: (751,707),(767,706),(768,718),(752,719)
"1c4"bounds: (777,701),(799,699),(800,717),(779,719)
"РK"bounds: (722,735),(755,735),(755,751),(722,751)
"Za"bounds: (757,735),(772,735),(772,751),(757,751)
"8b"bounds: (774,735),(792,735),(792,751),(774,751)
"SY"bounds: (818,748),(845,746),(846,764),(819,766)
"Za"bounds: (850,746),(869,745),(870,763),(851,764)
"2b"bounds: (878,745),(905,743),(906,760),(879,762)
"TOT14"bounds: (180,802),(286,800),(286,823),(181,825)
"TL"bounds: (726,775),(742,774),(743,785),(727,786)
"Za"bounds: (752,770),(771,769),(772,786),(753,787)
"164"bounds: (779,769),(801,768),(802,784),(780,785)
"IO"bounds: (729,800),(743,800),(743,810),(729,810)
"Za"bounds: (753,799),(769,799),(769,810),(753,810)
"2c-d."bounds: (779,799),(816,798),(816,810),(779,811)
"15"bounds: (821,793),(835,793),(835,809),(821,809)
"10"bounds: (476,803),(495,803),(495,818),(476,818)
"-06-77-06-741"bounds: (503,799),(610,797),(610,817),(503,819)
"JF"bounds: (146,836),(171,836),(171,858),(146,858)
"平"bounds: (178,835),(194,835),(194,858),(178,858)
"2"bounds: (205,836),(216,836),(216,858),(205,858)
"生"bounds: (218,832),(244,832),(244,864),(218,864)
"["bounds: (246,832),(255,832),(255,864),(246,864)
"710"bounds: (461,833),(495,833),(495,852),(461,852)
"-07-53-67"bounds: (503,833),(595,832),(595,850),(503,851)
"PH"bounds: (728,834),(743,833),(744,844),(729,845)
"7a.2"bounds: (753,827),(791,824),(792,842),(754,845)
"10"bounds: (477,870),(494,869),(494,883),(478,884)
"-07-73"bounds: (504,870),(553,868),(553,879),(504,881)
"НT"bounds: (718,862),(759,860),(760,879),(719,881)
"117а.41"bounds: (761,860),(809,858),(810,877),(762,879)
"10"bounds: (480,904),(495,904),(495,914),(480,914)
"-27-40"bounds: (505,903),(554,902),(554,913),(505,914)
"HT"bounds: (728,901),(744,900),(745,911),(729,912)
"25a.2'"bounds: (754,895),(801,892),(802,910),(755,913)
"*"bounds: (170,932),(194,932),(194,964),(170,964)
"C4"bounds: (196,932),(233,932),(233,964),(196,964)
"HT"bounds: (728,934),(744,934),(744,945),(728,945)
"15.1"bounds: (752,926),(786,925),(787,949),(753,950)
"140.1.21"bounds: (806,927),(868,925),(868,944),(806,946)
"10"bounds: (477,938),(496,937),(497,951),(478,952)
"-34-41"bounds: (505,938),(553,936),(554,948),(506,950)
"10"bounds: (478,972),(496,971),(497,986),(479,987)
"-37"bounds: (505,972),(529,970),(530,980),(506,982)
"HT"bounds: (729,967),(745,966),(745,978),(729,979)
"10b.1"bounds: (754,962),(793,961),(794,979),(755,980)
"10"bounds: (479,1005),(496,1004),(496,1017),(479,1018)
"-45-17"bounds: (505,1005),(555,1003),(555,1013),(505,1015)
"HT"bounds: (729,1002),(746,1001),(747,1012),(730,1013)
"122a.1"bounds: (754,996),(805,993),(806,1012),(755,1015)
"10"bounds: (479,1039),(497,1038),(498,1053),(480,1054)
"-49"bounds: (506,1039),(530,1037),(531,1047),(507,1049)
"ZA"bounds: (730,1034),(745,1033),(746,1046),(731,1047)
"10b.23"bounds: (757,1030),(804,1026),(805,1044),(758,1048)
"710-49"bounds: (465,1068),(530,1068),(530,1087),(465,1087)
"HT"bounds: (730,1068),(746,1067),(746,1079),(730,1080)
"126a.41"bounds: (757,1063),(811,1061),(812,1078),(758,1080)
"10"bounds: (479,1106),(498,1104),(499,1120),(480,1122)
"-55-21"bounds: (507,1102),(567,1097),(568,1113),(508,1118)
"нT"bounds: (723,1098),(761,1096),(762,1115),(724,1117)
"2ба.3-41"bounds: (763,1095),(821,1092),(822,1112),(764,1115)
"10"bounds: (483,1138),(498,1137),(498,1148),(483,1149)
"-58"bounds: (507,1138),(531,1137),(531,1148),(507,1149)
"HT"bounds: (731,1136),(747,1136),(747,1146),(731,1146)
"117a.2"bounds: (758,1129),(811,1128),(811,1146),(758,1147)
"10"bounds: (484,1171),(498,1171),(498,1182),(484,1182)
"-59-02"bounds: (508,1172),(557,1171),(557,1182),(508,1183)
"HT"bounds: (731,1169),(747,1168),(748,1179),(732,1180)
"116a.1"bounds: (758,1164),(812,1161),(813,1179),(759,1182)
"10"bounds: (483,1206),(499,1206),(499,1216),(483,1216)
"-59-28-09"bounds: (509,1205),(584,1204),(584,1216),(509,1217)
"KH"bounds: (732,1203),(748,1202),(749,1213),(733,1214)
"7b.23"bounds: (758,1196),(797,1193),(798,1213),(760,1216)
"710"bounds: (467,1236),(501,1236),(501,1254),(467,1254)
"-59-28-41"bounds: (509,1238),(582,1238),(582,1249),(509,1249)
"кн"bounds: (732,1235),(748,1234),(749,1245),(733,1246)
"16.23"bounds: (758,1230),(798,1227),(799,1246),(759,1249)
"10"bounds: (485,1273),(500,1273),(500,1283),(485,1283)
"-65"bounds: (509,1272),(533,1271),(533,1283),(509,1284)
"ZA"bounds: (733,1269),(748,1268),(749,1280),(734,1281)
"7a.13"bounds: (758,1264),(799,1261),(800,1280),(759,1283)
"10"bounds: (485,1307),(500,1306),(501,1316),(486,1317)
"-66"bounds: (510,1306),(534,1305),(535,1317),(511,1318)
"нT"bounds: (725,1299),(763,1296),(764,1315),(726,1318)
"103.11"bounds: (765,1296),(806,1293),(807,1313),(766,1316)
"JAI"bounds: (152,1337),(215,1337),(215,1365),(152,1365)
"710"bounds: (469,1336),(503,1337),(502,1357),(468,1356)
"-67"bounds: (511,1335),(552,1336),(551,1361),(510,1360)
"HT"bounds: (733,1337),(749,1336),(750,1348),(734,1349)
"58.41"bounds: (759,1332),(797,1329),(798,1347),(760,1350)
"10"bounds: (484,1375),(501,1374),(502,1388),(485,1389)
"-73-06-41"bounds: (511,1374),(584,1371),(584,1384),(511,1387)
"HT"bounds: (734,1372),(750,1372),(750,1382),(734,1382)
"28h.1-2'"bounds: (761,1363),(823,1362),(823,1382),(761,1383)
"117a.1-21"bounds: (836,1363),(907,1361),(907,1380),(836,1382)
"10"bounds: (485,1409),(502,1408),(502,1421),(485,1422)
"-78-37"bounds: (511,1408),(561,1406),(561,1418),(511,1420)
"PL"bounds: (735,1405),(750,1405),(750,1416),(735,1416)
"Zf"bounds: (760,1398),(783,1398),(783,1417),(760,1417)
"14"bounds: (787,1398),(800,1398),(800,1415),(787,1415)
"10"bounds: (488,1442),(502,1442),(502,1453),(488,1453)
"-325-17"bounds: (512,1442),(569,1441),(569,1452),(512,1453)
"HT"bounds: (734,1438),(751,1437),(751,1449),(734,1450)
"10a.2a.3'"bounds: (762,1431),(832,1428),(833,1448),(763,1451)
"85a.31"bounds: (845,1430),(891,1428),(892,1448),(846,1450)
"E"bounds: (392,1474),(399,1474),(399,1485),(392,1485)
"7-"bounds: (455,1472),(488,1471),(488,1489),(455,1490)
"10"bounds: (490,1472),(506,1472),(506,1489),(490,1489)
"-06-06"bounds: (513,1475),(561,1474),(561,1485),(513,1486)
"MA"bounds: (734,1472),(751,1470),(752,1483),(735,1485)
"2c.11"bounds: (761,1468),(800,1464),(801,1481),(763,1485)
"167"bounds: (1127,1520),(1161,1520),(1161,1537),(1127,1537)