Texts:

"KH 40
-[3,60] x [2,50] x 1,00 cm.
KH 41
SEY
SKY
[2,80] x[3,50] x O,90 cm .
KH 42
-[2,60]x [2,.40]x 1,10 cm.
68
"bounds: (69,68),(1026,68),(1026,1526),(69,1526)
"KH"bounds: (74,68),(112,68),(112,84),(74,84)
"40"bounds: (127,68),(152,68),(152,85),(127,85)
"-[3,60]"bounds: (780,359),(843,360),(843,382),(780,381)
"x"bounds: (850,367),(857,367),(857,377),(850,377)
"[2,50]"bounds: (863,361),(917,362),(917,381),(863,380)
"x"bounds: (924,369),(930,369),(930,377),(924,377)
"1,00"bounds: (938,363),(973,363),(973,379),(938,379)
"cm."bounds: (981,370),(1010,370),(1010,378),(981,378)
"KH"bounds: (71,594),(109,594),(109,610),(71,610)
"41"bounds: (124,594),(147,594),(147,611),(124,611)
"SEY"bounds: (332,792),(457,794),(456,872),(331,870)
"SKY"bounds: (832,772),(971,773),(970,860),(831,859)
"[2,80]"bounds: (796,924),(853,924),(853,948),(796,948)
"x[3,50]"bounds: (862,926),(930,926),(930,945),(862,945)
"x"bounds: (936,934),(943,934),(943,942),(936,942)
"O,90"bounds: (948,922),(994,922),(994,949),(948,949)
"cm"bounds: (996,922),(1013,922),(1013,949),(996,949)
"."bounds: (1022,940),(1022,940),(1022,940),(1022,940)
"KH"bounds: (69,1126),(107,1126),(107,1143),(69,1143)
"42"bounds: (122,1126),(147,1126),(147,1142),(122,1142)
"-[2,60]x"bounds: (778,1433),(881,1435),(880,1465),(777,1463)
"[2,.40]x"bounds: (883,1435),(949,1436),(948,1467),(882,1466)
"1,10"bounds: (951,1436),(990,1437),(989,1468),(950,1467)
"cm."bounds: (992,1437),(1026,1438),(1025,1469),(991,1468)
"68"bounds: (70,1509),(93,1509),(93,1526),(70,1526)