Texts:

"H 51
A L2/4 7
51
ZA 106.7
51
*KH 21.3
C
51 -01-80
HT 6b.41
51 -06
XPH 1b.11
51 -13-07
HT 19.31
1王
751 -24-73
HT 127a,2'
51 -26-40L
HT 25a.41
751 -27-17
КН 20.43
ZA 10a.5,b.13 20.1-23
*ZA 20.1-23
51 -27-17-09
751 -27-17-09-73E
JA本非日
A月了
目
751 -39-04-54
МА 10b.15
51 -56-06
HT 115b.21
51 -57
HT 7a.3'
51 -58-30
HT 108.2'
751 -60
MA 2a.1
51 -60-27
KN Zc 7.14
ZA 22.43
751 -77
MI 2.25
51 -79-54
HT 36.21
51 -80-28-06
HT 123h.5
51 -123-08
HT 15.1
51 -314-27
KD Za 1h4
E
7- 51 -53
PH(?) 31b.2'
7- 51 -53-04
НT 4.21
01- 51 -73-24
KN Ż£ 314
01- 51 -80-59
HT 95a.1
08- 51 -..7
TY 3a.3
08- 51 -.7-17
KH 11,1
08- 51 -.7-77
*TY 3a.3'
中法-C]-@
08- 51 -.7-78
*TY 3a.31
216
"bounds: (56,302),(980,302),(980,1531),(56,1531)
"H"bounds: (576,302),(604,302),(604,344),(576,344)
"51"bounds: (672,308),(704,308),(704,337),(672,337)
"A"bounds: (448,487),(468,487),(468,504),(448,504)
"L2/4"bounds: (476,485),(507,485),(507,501),(476,501)
"7"bounds: (510,487),(525,487),(525,506),(510,506)
"51"bounds: (594,489),(612,489),(612,503),(594,503)
"ZA"bounds: (806,489),(820,489),(820,499),(806,499)
"106.7"bounds: (830,483),(872,482),(872,502),(830,503)
"51"bounds: (587,517),(616,517),(616,536),(587,536)
"*KH"bounds: (805,516),(830,518),(829,534),(804,532)
"21.3"bounds: (838,517),(869,519),(868,538),(837,536)
"C"bounds: (450,525),(457,525),(457,535),(450,535)
"51"bounds: (593,553),(616,552),(616,568),(593,569)
"-01-80"bounds: (621,556),(670,555),(670,567),(621,568)
"HT"bounds: (804,556),(821,555),(822,568),(805,569)
"6b.41"bounds: (830,551),(868,549),(869,568),(831,570)
"51"bounds: (595,586),(616,586),(616,601),(595,601)
"-06"bounds: (621,589),(645,589),(645,598),(621,598)
"XPH"bounds: (805,586),(829,586),(829,602),(805,602)
"1b.11"bounds: (840,583),(876,583),(876,601),(840,601)
"51"bounds: (593,623),(612,622),(613,637),(594,638)
"-13-07"bounds: (621,623),(670,621),(671,633),(622,635)
"HT"bounds: (804,624),(820,623),(821,634),(805,635)
"19.31"bounds: (832,618),(868,616),(869,634),(833,636)
"1"bounds: (235,643),(270,643),(270,672),(235,672)
"王"bounds: (314,648),(331,648),(331,668),(314,668)
"751"bounds: (579,652),(610,652),(610,669),(579,669)
"-24-73"bounds: (621,656),(669,656),(669,667),(621,667)
"HT"bounds: (804,658),(820,657),(821,668),(805,669)
"127a,2'"bounds: (831,653),(885,650),(886,668),(832,671)
"51"bounds: (594,689),(612,689),(612,705),(594,705)
"-26-40L"bounds: (621,687),(687,686),(687,704),(621,705)
"HT"bounds: (804,691),(820,690),(821,701),(805,702)
"25a.41"bounds: (831,685),(877,682),(878,700),(832,703)
"751"bounds: (586,718),(609,718),(609,732),(586,732)
"-27-17"bounds: (621,721),(669,721),(669,731),(621,731)
"КН"bounds: (805,723),(821,722),(822,733),(806,734)
"20.43"bounds: (830,717),(870,714),(871,732),(831,735)
"ZA"bounds: (800,747),(829,747),(829,776),(800,776)
"10a.5,b.13"bounds: (832,747),(913,748),(913,772),(832,771)
"20.1-23"bounds: (925,749),(980,749),(980,777),(925,777)
"*ZA"bounds: (798,782),(838,782),(838,805),(798,805)
"20.1-23"bounds: (840,782),(896,782),(896,802),(840,802)
"51"bounds: (594,756),(609,756),(609,769),(594,769)
"-27-17-09"bounds: (621,756),(695,754),(695,766),(621,768)
"751"bounds: (579,785),(613,785),(613,804),(579,804)
"-27-17-09-73E"bounds: (621,785),(737,785),(737,806),(621,806)
"JA"bounds: (256,810),(283,810),(283,840),(256,840)
"本"bounds: (291,809),(306,809),(306,837),(291,837)
"非"bounds: (314,809),(332,809),(332,834),(314,834)
"日"bounds: (338,810),(355,810),(355,835),(338,835)
"A"bounds: (268,845),(286,845),(286,868),(268,868)
"月"bounds: (295,845),(307,845),(307,868),(295,868)
"了"bounds: (317,847),(330,847),(330,868),(317,868)
"目"bounds: (267,879),(305,878),(305,901),(268,902)
"751"bounds: (579,819),(609,819),(609,837),(579,837)
"-39-04-54"bounds: (621,822),(695,822),(695,832),(621,832)
"МА"bounds: (803,824),(820,823),(821,834),(804,836)
"10b.15"bounds: (831,820),(880,816),(881,834),(833,838)
"51"bounds: (594,856),(612,856),(612,870),(594,870)
"-56-06"bounds: (621,856),(669,855),(669,866),(621,867)
"HT"bounds: (804,858),(821,857),(822,868),(805,869)
"115b.21"bounds: (832,853),(885,850),(886,867),(833,870)
"51"bounds: (593,891),(611,889),(613,905),(595,907)
"-57"bounds: (620,891),(644,889),(645,899),(621,901)
"HT"bounds: (804,892),(820,891),(821,902),(805,903)
"7a.3'"bounds: (830,886),(868,883),(869,901),(831,904)
"51"bounds: (593,922),(611,921),(611,936),(593,937)
"-58-30"bounds: (620,923),(670,921),(670,933),(620,935)
"HT"bounds: (804,924),(821,923),(822,934),(805,935)
"108.2'"bounds: (832,920),(877,917),(878,935),(833,938)
"751"bounds: (578,953),(611,953),(611,971),(578,971)
"-60"bounds: (621,957),(645,957),(645,967),(621,967)
"MA"bounds: (804,959),(819,958),(820,970),(805,971)
"2a.1"bounds: (831,954),(868,951),(869,969),(832,972)
"51"bounds: (593,990),(612,989),(613,1005),(594,1006)
"-60-27"bounds: (620,991),(669,989),(669,1000),(620,1002)
"KN"bounds: (805,993),(821,992),(822,1003),(806,1004)
"Zc"bounds: (828,987),(853,986),(854,1005),(829,1006)
"7.14"bounds: (856,985),(887,983),(888,1002),(857,1004)
"ZA"bounds: (805,1026),(820,1025),(821,1038),(806,1039)
"22.43"bounds: (830,1020),(870,1017),(871,1036),(831,1039)
"751"bounds: (576,1054),(618,1053),(619,1077),(577,1078)
"-77"bounds: (620,1056),(661,1055),(662,1074),(621,1075)
"MI"bounds: (803,1061),(819,1060),(820,1071),(804,1072)
"2.25"bounds: (831,1054),(862,1052),(863,1070),(832,1072)
"51"bounds: (596,1092),(609,1092),(609,1101),(596,1101)
"-79-54"bounds: (620,1091),(669,1090),(669,1101),(620,1102)
"HT"bounds: (804,1094),(820,1093),(821,1103),(805,1104)
"36.21"bounds: (829,1089),(869,1085),(870,1102),(831,1106)
"51"bounds: (596,1125),(609,1125),(609,1135),(596,1135)
"-80-28-06"bounds: (621,1125),(694,1125),(694,1135),(621,1135)
"HT"bounds: (804,1127),(820,1126),(820,1137),(804,1138)
"123h.5"bounds: (831,1122),(879,1120),(880,1139),(832,1141)
"51"bounds: (596,1159),(609,1159),(609,1168),(596,1168)
"-123-08"bounds: (621,1158),(677,1158),(677,1168),(621,1168)
"HT"bounds: (804,1161),(821,1160),(822,1171),(805,1172)
"15.1"bounds: (831,1154),(868,1152),(869,1171),(832,1173)
"51"bounds: (596,1191),(610,1192),(609,1203),(595,1202)
"-314-27"bounds: (621,1190),(678,1193),(677,1211),(620,1208)
"KD"bounds: (805,1194),(820,1193),(821,1205),(806,1206)
"Za"bounds: (830,1194),(845,1193),(846,1205),(831,1206)
"1h4"bounds: (857,1189),(877,1188),(878,1204),(858,1205)
"E"bounds: (460,1221),(467,1221),(467,1232),(460,1232)
"7-"bounds: (561,1223),(585,1223),(585,1240),(561,1240)
"51"bounds: (595,1226),(609,1226),(609,1236),(595,1236)
"-53"bounds: (620,1226),(644,1226),(644,1236),(620,1236)
"PH(?)"bounds: (804,1229),(843,1227),(844,1242),(805,1244)
"31b.2'"bounds: (855,1223),(902,1220),(903,1239),(856,1242)
"7-"bounds: (562,1257),(593,1257),(593,1276),(562,1276)
"51"bounds: (594,1260),(612,1260),(612,1276),(594,1276)
"-53-04"bounds: (621,1261),(669,1261),(669,1277),(621,1277)
"НT"bounds: (796,1261),(834,1257),(836,1276),(798,1280)
"4.21"bounds: (836,1257),(862,1254),(864,1272),(838,1275)
"01-"bounds: (561,1294),(585,1294),(585,1304),(561,1304)
"51"bounds: (596,1295),(609,1295),(609,1305),(596,1305)
"-73-24"bounds: (620,1293),(668,1294),(668,1305),(620,1304)
"KN"bounds: (804,1297),(820,1296),(821,1307),(805,1308)
"Ż£"bounds: (830,1292),(853,1291),(854,1309),(831,1310)
"314"bounds: (855,1291),(878,1290),(879,1308),(856,1309)
"01-"bounds: (561,1329),(585,1329),(585,1338),(561,1338)
"51"bounds: (593,1328),(611,1328),(611,1342),(593,1342)
"-80-59"bounds: (620,1328),(669,1327),(669,1339),(620,1340)
"HT"bounds: (803,1331),(821,1330),(822,1341),(804,1342)
"95a.1"bounds: (831,1325),(872,1323),(873,1341),(832,1343)
"08-"bounds: (561,1362),(585,1362),(585,1372),(561,1372)
"51"bounds: (595,1362),(608,1362),(608,1378),(595,1378)
"-..7"bounds: (620,1358),(678,1359),(678,1378),(620,1377)
"TY"bounds: (804,1364),(820,1363),(820,1375),(804,1376)
"3a.3"bounds: (830,1365),(861,1364),(861,1375),(830,1376)
"08-"bounds: (561,1396),(584,1396),(584,1406),(561,1406)
"51"bounds: (595,1396),(608,1396),(608,1406),(595,1406)
"-.7-17"bounds: (620,1391),(693,1392),(693,1412),(620,1411)
"KH"bounds: (804,1399),(820,1399),(820,1410),(804,1410)
"11,1"bounds: (831,1393),(870,1392),(870,1409),(831,1410)
"08-"bounds: (560,1430),(584,1430),(584,1441),(560,1441)
"51"bounds: (595,1430),(608,1430),(608,1448),(595,1448)
"-.7-77"bounds: (620,1427),(693,1428),(693,1450),(620,1449)
"*TY"bounds: (804,1428),(828,1428),(828,1444),(804,1444)
"3a.3'"bounds: (838,1425),(876,1424),(876,1443),(838,1444)
"中法"bounds: (244,1446),(282,1448),(280,1480),(242,1478)
"-C"bounds: (284,1444),(309,1445),(307,1481),(282,1480)
"]"bounds: (315,1454),(323,1454),(322,1473),(314,1473)
"-"bounds: (327,1461),(332,1461),(332,1463),(327,1463)
"@"bounds: (336,1455),(355,1456),(354,1479),(335,1478)
"08-"bounds: (560,1467),(584,1468),(584,1478),(560,1477)
"51"bounds: (594,1467),(608,1467),(608,1477),(594,1477)
"-.7-78"bounds: (619,1461),(693,1463),(692,1486),(618,1484)
"*TY"bounds: (804,1463),(828,1463),(828,1480),(804,1480)
"3a.31"bounds: (838,1460),(876,1460),(876,1481),(838,1481)
"216"bounds: (56,1513),(94,1513),(94,1531),(56,1531)