Texts:

"INSCRIPTIONS EN LINÉAIRE A
Wa 1486
Wa 1487
Wa 1488
HM 443.61
HM 443.62
HM 443.63
Wa 1489
Wa 1490
Wa 1491
HM 443.64
HM 443. 65
HM 443. 66
Wa 1492
Wa 1493
Wa 1494
HM 443. 67
HM 443. 68
HM 443. 69
Wa 1495
Wa 1496
Wa 1497
HM 443.70
HM 443.71
HM 443.72
Wa 1498
Wa 1499
Wa 1500
HM 443.73
HM 443.74
HM 443.75
42
"bounds: (81,65),(1154,65),(1154,1514),(81,1514)
"INSCRIPTIONS"bounds: (520,66),(645,66),(645,78),(520,78)
"EN"bounds: (656,68),(678,68),(678,78),(656,78)
"LINÉAIRE"bounds: (690,65),(774,65),(774,80),(690,80)
"A"bounds: (785,70),(794,70),(794,80),(785,80)
"Wa"bounds: (227,142),(259,142),(259,156),(227,156)
"1486"bounds: (273,142),(314,142),(314,156),(273,156)
"Wa"bounds: (600,147),(631,147),(631,161),(600,161)
"1487"bounds: (645,147),(686,148),(686,163),(645,162)
"Wa"bounds: (961,150),(992,150),(992,165),(961,165)
"1488"bounds: (1006,151),(1047,151),(1047,166),(1006,166)
"HM"bounds: (356,348),(381,349),(381,363),(356,362)
"443.61"bounds: (391,349),(454,351),(454,365),(391,363)
"HM"bounds: (707,349),(732,350),(731,364),(706,363)
"443.62"bounds: (742,350),(804,352),(803,367),(741,365)
"HM"bounds: (1040,357),(1066,358),(1066,372),(1040,371)
"443.63"bounds: (1076,357),(1142,358),(1142,372),(1076,371)
"Wa"bounds: (227,407),(258,408),(258,423),(227,422)
"1489"bounds: (272,408),(313,409),(313,423),(272,422)
"Wa"bounds: (600,413),(630,413),(630,428),(600,428)
"1490"bounds: (645,414),(686,414),(686,429),(645,429)
"Wa"bounds: (959,419),(990,419),(990,433),(959,433)
"1491"bounds: (1004,419),(1043,419),(1043,434),(1004,434)
"HM"bounds: (332,620),(356,620),(356,632),(332,632)
"443.64"bounds: (366,621),(433,622),(433,635),(366,634)
"HM"bounds: (698,617),(722,618),(721,632),(697,631)
"443."bounds: (732,617),(767,618),(766,632),(731,631)
"65"bounds: (773,620),(790,621),(790,634),(773,633)
"HM"bounds: (1026,626),(1055,627),(1054,641),(1025,640)
"443."bounds: (1068,628),(1109,630),(1108,645),(1067,643)
"66"bounds: (1117,631),(1138,632),(1137,645),(1116,644)
"Wa"bounds: (230,677),(261,677),(261,691),(230,691)
"1492"bounds: (275,678),(316,679),(316,693),(275,692)
"Wa"bounds: (600,682),(631,683),(631,697),(600,696)
"1493"bounds: (645,682),(686,683),(686,699),(645,698)
"Wa"bounds: (961,688),(992,689),(992,703),(961,702)
"1494"bounds: (1006,687),(1047,688),(1047,704),(1006,703)
"HM"bounds: (319,889),(344,889),(344,901),(319,901)
"443."bounds: (359,888),(398,888),(398,901),(359,901)
"67"bounds: (408,889),(427,889),(427,902),(408,902)
"HM"bounds: (692,892),(719,892),(719,905),(692,905)
"443."bounds: (733,892),(776,893),(776,907),(733,906)
"68"bounds: (784,892),(803,892),(803,908),(784,908)
"HM"bounds: (1040,892),(1067,893),(1067,907),(1040,906)
"443."bounds: (1080,893),(1121,894),(1121,908),(1080,907)
"69"bounds: (1128,893),(1147,894),(1147,909),(1128,908)
"Wa"bounds: (228,950),(259,951),(259,965),(228,964)
"1495"bounds: (274,950),(314,951),(314,966),(274,965)
"Wa"bounds: (599,954),(630,954),(630,968),(599,968)
"1496"bounds: (645,954),(686,954),(686,969),(645,969)
"Wa"bounds: (960,959),(991,959),(991,973),(960,973)
"1497"bounds: (1005,959),(1046,959),(1046,973),(1005,973)
"HM"bounds: (336,1154),(362,1155),(362,1166),(336,1165)
"443.70"bounds: (375,1153),(441,1154),(441,1168),(375,1167)
"HM"bounds: (700,1162),(725,1163),(725,1175),(700,1174)
"443.71"bounds: (735,1163),(796,1165),(795,1178),(734,1176)
"HM"bounds: (1046,1161),(1072,1161),(1072,1173),(1046,1173)
"443.72"bounds: (1087,1160),(1152,1160),(1152,1173),(1087,1173)
"Wa"bounds: (226,1222),(257,1222),(257,1236),(226,1236)
"1498"bounds: (271,1222),(312,1222),(312,1236),(271,1236)
"Wa"bounds: (595,1226),(626,1226),(626,1241),(595,1241)
"1499"bounds: (640,1227),(681,1227),(681,1242),(640,1242)
"Wa"bounds: (961,1229),(991,1230),(991,1245),(961,1244)
"1500"bounds: (1006,1230),(1047,1231),(1047,1246),(1006,1245)
"HM"bounds: (333,1423),(358,1424),(358,1436),(333,1435)
"443.73"bounds: (367,1424),(433,1425),(433,1437),(367,1436)
"HM"bounds: (693,1428),(719,1428),(719,1441),(693,1441)
"443.74"bounds: (731,1427),(795,1427),(795,1442),(731,1442)
"HM"bounds: (1054,1426),(1081,1427),(1080,1441),(1053,1440)
"443.75"bounds: (1092,1427),(1154,1430),(1153,1445),(1091,1442)
"42"bounds: (81,1498),(104,1498),(104,1514),(81,1514)