Texts:

"- XLVI
INSCRIPTIONS EN LINÉAIRE A
A 301
TO Za 6 PK Za Ma(KH WE 2048) (KH WE 2065) ARKH2.3
A 302
ARKH36.4 HT M4a.& HTM6b.2 KN Zb35 SYZ &b(TY3A.2)
А Зоз
HT 30.1 HT94A.3 KH 22.2 KH 4.2 (KH 38.2) HT106.1 HT WE 3015
A 304;
PH 8a.2
HT 131 a.4 KH 9.6 HT1166.1 PYR 2 PH14A
A 305
HTA00.2 HT 10 a.3
HT 33.4 HT96.2 ZA6.. KH+a.4
A 306
HT 9a.2 HT 1M5 b.3 KH 11.3 KH 4.2 (KH 2.2)
"bounds: (222,80),(1144,80),(1144,1367),(222,1367)
"-"bounds: (251,85),(261,85),(262,100),(252,100)
"XLVI"bounds: (263,84),(293,83),(294,99),(264,100)
"INSCRIPTIONS"bounds: (517,84),(634,82),(634,94),(517,96)
"EN"bounds: (648,84),(669,84),(669,94),(648,94)
"LINÉAIRE"bounds: (682,81),(762,80),(762,93),(682,94)
"A"bounds: (776,85),(784,85),(784,93),(776,93)
"A"bounds: (476,186),(493,186),(493,210),(476,210)
"301"bounds: (504,188),(547,188),(547,209),(504,209)
"TO"bounds: (222,277),(292,277),(292,319),(222,319)
"Za"bounds: (294,277),(320,277),(320,319),(294,319)
"6"bounds: (324,277),(349,277),(349,319),(324,319)
"PK"bounds: (371,286),(402,286),(402,308),(371,308)
"Za"bounds: (413,289),(441,289),(441,307),(413,307)
"Ma(KH"bounds: (449,279),(531,279),(531,316),(449,316)
"WE"bounds: (539,288),(568,288),(568,309),(539,309)
"2048)"bounds: (579,279),(650,279),(650,313),(579,313)
"(KH"bounds: (659,277),(715,277),(715,316),(659,316)
"WE"bounds: (725,287),(755,287),(755,307),(725,307)
"2065)"bounds: (763,277),(838,277),(838,318),(763,318)
"ARKH2.3"bounds: (859,277),(991,277),(991,311),(859,311)
"A"bounds: (542,369),(564,369),(564,398),(542,398)
"302"bounds: (559,372),(612,373),(612,397),(559,396)
"ARKH36.4"bounds: (234,485),(375,486),(375,513),(234,512)
"HT"bounds: (404,483),(449,483),(449,518),(404,518)
"M4a.&"bounds: (470,483),(557,484),(557,520),(470,519)
"HTM6b.2"bounds: (576,487),(698,488),(698,514),(576,513)
"KN"bounds: (728,486),(785,486),(785,521),(728,521)
"Zb35"bounds: (787,486),(839,486),(839,521),(787,521)
"SYZ"bounds: (861,494),(937,495),(937,516),(861,515)
"&b(TY3A.2)"bounds: (947,487),(1120,488),(1120,524),(947,523)
"А"bounds: (555,579),(570,579),(570,603),(555,603)
"Зоз"bounds: (572,578),(607,578),(607,603),(572,603)
"HT"bounds: (230,692),(270,692),(270,713),(230,713)
"30.1"bounds: (280,694),(340,694),(340,714),(280,714)
"HT94A.3"bounds: (369,696),(490,697),(490,716),(369,715)
"KH"bounds: (515,697),(553,697),(553,715),(515,715)
"22.2"bounds: (565,699),(619,699),(619,716),(565,716)
"KH"bounds: (642,697),(681,697),(681,717),(642,717)
"4.2"bounds: (693,696),(736,696),(736,716),(693,716)
"(KH"bounds: (755,697),(803,697),(803,721),(755,721)
"38.2)"bounds: (814,696),(882,696),(882,724),(814,724)
"HT106.1"bounds: (893,697),(1001,698),(1001,719),(893,718)
"HT"bounds: (1016,697),(1047,697),(1047,724),(1016,724)
"WE"bounds: (1055,697),(1086,697),(1086,724),(1055,724)
"3015"bounds: (1089,697),(1144,697),(1144,725),(1089,725)
"A"bounds: (530,777),(550,778),(549,805),(529,804)
"304;"bounds: (558,778),(618,781),(617,809),(557,806)
"PH"bounds: (227,894),(263,895),(262,916),(226,915)
"8a.2"bounds: (274,897),(337,899),(336,919),(273,917)
"HT"bounds: (372,899),(411,899),(411,918),(372,918)
"131"bounds: (422,899),(461,899),(461,919),(422,919)
"a.4"bounds: (471,899),(521,899),(521,918),(471,918)
"KH"bounds: (550,902),(591,902),(591,919),(550,919)
"9.6"bounds: (602,898),(643,898),(643,918),(602,918)
"HT1166.1"bounds: (668,896),(815,897),(815,921),(668,920)
"PYR"bounds: (837,897),(893,897),(893,925),(837,925)
"2"bounds: (905,898),(931,898),(931,925),(905,925)
"PH14A"bounds: (953,902),(1059,903),(1059,923),(953,922)
"A"bounds: (515,984),(532,984),(532,1007),(515,1007)
"305"bounds: (547,986),(600,985),(600,1005),(547,1006)
"HTA00.2"bounds: (227,1100),(346,1100),(346,1122),(227,1122)
"HT"bounds: (369,1104),(409,1104),(409,1121),(369,1121)
"10"bounds: (418,1105),(451,1105),(451,1121),(418,1121)
"a.3"bounds: (460,1102),(503,1102),(503,1122),(460,1122)
"HT"bounds: (535,1106),(573,1106),(573,1123),(535,1123)
"33.4"bounds: (584,1103),(646,1103),(646,1125),(584,1125)
"HT96.2"bounds: (666,1100),(773,1100),(773,1125),(666,1125)
"ZA6.."bounds: (795,1099),(896,1099),(896,1129),(795,1129)
"KH+a.4"bounds: (934,1104),(1037,1104),(1037,1126),(934,1126)
"A"bounds: (524,1187),(547,1187),(547,1216),(524,1216)
"306"bounds: (547,1190),(602,1190),(602,1211),(547,1211)
"HT"bounds: (223,1331),(262,1331),(262,1364),(223,1364)
"9a.2"bounds: (270,1331),(335,1331),(335,1364),(270,1364)
"HT"bounds: (349,1332),(392,1332),(392,1365),(349,1365)
"1M5"bounds: (406,1332),(449,1332),(449,1365),(406,1365)
"b.3"bounds: (454,1334),(489,1334),(489,1359),(454,1359)
"KH"bounds: (513,1332),(556,1332),(556,1365),(513,1365)
"11.3"bounds: (564,1332),(619,1332),(619,1365),(564,1365)
"KH"bounds: (647,1340),(685,1340),(685,1359),(647,1359)
"4.2"bounds: (697,1339),(742,1339),(742,1359),(697,1359)
"(KH"bounds: (760,1333),(822,1333),(822,1366),(760,1366)
"2.2)"bounds: (832,1334),(894,1334),(894,1367),(832,1367)