Texts:

"Is
60
51- 60 -27
KN Zc 7.14
81- 60 -23
нT 117а.2-31
нт 9ба.1-2,b.11
08-03- 60 -24
59-06- 60 -04-10-37-55
IO Za 2a-b.25
08-26- 60 -:7
HT 11a.11
08-26- 60 -58
*iT 11a.1
08-26- 60 -59
*HT 11a.1
1Y Is TTE
57-31- 60 -08-06-24
KN Zc 7.24
?7-37- 60 -51
*HT 58.11
78-37-60-51
HT 58.1
57-51- 60 -37
KN 1b.11
47-55
60 -57
HT 115a.1
67-67- 60 -57
HT 85b.1
HOls n
56-77- 60 -37
HT 8a.1-2
08-80- 60 -24/
SK Zb 14
16-118- 60 -27
HT 96b.1-2'
08-31-31- 60 -13
PK Za 11h-c4
PR Za 1c4
IT YY LY
BYY L[
BYYls
708-31-31- 60 -13
IO Zb 105
57-31-31- 60 /F13
IO Za 2h-c.15
57-31-31- 60 -13
IO Za 65
PL Z£ 1°
PS Za 2.2*
EYY Is YT
TL Za 164
KN Za 10a-b4
57-31-31- 60 -80-06
73-26-59- 60o -27
HT 117a.4-5
07-07-70- 60 -13-166
ZA 11a.13
Ils
760
F
нT 147.21
кн 14.13 47.33
ZA 11b.33
G
7- 60
KH 29.13
ZA 9.23
Hls
701- 60
PH 7b.2'
08-01- 60
KN Zf 314
08-26-01- 6o
HT 28a.5'
日中F Is[
757-41-01- 60 E
PH 7a.41
81-81-01- 60
HT 117a.7
+ Is
03- 60
нT 128а.1
PH 3a.3'
16-73-47-06- 60
KN Z£ 31*
240
"bounds: (67,78),(1163,78),(1163,1524),(67,1524)
"Is"bounds: (164,78),(181,78),(181,104),(164,104)
"60"bounds: (1145,92),(1163,92),(1163,104),(1145,104)
"51-"bounds: (609,156),(632,156),(632,166),(609,166)
"60"bounds: (641,156),(657,156),(657,169),(641,169)
"-27"bounds: (667,156),(690,156),(690,166),(667,166)
"KN"bounds: (817,155),(833,154),(834,166),(818,167)
"Zc"bounds: (842,148),(870,146),(871,168),(843,170)
"7.14"bounds: (869,147),(900,145),(901,166),(870,168)
"81-"bounds: (608,189),(632,189),(632,199),(608,199)
"60"bounds: (642,189),(657,189),(657,199),(642,199)
"-23"bounds: (667,189),(690,189),(690,199),(667,199)
"нT"bounds: (817,188),(834,187),(834,198),(817,199)
"117а.2-31"bounds: (844,183),(915,180),(916,198),(845,201)
"нт"bounds: (811,217),(848,216),(849,239),(812,240)
"9ба.1-2,b.11"bounds: (850,215),(940,211),(941,235),(851,239)
"08-03-"bounds: (583,223),(632,223),(632,233),(583,233)
"60"bounds: (643,223),(657,223),(657,232),(643,232)
"-24"bounds: (667,223),(690,223),(690,232),(667,232)
"59-06-"bounds: (584,256),(632,256),(632,266),(584,266)
"60"bounds: (642,256),(657,256),(657,266),(642,266)
"-04-10-37-55"bounds: (668,256),(766,256),(766,266),(668,266)
"IO"bounds: (813,253),(848,251),(849,269),(814,271)
"Za"bounds: (850,250),(864,249),(865,268),(851,269)
"2a-b.25"bounds: (870,249),(926,246),(927,265),(871,268)
"08-26-"bounds: (583,289),(632,289),(632,299),(583,299)
"60"bounds: (641,289),(659,289),(659,304),(641,304)
"-:7"bounds: (667,287),(717,287),(717,304),(667,304)
"HT"bounds: (817,290),(834,289),(835,299),(818,300)
"11a.11"bounds: (845,284),(891,281),(892,298),(846,301)
"08-26-"bounds: (583,322),(633,323),(633,334),(583,333)
"60"bounds: (643,323),(659,323),(659,337),(643,337)
"-58"bounds: (668,323),(691,324),(691,335),(668,334)
"*iT"bounds: (818,317),(843,317),(843,333),(818,333)
"11a.1"bounds: (853,314),(899,314),(899,334),(853,334)
"08-26-"bounds: (583,356),(633,356),(633,367),(583,367)
"60"bounds: (643,357),(658,357),(658,370),(643,370)
"-59"bounds: (668,357),(691,357),(691,366),(668,366)
"*HT"bounds: (819,350),(843,350),(843,366),(819,366)
"11a.1"bounds: (853,348),(893,348),(893,370),(853,370)
"1Y"bounds: (257,381),(292,382),(292,405),(257,404)
"Is"bounds: (304,379),(328,379),(328,409),(304,409)
"TTE"bounds: (330,379),(395,380),(394,411),(329,410)
"57-31-"bounds: (584,391),(632,390),(632,400),(584,401)
"60"bounds: (643,390),(658,390),(658,400),(643,400)
"-08-06-24"bounds: (668,390),(741,389),(741,399),(668,400)
"KN"bounds: (818,390),(835,389),(836,400),(819,401)
"Zc"bounds: (844,384),(870,383),(871,400),(845,402)
"7.24"bounds: (870,382),(901,380),(902,399),(871,401)
"?7-37-"bounds: (585,424),(633,423),(633,439),(585,440)
"60"bounds: (641,424),(660,424),(660,438),(641,438)
"-51"bounds: (668,424),(690,423),(690,433),(668,434)
"*HT"bounds: (819,417),(843,416),(843,433),(819,434)
"58.11"bounds: (853,415),(891,414),(892,433),(854,434)
"78-37-60-51"bounds: (586,456),(690,457),(690,471),(586,470)
"HT"bounds: (819,456),(835,455),(836,466),(820,467)
"58.1"bounds: (846,450),(883,448),(884,466),(847,468)
"57-51-"bounds: (585,490),(633,490),(633,500),(585,500)
"60"bounds: (644,491),(659,491),(659,501),(644,501)
"-37"bounds: (669,490),(692,490),(692,500),(669,500)
"KN"bounds: (820,490),(836,489),(837,500),(821,501)
"1b.11"bounds: (845,484),(884,481),(885,499),(846,502)
"47-55"bounds: (585,524),(624,524),(624,534),(585,534)
"60"bounds: (644,524),(659,524),(659,533),(644,533)
"-57"bounds: (669,524),(692,524),(692,533),(669,533)
"HT"bounds: (819,522),(835,521),(835,533),(819,534)
"115a.1"bounds: (846,523),(892,521),(892,533),(846,535)
"67-67-"bounds: (586,557),(634,557),(634,566),(586,566)
"60"bounds: (645,556),(659,556),(659,566),(645,566)
"-57"bounds: (669,556),(692,556),(692,566),(669,566)
"HT"bounds: (819,556),(836,555),(837,567),(820,568)
"85b.1"bounds: (846,552),(886,549),(887,567),(847,570)
"HOls"bounds: (258,576),(332,576),(332,607),(258,607)
"n"bounds: (327,582),(342,582),(342,602),(327,602)
"56-77-"bounds: (585,589),(634,589),(634,600),(585,600)
"60"bounds: (644,591),(659,591),(659,601),(644,601)
"-37"bounds: (669,591),(692,591),(692,600),(669,600)
"HT"bounds: (819,590),(836,589),(837,600),(820,601)
"8a.1-2"bounds: (845,584),(896,581),(897,600),(846,603)
"08-80-"bounds: (585,623),(634,624),(634,636),(585,635)
"60"bounds: (645,624),(659,624),(659,634),(645,634)
"-24/"bounds: (669,620),(710,621),(710,639),(669,638)
"SK"bounds: (820,623),(836,622),(837,633),(821,634)
"Zb"bounds: (847,619),(868,618),(869,634),(848,635)
"14"bounds: (872,618),(886,617),(887,632),(873,633)
"16-118-"bounds: (578,657),(634,657),(634,667),(578,667)
"60"bounds: (645,657),(660,657),(660,667),(645,667)
"-27"bounds: (670,656),(693,656),(693,666),(670,666)
"HT"bounds: (820,657),(836,656),(837,667),(821,668)
"96b.1-2'"bounds: (846,652),(909,648),(910,666),(847,670)
"08-31-31-"bounds: (560,688),(634,690),(634,702),(560,700)
"60"bounds: (644,690),(661,690),(661,704),(644,704)
"-13"bounds: (670,691),(693,691),(693,700),(670,700)
"PK"bounds: (820,689),(836,688),(836,700),(820,701)
"Za"bounds: (846,685),(865,684),(866,701),(847,702)
"11h-c4"bounds: (873,684),(920,682),(921,699),(874,701)
"PR"bounds: (820,722),(836,720),(837,732),(822,734)
"Za"bounds: (845,721),(860,719),(861,731),(847,733)
"1c4"bounds: (871,715),(893,712),(895,728),(873,731)
"IT"bounds: (219,744),(269,743),(269,768),(219,769)
"YY"bounds: (280,747),(292,747),(292,768),(280,768)
"LY"bounds: (303,742),(344,741),(344,767),(303,768)
"BYY"bounds: (233,778),(291,778),(291,802),(233,802)
"L["bounds: (303,777),(348,777),(348,803),(303,803)
"BYYls"bounds: (235,811),(345,812),(345,836),(235,835)
"708-31-31-"bounds: (551,753),(634,753),(634,769),(551,769)
"60"bounds: (643,757),(661,757),(661,771),(643,771)
"-13"bounds: (670,757),(693,757),(693,767),(670,767)
"IO"bounds: (816,755),(850,752),(852,770),(818,773)
"Zb"bounds: (852,752),(869,750),(871,768),(854,770)
"105"bounds: (871,750),(895,748),(897,766),(873,768)
"57-31-31-"bounds: (561,791),(634,791),(634,800),(561,800)
"60"bounds: (645,790),(660,790),(660,801),(645,801)
"/F13"bounds: (669,786),(702,786),(702,801),(669,801)
"IO"bounds: (817,787),(852,785),(853,803),(818,805)
"Za"bounds: (846,789),(861,788),(862,800),(847,801)
"2h-c.15"bounds: (872,784),(929,781),(930,800),(873,803)
"57-31-31-"bounds: (561,823),(635,823),(635,834),(561,834)
"60"bounds: (643,821),(678,821),(678,836),(643,836)
"-13"bounds: (680,822),(694,822),(694,837),(680,837)
"IO"bounds: (819,820),(849,818),(850,836),(820,838)
"Za"bounds: (847,823),(863,822),(864,834),(848,835)
"65"bounds: (871,816),(887,815),(888,833),(872,834)
"PL"bounds: (822,856),(837,855),(838,867),(823,868)
"Z£"bounds: (844,851),(872,850),(873,872),(845,873)
"1°"bounds: (874,849),(885,848),(886,866),(875,867)
"PS"bounds: (821,890),(837,889),(838,901),(822,902)
"Za"bounds: (848,886),(866,885),(867,902),(849,903)
"2.2*"bounds: (873,885),(903,884),(904,900),(874,901)
"EYY"bounds: (230,944),(289,944),(289,967),(230,967)
"Is"bounds: (300,941),(324,941),(324,972),(300,972)
"YT"bounds: (326,941),(366,941),(366,972),(326,972)
"TL"bounds: (821,924),(837,923),(838,935),(822,936)
"Za"bounds: (847,924),(863,923),(864,934),(848,935)
"164"bounds: (874,917),(895,916),(896,933),(875,934)
"KN"bounds: (822,949),(838,948),(838,959),(822,960)
"Za"bounds: (848,949),(863,948),(863,959),(848,960)
"10a-b4"bounds: (874,942),(921,940),(922,959),(875,961)
"57-31-31-"bounds: (562,950),(635,950),(635,960),(562,960)
"60"bounds: (647,950),(661,950),(661,960),(647,960)
"-80-06"bounds: (671,950),(720,950),(720,959),(671,959)
"73-26-59-"bounds: (563,983),(635,983),(635,993),(563,993)
"60o"bounds: (646,984),(661,984),(661,993),(646,993)
"-27"bounds: (671,984),(694,984),(694,993),(671,993)
"HT"bounds: (821,983),(837,982),(838,994),(822,995)
"117a.4-5"bounds: (847,976),(913,972),(914,995),(849,999)
"07-07-70-"bounds: (562,1016),(636,1017),(636,1028),(562,1027)
"60"bounds: (646,1017),(661,1017),(661,1027),(646,1027)
"-13-166"bounds: (671,1016),(728,1017),(728,1031),(671,1030)
"ZA"bounds: (822,1016),(837,1015),(838,1028),(823,1029)
"11a.13"bounds: (849,1011),(896,1008),(897,1027),(850,1030)
"Ils"bounds: (285,1044),(314,1044),(314,1066),(285,1066)
"760"bounds: (629,1047),(663,1047),(663,1066),(629,1066)
"F"bounds: (486,1051),(493,1051),(493,1061),(486,1061)
"нT"bounds: (821,1050),(838,1049),(838,1060),(821,1061)
"147.21"bounds: (849,1044),(894,1042),(895,1060),(850,1062)
"кн"bounds: (823,1083),(838,1082),(838,1093),(823,1094)
"14.13"bounds: (850,1076),(888,1075),(889,1094),(851,1095)
"47.33"bounds: (898,1076),(938,1075),(939,1093),(899,1094)
"ZA"bounds: (822,1115),(837,1114),(838,1126),(823,1127)
"11b.33"bounds: (850,1111),(897,1107),(898,1127),(852,1131)
"G"bounds: (487,1150),(495,1151),(494,1162),(486,1161)
"7-"bounds: (613,1147),(637,1148),(637,1167),(613,1166)
"60"bounds: (645,1151),(664,1151),(664,1167),(645,1167)
"KH"bounds: (822,1150),(838,1148),(839,1160),(823,1162)
"29.13"bounds: (847,1146),(888,1142),(890,1160),(849,1164)
"ZA"bounds: (817,1182),(848,1179),(850,1197),(819,1201)
"9.23"bounds: (847,1179),(880,1175),(882,1193),(849,1197)
"Hls"bounds: (273,1207),(313,1209),(312,1235),(272,1233)
"701-"bounds: (598,1214),(638,1217),(636,1237),(597,1234)
"60"bounds: (647,1218),(665,1219),(664,1235),(646,1234)
"PH"bounds: (823,1218),(839,1217),(840,1229),(824,1230)
"7b.2'"bounds: (849,1212),(887,1209),(888,1229),(851,1232)
"08-01-"bounds: (588,1252),(637,1253),(637,1264),(588,1263)
"60"bounds: (645,1252),(664,1252),(664,1268),(645,1268)
"KN"bounds: (823,1253),(839,1252),(840,1263),(824,1264)
"Zf"bounds: (848,1253),(864,1252),(865,1264),(849,1265)
"314"bounds: (872,1244),(897,1242),(898,1262),(874,1264)
"08-26-01-"bounds: (563,1287),(636,1287),(636,1297),(563,1297)
"6o"bounds: (647,1287),(662,1287),(662,1297),(647,1297)
"HT"bounds: (822,1286),(838,1285),(839,1297),(823,1298)
"28a.5'"bounds: (849,1281),(895,1278),(896,1297),(850,1300)
"日中"bounds: (216,1310),(273,1310),(273,1339),(216,1339)
"F"bounds: (278,1312),(287,1312),(287,1333),(278,1333)
"Is"bounds: (295,1307),(314,1307),(314,1339),(295,1339)
"["bounds: (316,1307),(325,1307),(325,1339),(316,1339)
"757-41-01-"bounds: (546,1317),(637,1317),(637,1339),(546,1339)
"60"bounds: (647,1321),(662,1321),(662,1340),(647,1340)
"E"bounds: (672,1317),(687,1317),(687,1336),(672,1336)
"PH"bounds: (823,1321),(839,1320),(840,1331),(824,1332)
"7a.41"bounds: (849,1314),(887,1312),(888,1331),(850,1333)
"81-81-01-"bounds: (563,1353),(638,1353),(638,1365),(563,1365)
"60"bounds: (646,1354),(661,1354),(661,1365),(646,1365)
"HT"bounds: (822,1355),(839,1354),(840,1365),(823,1366)
"117a.7"bounds: (850,1348),(904,1345),(905,1365),(851,1368)
"+"bounds: (283,1372),(300,1371),(301,1404),(284,1405)
"Is"bounds: (297,1377),(312,1376),(313,1398),(298,1399)
"03-"bounds: (613,1388),(637,1389),(636,1399),(612,1398)
"60"bounds: (646,1387),(665,1388),(664,1403),(645,1402)
"нT"bounds: (816,1383),(854,1382),(854,1401),(816,1402)
"128а.1"bounds: (856,1382),(897,1381),(897,1400),(856,1401)
"PH"bounds: (824,1422),(840,1422),(840,1434),(824,1434)
"3a.3'"bounds: (850,1413),(887,1413),(887,1433),(850,1433)
"16-73-47-06-"bounds: (538,1457),(637,1458),(637,1470),(538,1469)
"60"bounds: (647,1458),(662,1458),(662,1470),(647,1470)
"KN"bounds: (824,1458),(839,1458),(839,1469),(824,1469)
"Z£"bounds: (849,1457),(865,1457),(865,1470),(849,1470)
"31*"bounds: (874,1454),(896,1454),(896,1469),(874,1469)
"240"bounds: (67,1507),(104,1507),(104,1524),(67,1524)