Texts:

"%24
77
本C田
нT 21.11
39-59- 77 -09
10-06-26- 77 757-41
PK Za 12c
4
10-06-26- 77 -06-37
PK Za 11c
FT4田T目4
XPK Za 12c4
10-06-26- 77 -06-57-41
7-306-37- 72 -08-27
HT 4.1
722
HT 792*+ 783.1' 140.5'
F
KH 36.13
J- 22
HT 93a.91
ゲAL1-
08-51-[.7- ?7
XTY 3a.3'
01- 77
HT Wa 10012 1002? 10032 100? 10052
HYFO
08-31-01- 72
MA Wc<5>a.1-2
53-26- 77
TY 2.5'
28- 77
HT 91.1' 102.4
1曲4田
_777-28- 77
KN Wc 32
59-30- 77
HT Wc 3004a2 300sa?
4田
41- 27
HT Wa 10142 10152 10162 10172 10182
1027 (?)? 1028 (?)?
平TC半学T4田
28-06-59-28-79-07-41- 77
I0 Za 65
08-01-67-41- 77
KH 5.13
08-53-28-301-45- 72
ZA Zh 3,24
751- 22
MI 2.25
中平目田
08-41-57- 77
HT 28a.1,h.1
333-07-06-58- 77
HT WC 30102
333-07-58- 77
HT Wc 3009a?
73- 77
HT 135a.2'
78- 77
HT 85h.2
100
778- 77
HT 111a.2'
781- 77
XMI 2.25
86-41-118- 7?
HT 140. 2'
38+ 77
HT 33.3' 34.7
A 526
A 539
57+ 77
HT 24b.2'
IT Wa 1021y
HT 33.3' 34.1
A 541
60+ 77
A 552
73+57+ 77
A 554
77 +08
HT 38.2'
A 568
100/102+ 77
HT 28a.4' 88.1' 97a.1' 100.1'
KH Wc 20293 2030³ 20313 20323 21063
A 596
131a'77'
ZA 66.23
...
259
料m y O鼎
"bounds: (65,88),(1157,88),(1157,1542),(65,1542)
"%24"bounds: (65,88),(90,88),(90,107),(65,107)
"77"bounds: (1049,100),(1065,100),(1065,113),(1049,113)
"本"bounds: (207,154),(223,154),(223,186),(207,186)
"C"bounds: (231,159),(244,159),(244,185),(231,185)
"田"bounds: (246,151),(274,151),(273,191),(245,191)
"нT"bounds: (721,173),(737,172),(738,184),(722,185)
"21.11"bounds: (746,166),(785,163),(786,183),(748,186)
"39-59-"bounds: (530,171),(578,172),(578,184),(530,183)
"77"bounds: (589,172),(603,172),(603,183),(589,183)
"-09"bounds: (613,172),(637,172),(637,183),(613,183)
"10-06-26-"bounds: (505,207),(577,207),(577,217),(505,217)
"77"bounds: (585,202),(604,202),(604,221),(585,221)
"757-41"bounds: (638,204),(694,204),(694,222),(638,222)
"PK"bounds: (721,207),(737,206),(737,218),(721,219)
"Za"bounds: (747,208),(762,207),(762,218),(747,219)
"12c"bounds: (774,203),(802,202),(803,218),(775,219)
"4"bounds: (793,199),(804,199),(804,212),(793,212)
"10-06-26-"bounds: (505,240),(578,241),(578,252),(505,251)
"77"bounds: (589,241),(603,241),(603,251),(589,251)
"-06-37"bounds: (613,241),(662,242),(662,252),(613,251)
"PK"bounds: (721,241),(737,240),(737,252),(721,253)
"Za"bounds: (748,238),(766,237),(767,253),(749,254)
"11c"bounds: (773,237),(797,236),(798,253),(774,254)
"FT4"bounds: (167,260),(251,259),(251,292),(167,293)
"田"bounds: (253,259),(273,259),(273,292),(253,292)
"T"bounds: (275,265),(288,265),(288,291),(275,291)
"目"bounds: (290,259),(319,259),(319,292),(290,292)
"4"bounds: (321,259),(341,259),(341,292),(321,292)
"XPK"bounds: (721,270),(746,269),(747,285),(722,286)
"Za"bounds: (755,269),(775,268),(776,286),(756,287)
"12c4"bounds: (782,267),(812,266),(813,285),(783,286)
"10-06-26-"bounds: (504,274),(578,274),(578,284),(504,284)
"77"bounds: (587,275),(604,275),(604,289),(587,289)
"-06-57-41"bounds: (613,275),(686,275),(686,285),(613,285)
"7-306-37-"bounds: (494,305),(578,305),(578,324),(494,324)
"72"bounds: (586,309),(604,309),(604,325),(586,325)
"-08-27"bounds: (613,305),(678,305),(678,325),(613,325)
"HT"bounds: (720,308),(737,307),(738,320),(721,321)
"4.1"bounds: (747,302),(776,300),(777,319),(748,321)
"722"bounds: (571,338),(604,338),(604,358),(571,358)
"HT"bounds: (721,343),(737,343),(737,354),(721,354)
"792*+"bounds: (743,333),(793,333),(793,363),(743,363)
"783.1'"bounds: (795,333),(849,333),(849,363),(795,363)
"140.5'"bounds: (858,334),(903,334),(903,362),(858,362)
"F"bounds: (376,342),(383,342),(383,352),(376,352)
"KH"bounds: (721,377),(737,376),(738,388),(722,389)
"36.13"bounds: (747,372),(787,370),(788,388),(748,390)
"J-"bounds: (557,404),(586,407),(584,430),(555,427)
"22"bounds: (587,411),(605,413),(603,429),(586,427)
"HT"bounds: (721,412),(737,411),(738,422),(722,423)
"93a.91"bounds: (747,405),(794,403),(795,422),(748,424)
"ゲ"bounds: (150,428),(179,428),(179,463),(150,463)
"AL1-"bounds: (181,428),(245,428),(245,463),(181,463)
"08-51-[.7-"bounds: (478,440),(578,440),(578,463),(478,463)
"?7"bounds: (587,445),(604,445),(604,467),(587,467)
"XTY"bounds: (722,439),(746,439),(746,457),(722,457)
"3a.3'"bounds: (756,437),(793,436),(793,456),(756,457)
"01-"bounds: (554,478),(578,479),(578,489),(554,488)
"77"bounds: (589,479),(603,479),(603,492),(589,492)
"HT"bounds: (721,479),(737,479),(737,489),(721,489)
"Wa"bounds: (747,478),(762,478),(762,490),(747,490)
"10012"bounds: (774,471),(813,470),(813,489),(774,490)
"1002?"bounds: (825,470),(863,469),(863,488),(825,489)
"10032"bounds: (875,470),(914,469),(914,489),(875,490)
"100?"bounds: (926,468),(960,467),(960,488),(926,489)
"10052"bounds: (977,471),(1015,470),(1015,488),(977,489)
"HYFO"bounds: (185,498),(269,499),(269,522),(185,521)
"08-31-01-"bounds: (503,512),(577,512),(577,522),(503,522)
"72"bounds: (589,512),(602,512),(602,521),(589,521)
"MA"bounds: (721,513),(736,513),(736,523),(721,523)
"Wc<5>a.1-2"bounds: (747,509),(836,508),(836,524),(747,525)
"53-26-"bounds: (529,545),(577,544),(577,561),(529,562)
"77"bounds: (586,545),(604,545),(604,560),(586,560)
"TY"bounds: (721,546),(737,545),(738,556),(722,558)
"2.5'"bounds: (747,540),(777,537),(779,555),(749,558)
"28-"bounds: (555,579),(578,579),(578,588),(555,588)
"77"bounds: (587,579),(605,579),(605,594),(587,594)
"HT"bounds: (722,580),(738,580),(738,590),(722,590)
"91.1'"bounds: (748,571),(785,571),(785,591),(748,591)
"102.4"bounds: (796,571),(837,571),(837,596),(796,596)
"1"bounds: (175,595),(207,595),(207,626),(175,626)
"曲"bounds: (209,595),(228,595),(228,626),(209,626)
"4"bounds: (227,596),(240,596),(240,621),(227,621)
"田"bounds: (250,598),(276,598),(276,626),(250,626)
"_777-28-"bounds: (512,608),(578,608),(578,627),(512,627)
"77"bounds: (584,606),(604,606),(604,628),(584,628)
"KN"bounds: (722,614),(738,613),(739,624),(723,625)
"Wc"bounds: (747,613),(762,612),(763,624),(748,625)
"32"bounds: (773,607),(788,606),(789,622),(774,623)
"59-30-"bounds: (530,643),(578,645),(577,658),(529,656)
"77"bounds: (588,645),(606,646),(605,662),(587,661)
"HT"bounds: (721,646),(738,646),(738,657),(721,657)
"Wc"bounds: (747,646),(762,646),(762,657),(747,657)
"3004a2"bounds: (773,639),(821,638),(821,656),(773,657)
"300sa?"bounds: (832,638),(880,637),(880,657),(832,658)
"4"bounds: (225,665),(247,665),(247,687),(225,687)
"田"bounds: (252,664),(271,664),(271,687),(252,687)
"41-"bounds: (556,676),(578,678),(577,689),(555,687)
"27"bounds: (588,676),(606,677),(605,694),(587,693)
"HT"bounds: (722,679),(738,679),(738,690),(722,690)
"Wa"bounds: (747,679),(763,679),(763,690),(747,690)
"10142"bounds: (775,671),(813,670),(813,689),(775,690)
"10152"bounds: (825,671),(864,670),(864,689),(825,690)
"10162"bounds: (876,670),(914,669),(914,689),(876,690)
"10172"bounds: (926,671),(965,670),(965,689),(926,690)
"10182"bounds: (977,671),(1016,670),(1016,689),(977,690)
"1027"bounds: (766,704),(805,704),(805,729),(766,729)
"(?)?"bounds: (807,704),(844,704),(844,729),(807,729)
"1028"bounds: (851,712),(880,712),(880,723),(851,723)
"(?)?"bounds: (885,705),(914,705),(914,726),(885,726)
"平"bounds: (86,726),(102,726),(102,750),(86,750)
"TC"bounds: (111,728),(149,728),(149,751),(111,751)
"半"bounds: (158,725),(174,725),(174,751),(158,751)
"学"bounds: (178,726),(199,726),(199,756),(178,756)
"T4"bounds: (201,725),(247,726),(247,759),(201,758)
"田"bounds: (249,725),(270,725),(270,758),(249,758)
"28-06-59-28-79-07-41-"bounds: (403,735),(578,736),(578,751),(403,750)
"77"bounds: (587,736),(605,736),(605,751),(587,751)
"I0"bounds: (720,736),(755,734),(756,750),(721,752)
"Za"bounds: (757,733),(769,732),(770,748),(758,749)
"65"bounds: (773,733),(788,732),(789,746),(774,747)
"08-01-67-41-"bounds: (478,770),(578,771),(578,782),(478,781)
"77"bounds: (587,771),(605,771),(605,785),(587,785)
"KH"bounds: (722,771),(738,769),(739,781),(723,783)
"5.13"bounds: (746,767),(779,764),(781,781),(748,784)
"08-53-28-301-45-"bounds: (445,803),(578,804),(578,822),(445,821)
"72"bounds: (587,804),(605,804),(605,820),(587,820)
"ZA"bounds: (722,806),(737,805),(738,816),(723,817)
"Zh"bounds: (748,805),(762,804),(762,814),(748,815)
"3,24"bounds: (773,799),(804,797),(805,816),(774,818)
"751-"bounds: (537,834),(578,833),(578,856),(537,857)
"22"bounds: (584,832),(607,832),(607,856),(584,856)
"MI"bounds: (721,839),(736,838),(737,849),(722,850)
"2.25"bounds: (747,833),(779,830),(781,849),(749,852)
"中平"bounds: (180,858),(224,859),(224,883),(180,882)
"目"bounds: (232,860),(243,860),(243,884),(232,884)
"田"bounds: (250,861),(270,861),(270,884),(250,884)
"08-41-57-"bounds: (503,870),(578,872),(578,883),(503,881)
"77"bounds: (588,872),(603,872),(603,885),(588,885)
"HT"bounds: (722,873),(738,873),(738,883),(722,883)
"28a.1,h.1"bounds: (749,873),(820,872),(820,886),(749,887)
"333-07-06-58-"bounds: (471,902),(578,905),(578,918),(471,915)
"77"bounds: (587,905),(605,905),(605,919),(587,919)
"HT"bounds: (722,907),(738,906),(739,917),(723,918)
"WC"bounds: (747,907),(763,906),(764,917),(748,918)
"30102"bounds: (773,901),(813,899),(814,917),(774,919)
"333-07-58-"bounds: (496,938),(578,939),(578,949),(496,948)
"77"bounds: (589,939),(603,939),(603,948),(589,948)
"HT"bounds: (722,941),(738,940),(738,950),(722,951)
"Wc"bounds: (747,940),(762,939),(762,950),(747,951)
"3009a?"bounds: (773,933),(822,931),(823,950),(774,952)
"73-"bounds: (556,972),(578,972),(578,982),(556,982)
"77"bounds: (587,969),(603,969),(603,986),(587,986)
"HT"bounds: (722,973),(738,972),(738,983),(722,984)
"135a.2'"bounds: (750,968),(803,966),(804,985),(751,987)
"78-"bounds: (556,1005),(579,1006),(578,1017),(555,1016)
"77"bounds: (588,1005),(606,1006),(605,1021),(587,1020)
"HT"bounds: (722,1008),(738,1008),(738,1018),(722,1018)
"85h.2"bounds: (748,1007),(788,1006),(788,1018),(748,1019)
"100"bounds: (212,1026),(267,1026),(267,1049),(212,1049)
"778-"bounds: (538,1035),(578,1036),(578,1055),(538,1054)
"77"bounds: (587,1039),(605,1039),(605,1054),(587,1054)
"HT"bounds: (722,1040),(739,1039),(739,1050),(723,1051)
"111a.2'"bounds: (750,1034),(803,1032),(804,1051),(751,1053)
"781-"bounds: (538,1069),(578,1069),(578,1090),(538,1090)
"77"bounds: (587,1066),(606,1066),(606,1090),(587,1090)
"XMI"bounds: (722,1069),(745,1068),(745,1084),(722,1085)
"2.25"bounds: (757,1066),(788,1065),(789,1084),(758,1085)
"86-41-118-"bounds: (496,1104),(578,1106),(578,1117),(496,1115)
"7?"bounds: (587,1106),(605,1107),(605,1121),(587,1120)
"HT"bounds: (722,1108),(739,1107),(740,1118),(723,1119)
"140."bounds: (750,1107),(777,1105),(778,1118),(751,1120)
"2'"bounds: (784,1100),(796,1099),(797,1116),(785,1117)
"38+"bounds: (556,1171),(578,1173),(577,1184),(555,1182)
"77"bounds: (588,1172),(606,1174),(605,1189),(587,1187)
"HT"bounds: (723,1174),(739,1174),(739,1184),(723,1184)
"33.3'"bounds: (749,1165),(787,1166),(787,1186),(749,1185)
"34.7"bounds: (797,1165),(834,1166),(834,1192),(797,1191)
"A"bounds: (158,1171),(166,1171),(166,1180),(158,1180)
"526"bounds: (176,1170),(199,1170),(199,1181),(176,1181)
"A"bounds: (165,1200),(174,1200),(173,1215),(164,1215)
"539"bounds: (177,1202),(199,1203),(199,1215),(177,1214)
"57+"bounds: (555,1206),(579,1207),(579,1217),(555,1216)
"77"bounds: (588,1205),(606,1206),(605,1222),(587,1221)
"HT"bounds: (722,1208),(739,1207),(739,1218),(722,1219)
"24b.2'"bounds: (749,1202),(795,1200),(796,1218),(750,1220)
"IT"bounds: (723,1241),(739,1241),(739,1252),(723,1252)
"Wa"bounds: (748,1241),(764,1241),(764,1252),(748,1252)
"1021y"bounds: (775,1233),(823,1234),(823,1262),(775,1261)
"HT"bounds: (724,1275),(739,1275),(739,1285),(724,1285)
"33.3'"bounds: (749,1266),(787,1267),(787,1287),(749,1286)
"34.1"bounds: (799,1266),(832,1267),(832,1297),(799,1296)
"A"bounds: (169,1235),(177,1235),(177,1250),(169,1250)
"541"bounds: (176,1237),(196,1237),(196,1247),(176,1247)
"60+"bounds: (555,1240),(578,1240),(578,1249),(555,1249)
"77"bounds: (587,1240),(605,1240),(605,1254),(587,1254)
"A"bounds: (164,1268),(174,1268),(174,1284),(164,1284)
"552"bounds: (176,1270),(198,1270),(198,1282),(176,1282)
"73+57+"bounds: (531,1272),(578,1273),(578,1285),(531,1284)
"77"bounds: (587,1274),(606,1275),(606,1290),(587,1289)
"A"bounds: (167,1301),(177,1301),(177,1317),(167,1317)
"554"bounds: (176,1304),(198,1304),(198,1315),(176,1315)
"77"bounds: (589,1307),(603,1306),(603,1316),(589,1317)
"+08"bounds: (613,1307),(637,1306),(637,1317),(613,1318)
"HT"bounds: (722,1310),(739,1309),(740,1319),(723,1320)
"38.2'"bounds: (748,1303),(788,1300),(789,1318),(749,1321)
"A"bounds: (168,1336),(175,1336),(175,1351),(168,1351)
"568"bounds: (176,1339),(198,1339),(198,1350),(176,1350)
"100/102+"bounds: (514,1339),(579,1341),(578,1355),(513,1353)
"77"bounds: (588,1341),(604,1342),(603,1357),(587,1356)
"HT"bounds: (723,1343),(739,1343),(739,1353),(723,1353)
"28a.4'"bounds: (750,1333),(795,1333),(795,1354),(750,1354)
"88.1'"bounds: (809,1334),(846,1334),(846,1354),(809,1354)
"97a.1'"bounds: (859,1334),(905,1334),(905,1354),(859,1354)
"100.1'"bounds: (919,1335),(964,1335),(964,1353),(919,1353)
"KH"bounds: (724,1376),(739,1376),(739,1387),(724,1387)
"Wc"bounds: (748,1376),(763,1376),(763,1388),(748,1388)
"20293"bounds: (775,1369),(815,1369),(815,1387),(775,1387)
"2030³"bounds: (826,1369),(865,1369),(865,1387),(826,1387)
"20313"bounds: (876,1368),(915,1368),(915,1387),(876,1387)
"20323"bounds: (927,1368),(966,1368),(966,1387),(927,1387)
"21063"bounds: (978,1368),(1016,1368),(1016,1387),(978,1387)
"A"bounds: (165,1403),(173,1403),(173,1418),(165,1418)
"596"bounds: (176,1406),(198,1406),(198,1417),(176,1417)
"131a'77'"bounds: (548,1408),(611,1409),(611,1424),(548,1423)
"ZA"bounds: (724,1410),(738,1409),(739,1422),(725,1423)
"66.23"bounds: (750,1405),(790,1402),(791,1421),(751,1424)
"..."bounds: (557,1425),(567,1425),(567,1428),(557,1428)
"259"bounds: (1119,1520),(1157,1523),(1156,1541),(1118,1539)
"料"bounds: (269,1149),(268,1190),(245,1189),(246,1148)
"m"bounds: (268,1192),(267,1222),(244,1221),(245,1191)
"y"bounds: (262,1232),(261,1254),(245,1253),(246,1231)
"O"bounds: (263,1295),(262,1320),(247,1319),(248,1294)
"鼎"bounds: (263,1328),(262,1354),(239,1353),(240,1327)