Texts:

"XLVIII
INSCRIPTIONS EN LINÉAIRE A
A 313 a
A 313 b
A313 c
(HT 100,2)
(HT 94a.2)
(HT1276.5)
A 314
ARKH3 b.2 HT WE 3006 b KOo Za 1b PH26
PH WC 38
A 3 15
HT9A.1 HT 17. 2
HT19.2 KH 82.3
A316
KH 91.2 (PYR 1.2 )
A 317
A 318
A 319
中 ×
PH 9a (KH wa 100) HT 45a.3 (PH86.1)
HT 132.1
A 320
A 321
A 322
主
PH WE 34b
TY 3a.1 HT6a.3 IOZA7
KHWE 2098 HT11..?
"bounds: (156,76),(1111,76),(1111,1394),(156,1394)
"XLVIII"bounds: (249,82),(302,82),(302,92),(249,92)
"INSCRIPTIONS"bounds: (516,81),(632,80),(632,91),(516,92)
"EN"bounds: (646,82),(666,82),(666,91),(646,91)
"LINÉAIRE"bounds: (680,77),(760,76),(760,91),(680,92)
"A"bounds: (774,82),(782,82),(782,90),(774,90)
"A"bounds: (343,197),(366,197),(366,226),(343,226)
"313"bounds: (363,201),(420,202),(420,225),(363,224)
"a"bounds: (430,209),(447,209),(447,221),(430,221)
"A"bounds: (591,197),(611,197),(611,224),(591,224)
"313"bounds: (610,201),(659,201),(659,222),(610,222)
"b"bounds: (676,199),(688,199),(688,223),(676,223)
"A313"bounds: (835,199),(911,201),(910,223),(834,221)
"c"bounds: (921,209),(939,209),(939,222),(921,222)
"(HT"bounds: (206,310),(263,310),(263,349),(206,349)
"100,2)"bounds: (272,308),(369,309),(369,347),(272,346)
"(HT"bounds: (528,316),(579,316),(579,345),(528,345)
"94a.2)"bounds: (588,312),(685,312),(685,345),(588,345)
"(HT1276.5)"bounds: (810,311),(967,313),(967,350),(810,348)
"A"bounds: (585,401),(604,401),(603,431),(584,431)
"314"bounds: (599,405),(647,406),(646,428),(598,427)
"ARKH3"bounds: (221,520),(322,520),(322,543),(221,543)
"b.2"bounds: (334,518),(375,518),(375,543),(334,543)
"HT"bounds: (408,521),(446,521),(446,540),(408,540)
"WE"bounds: (463,517),(493,517),(493,549),(463,549)
"3006"bounds: (496,517),(553,517),(553,549),(496,549)
"b"bounds: (559,517),(568,517),(568,542),(559,542)
"KOo"bounds: (595,517),(669,517),(669,549),(595,549)
"Za"bounds: (671,517),(691,517),(691,549),(671,549)
"1b"bounds: (691,519),(723,519),(723,549),(691,549)
"PH26"bounds: (768,520),(846,520),(846,542),(768,542)
"PH"bounds: (896,521),(929,522),(929,542),(896,541)
"WC"bounds: (941,520),(977,521),(977,542),(941,541)
"38"bounds: (985,523),(1017,524),(1017,545),(985,544)
"A"bounds: (569,607),(602,608),(602,630),(569,629)
"3"bounds: (610,606),(617,606),(617,635),(610,635)
"15"bounds: (618,611),(641,611),(641,629),(618,629)
"HT9A.1"bounds: (218,722),(334,723),(334,745),(218,744)
"HT"bounds: (363,728),(403,728),(403,746),(363,746)
"17."bounds: (420,722),(461,722),(461,750),(420,750)
"2"bounds: (460,726),(475,726),(475,746),(460,746)
"HT19.2"bounds: (512,726),(619,726),(619,746),(512,746)
"KH"bounds: (656,725),(696,725),(696,747),(656,747)
"82.3"bounds: (708,725),(767,725),(767,746),(708,746)
"A316"bounds: (565,810),(642,809),(642,834),(565,835)
"KH"bounds: (216,925),(279,925),(279,959),(216,959)
"91.2"bounds: (281,925),(332,925),(332,959),(281,959)
"(PYR"bounds: (364,927),(424,927),(424,954),(364,954)
"1.2"bounds: (434,924),(512,924),(512,955),(434,955)
")"bounds: (526,924),(534,924),(534,952),(526,952)
"A"bounds: (295,1011),(316,1011),(316,1038),(295,1038)
"317"bounds: (314,1013),(371,1013),(371,1035),(314,1035)
"A"bounds: (629,1010),(648,1010),(648,1040),(629,1040)
"318"bounds: (646,1015),(699,1016),(699,1036),(646,1035)
"A"bounds: (939,1012),(959,1012),(960,1039),(940,1039)
"319"bounds: (961,1011),(1002,1010),(1003,1038),(962,1039)
"中"bounds: (156,1024),(287,1025),(287,1120),(156,1119)
"×"bounds: (548,1042),(579,1042),(579,1113),(548,1113)
"PH"bounds: (190,1131),(221,1131),(221,1152),(190,1152)
"9a"bounds: (231,1133),(264,1133),(264,1152),(231,1152)
"(KH"bounds: (297,1124),(357,1124),(357,1155),(297,1155)
"wa"bounds: (367,1124),(403,1124),(403,1153),(367,1153)
"100)"bounds: (412,1124),(484,1125),(484,1162),(412,1161)
"HT"bounds: (509,1124),(557,1124),(557,1162),(509,1162)
"45a.3"bounds: (560,1125),(640,1126),(640,1163),(560,1162)
"(PH86.1)"bounds: (656,1126),(779,1127),(779,1164),(656,1163)
"HT"bounds: (836,1125),(888,1126),(887,1155),(835,1154)
"132.1"bounds: (890,1126),(963,1128),(962,1158),(889,1156)
"A"bounds: (289,1218),(311,1218),(311,1245),(289,1245)
"320"bounds: (306,1221),(365,1222),(365,1243),(306,1242)
"A"bounds: (604,1217),(622,1217),(622,1242),(604,1242)
"321"bounds: (634,1220),(690,1220),(690,1239),(634,1239)
"A"bounds: (930,1215),(950,1216),(949,1241),(929,1240)
"322"bounds: (950,1217),(1004,1219),(1003,1241),(949,1239)
"主"bounds: (517,1283),(668,1275),(671,1346),(521,1354)
"PH"bounds: (193,1366),(227,1366),(227,1388),(193,1388)
"WE"bounds: (239,1365),(275,1365),(275,1389),(239,1389)
"34b"bounds: (289,1365),(342,1365),(342,1391),(289,1391)
"TY"bounds: (502,1365),(538,1365),(538,1390),(502,1390)
"3a.1"bounds: (549,1365),(603,1365),(603,1390),(549,1390)
"HT6a.3"bounds: (612,1367),(710,1367),(710,1389),(612,1389)
"IOZA7"bounds: (723,1369),(801,1369),(801,1389),(723,1389)
"KHWE"bounds: (836,1367),(910,1367),(910,1389),(836,1389)
"2098"bounds: (919,1367),(975,1367),(975,1388),(919,1388)
"HT11..?"bounds: (1000,1367),(1111,1367),(1111,1394),(1000,1394)