Texts:

"INTRODUCTION
A. ABRÉVIATIONS BIBLIOGRAPHIQUES
Andréadaki Vlasaki-Godart 1982 M. ANDRÉADAKI VLASAKI - L. GODART,
« Une nouvelle tablette en linéaire A de La Canée :
KH 91 », Studi Micenei ed Egeo-anatolici, 23 (1982),
р. 51-60, fig. 3-10.
Hallager-Vlasakis 1976 : E. HALLAGER - M. VLASAKIS, « KH Inscriptions
1976 0, 'Αρχαιολογικά ,Ανάλεκτα έξ Αθηνν, 9 (1976) , p. 213-
219.
Hallager 1978 : E. HALLAGER, « Two Linear A Tablets from the Greek-
Swedish Excavations, Kastelli, Khania 1977 », Studi
Micenei ed Egeo-anatolici, 19 (1978), p. 35-47, pl. 1-6.
Hallager 1980 : E. HALLAGER, « A New Linear A Inscription from Khania »,
Кadmos, 19 (1980), р. 9-11, pl. I.
Hallager-Vlasakis 1984 : E. HALLAGER - M. VLASAKIS, « Two New Roundels
with Linear A from Khania », Kadmos, 23 (1984),
Р. 1-10, pl. I-V.
Janko 1982 : R. JANKO, « A Stone Object Inscribed in Linear A from Ayios
Stephanos, Laconia », Kadmos, 21 (1982), p. 97-100,
pl. I.
Karetsou-Godart-Olivier 1985 : A. KARETSOU - L. GODART - J.-P. OLIVIER,
« Inscriptions en linéaire A du sanctuaire de sommet
minoen du mont Iouktas », Kadmos, 24 (1985) [sous
presse].
Metaxa-Muhly 1984 P. METAXA-MUHLY, « Linear A Inscriptions from
the Sanctuary of Hermes and Aphrodite at Kato Syme »,
Кadmos, 23 (1984), р. 124-135, pl. I-IV.
"bounds: (168,401),(967,401),(967,1342),(168,1342)
"INTRODUCTION"bounds: (469,402),(661,401),(661,418),(469,419)
"A."bounds: (297,496),(353,496),(353,523),(297,523)
"ABRÉVIATIONS"bounds: (353,498),(544,500),(544,522),(353,520)
"BIBLIOGRAPHIQUES"bounds: (564,501),(821,503),(821,525),(564,523)
"Andréadaki"bounds: (168,574),(289,574),(289,591),(168,591)
"Vlasaki-Godart"bounds: (302,574),(462,574),(462,591),(302,591)
"1982"bounds: (475,574),(520,574),(520,591),(475,591)
"M."bounds: (547,575),(570,575),(570,591),(547,591)
"ANDRÉADAKI"bounds: (584,575),(720,575),(720,591),(584,591)
"VLASAKI"bounds: (734,574),(834,574),(834,591),(734,591)
"-"bounds: (836,571),(842,571),(842,595),(836,595)
"L."bounds: (843,574),(861,574),(861,591),(843,591)
"GODART,"bounds: (873,574),(962,574),(962,595),(873,595)
"«"bounds: (366,611),(372,611),(372,622),(366,622)
"Une"bounds: (382,606),(422,606),(422,622),(382,622)
"nouvelle"bounds: (439,606),(524,606),(524,622),(439,622)
"tablette"bounds: (542,606),(622,606),(622,622),(542,622)
"en"bounds: (639,612),(661,612),(661,622),(639,622)
"linéaire"bounds: (678,605),(752,605),(752,622),(678,622)
"A"bounds: (770,606),(784,606),(784,621),(770,621)
"de"bounds: (802,605),(823,605),(823,622),(802,622)
"La"bounds: (841,605),(866,605),(866,622),(841,622)
"Canée"bounds: (883,605),(943,605),(943,622),(883,622)
":"bounds: (961,613),(963,613),(963,622),(961,622)
"KH"bounds: (366,636),(405,636),(405,653),(366,653)
"91"bounds: (422,635),(445,635),(445,653),(422,653)
"»,"bounds: (454,642),(466,642),(466,656),(454,656)
"Studi"bounds: (485,636),(538,636),(538,653),(485,653)
"Micenei"bounds: (557,636),(636,636),(636,653),(557,653)
"ed"bounds: (655,636),(675,636),(675,652),(655,652)
"Egeo-anatolici,"bounds: (691,635),(839,636),(839,659),(691,658)
"23"bounds: (856,636),(877,636),(877,652),(856,652)
"(1982),"bounds: (896,637),(964,637),(964,659),(896,659)
"р."bounds: (362,668),(394,667),(394,691),(362,692)
"51-60,"bounds: (396,667),(456,666),(456,688),(396,689)
"fig."bounds: (470,666),(499,665),(499,689),(470,690)
"3-10."bounds: (512,666),(560,665),(560,684),(512,685)
"Hallager-Vlasakis"bounds: (170,700),(355,700),(355,722),(170,722)
"1976"bounds: (372,701),(417,701),(417,717),(372,717)
":"bounds: (431,697),(443,697),(443,723),(431,723)
"E."bounds: (453,701),(473,701),(473,717),(453,717)
"HALLAGER"bounds: (489,701),(597,701),(597,717),(489,717)
"-"bounds: (605,711),(610,711),(610,712),(605,712)
"M."bounds: (618,701),(641,701),(641,717),(618,717)
"VLASAKIS,"bounds: (656,701),(760,701),(760,721),(656,721)
"«"bounds: (774,706),(780,706),(780,717),(774,717)
"KH"bounds: (791,700),(827,700),(827,717),(791,717)
"Inscriptions"bounds: (843,701),(964,701),(964,723),(843,723)
"1976"bounds: (367,731),(412,731),(412,748),(367,748)
"0,"bounds: (421,737),(432,737),(432,752),(421,752)
"'Αρχαιολογικά"bounds: (443,732),(569,732),(569,752),(443,752)
",Ανάλεκτα"bounds: (578,732),(668,732),(668,747),(578,747)
"έξ"bounds: (679,732),(696,732),(696,749),(679,749)
"Αθηνν,"bounds: (706,732),(784,732),(784,752),(706,752)
"9"bounds: (795,731),(805,731),(805,748),(795,748)
"(1976)"bounds: (816,731),(876,731),(876,753),(816,753)
","bounds: (881,746),(883,746),(883,753),(881,753)
"p."bounds: (894,739),(911,739),(911,753),(894,753)
"213-"bounds: (923,732),(964,732),(964,749),(923,749)
"219."bounds: (365,762),(404,762),(404,779),(365,779)
"Hallager"bounds: (171,793),(258,793),(258,815),(171,815)
"1978"bounds: (272,793),(318,793),(318,809),(272,809)
":"bounds: (334,789),(350,789),(350,815),(334,815)
"E."bounds: (352,789),(382,789),(382,815),(352,815)
"HALLAGER,"bounds: (387,793),(502,793),(502,814),(387,814)
"«"bounds: (516,799),(522,799),(522,809),(516,809)
"Two"bounds: (533,794),(575,794),(575,810),(533,810)
"Linear"bounds: (591,793),(656,793),(656,810),(591,810)
"A"bounds: (681,789),(697,789),(697,815),(681,815)
"Tablets"bounds: (699,794),(774,794),(774,810),(699,810)
"from"bounds: (790,794),(836,794),(836,810),(790,810)
"the"bounds: (850,794),(881,794),(881,810),(850,810)
"Greek-"bounds: (896,794),(964,794),(964,810),(896,810)
"Swedish"bounds: (367,824),(449,824),(449,840),(367,840)
"Excavations,"bounds: (469,824),(603,824),(603,844),(469,844)
"Kastelli,"bounds: (625,824),(709,824),(709,845),(625,845)
"Khania"bounds: (731,824),(804,824),(804,841),(731,841)
"1977"bounds: (825,824),(870,824),(870,841),(825,841)
"»,"bounds: (880,830),(891,830),(891,845),(880,845)
"Studi"bounds: (912,825),(965,825),(965,841),(912,841)
"Micenei"bounds: (368,854),(448,854),(448,871),(368,871)
"ed"bounds: (462,855),(482,855),(482,870),(462,870)
"Egeo-anatolici,"bounds: (498,854),(646,855),(646,878),(498,877)
"19"bounds: (662,855),(683,855),(683,871),(662,871)
"(1978),"bounds: (698,854),(766,854),(766,876),(698,876)
"p."bounds: (781,862),(797,862),(797,877),(781,877)
"35-47,"bounds: (813,855),(874,855),(874,876),(813,876)
"pl."bounds: (890,856),(912,856),(912,877),(890,877)
"1-6."bounds: (929,855),(964,855),(964,872),(929,872)
"Hallager"bounds: (171,887),(259,887),(259,908),(171,908)
"1980"bounds: (268,887),(314,887),(314,904),(268,904)
":"bounds: (326,884),(336,884),(336,908),(326,908)
"E."bounds: (337,888),(357,888),(357,904),(337,904)
"HALLAGER,"bounds: (369,888),(484,888),(484,908),(369,908)
"«"bounds: (494,893),(500,893),(500,904),(494,904)
"A"bounds: (509,888),(523,888),(523,904),(509,904)
"New"bounds: (534,888),(578,888),(578,904),(534,904)
"Linear"bounds: (588,888),(654,888),(654,904),(588,904)
"A"bounds: (664,888),(678,888),(678,904),(664,904)
"Inscription"bounds: (690,888),(802,888),(802,908),(690,908)
"from"bounds: (811,888),(858,888),(858,905),(811,905)
"Khania"bounds: (869,889),(943,889),(943,905),(869,905)
"»,"bounds: (953,894),(965,894),(965,908),(953,908)
"Кadmos,"bounds: (368,919),(455,919),(455,939),(368,939)
"19"bounds: (468,919),(489,919),(489,935),(468,935)
"(1980),"bounds: (502,919),(569,919),(569,940),(502,940)
"р."bounds: (583,925),(599,925),(599,940),(583,940)
"9-11,"bounds: (612,919),(660,919),(660,939),(612,939)
"pl."bounds: (673,919),(696,919),(696,940),(673,940)
"I."bounds: (711,919),(722,919),(722,935),(711,935)
"Hallager-Vlasakis"bounds: (171,948),(356,948),(356,971),(171,971)
"1984"bounds: (367,949),(413,949),(413,965),(367,965)
":"bounds: (420,946),(430,946),(430,971),(420,971)
"E."bounds: (437,949),(457,949),(457,965),(437,965)
"HALLAGER"bounds: (469,949),(577,949),(577,965),(469,965)
"-"bounds: (585,960),(590,960),(590,961),(585,961)
"M."bounds: (597,949),(620,949),(620,965),(597,965)
"VLASAKIS,"bounds: (632,949),(736,949),(736,970),(632,970)
"«"bounds: (746,955),(752,955),(752,966),(746,966)
"Two"bounds: (762,950),(804,950),(804,966),(762,966)
"New"bounds: (815,950),(859,950),(859,966),(815,966)
"Roundels"bounds: (870,950),(965,950),(965,967),(870,967)
"with"bounds: (367,980),(412,980),(412,996),(367,996)
"Linear"bounds: (434,980),(500,980),(500,997),(434,997)
"A"bounds: (521,980),(535,980),(535,996),(521,996)
"from"bounds: (556,980),(604,980),(604,997),(556,997)
"Khania"bounds: (627,980),(701,981),(701,998),(627,997)
"»,"bounds: (711,986),(723,986),(723,1001),(711,1001)
"Kadmos,"bounds: (745,980),(832,981),(832,1002),(745,1001)
"23"bounds: (854,981),(875,981),(875,997),(854,997)
"(1984),"bounds: (897,980),(965,981),(965,1003),(897,1002)
"Р."bounds: (361,1012),(394,1011),(395,1036),(362,1037)
"1-10,"bounds: (397,1010),(444,1009),(445,1032),(398,1033)
"pl."bounds: (456,1012),(479,1011),(480,1032),(457,1033)
"I-V."bounds: (494,1010),(541,1009),(542,1028),(495,1029)
"Janko"bounds: (173,1042),(234,1042),(234,1058),(173,1058)
"1982"bounds: (246,1042),(291,1042),(291,1058),(246,1058)
":"bounds: (299,1038),(311,1038),(311,1064),(299,1064)
"R."bounds: (316,1042),(337,1042),(337,1058),(316,1058)
"JANKO,"bounds: (348,1042),(421,1042),(421,1063),(348,1063)
"«"bounds: (432,1047),(438,1047),(438,1058),(432,1058)
"A"bounds: (447,1042),(462,1042),(462,1058),(447,1058)
"Stone"bounds: (472,1042),(528,1042),(528,1059),(472,1059)
"Object"bounds: (539,1042),(607,1042),(607,1064),(539,1064)
"Inscribed"bounds: (619,1042),(713,1042),(713,1059),(619,1059)
"in"bounds: (723,1042),(741,1042),(741,1058),(723,1058)
"Linear"bounds: (752,1042),(818,1042),(818,1059),(752,1059)
"A"bounds: (827,1043),(842,1043),(842,1059),(827,1059)
"from"bounds: (852,1043),(899,1043),(899,1059),(852,1059)
"Ayios"bounds: (909,1043),(966,1043),(966,1064),(909,1064)
"Stephanos,"bounds: (369,1073),(480,1073),(480,1095),(369,1095)
"Laconia"bounds: (500,1073),(580,1073),(580,1089),(500,1089)
"»,"bounds: (590,1078),(602,1078),(602,1094),(590,1094)
"Kadmos,"bounds: (622,1073),(708,1073),(708,1094),(622,1094)
"21"bounds: (728,1073),(748,1073),(748,1089),(728,1089)
"(1982),"bounds: (769,1073),(837,1073),(837,1095),(769,1095)
"p."bounds: (856,1080),(873,1080),(873,1095),(856,1095)
"97-100,"bounds: (892,1073),(965,1073),(965,1095),(892,1095)
"pl."bounds: (369,1104),(392,1104),(392,1126),(369,1126)
"I."bounds: (407,1104),(419,1104),(419,1121),(407,1121)
"Karetsou-Godart-Olivier"bounds: (172,1133),(430,1134),(430,1151),(172,1150)
"1985"bounds: (441,1134),(486,1134),(486,1151),(441,1151)
":"bounds: (498,1133),(508,1133),(508,1156),(498,1156)
"A."bounds: (512,1136),(532,1136),(532,1151),(512,1151)
"KARETSOU"bounds: (548,1134),(668,1135),(668,1152),(548,1151)
"-"bounds: (670,1133),(676,1133),(676,1156),(670,1156)
"L."bounds: (678,1135),(695,1135),(695,1151),(678,1151)
"GODART"bounds: (710,1135),(792,1135),(792,1152),(710,1152)
"-"bounds: (802,1134),(812,1134),(812,1157),(802,1157)
"J.-P."bounds: (813,1136),(860,1136),(860,1152),(813,1152)
"OLIVIER,"bounds: (875,1136),(965,1136),(965,1156),(875,1156)
"«"bounds: (366,1171),(372,1171),(372,1181),(366,1181)
"Inscriptions"bounds: (384,1165),(505,1165),(505,1187),(384,1187)
"en"bounds: (523,1172),(544,1172),(544,1182),(523,1182)
"linéaire"bounds: (560,1166),(636,1166),(636,1182),(560,1182)
"A"bounds: (653,1166),(667,1166),(667,1182),(653,1182)
"du"bounds: (685,1166),(709,1166),(709,1182),(685,1182)
"sanctuaire"bounds: (726,1166),(831,1166),(831,1182),(726,1182)
"de"bounds: (849,1166),(870,1166),(870,1182),(849,1182)
"sommet"bounds: (887,1170),(967,1170),(967,1183),(887,1183)
"minoen"bounds: (366,1196),(441,1197),(441,1213),(366,1212)
"du"bounds: (460,1197),(483,1197),(483,1213),(460,1213)
"mont"bounds: (502,1200),(555,1200),(555,1213),(502,1213)
"Iouktas"bounds: (575,1196),(652,1197),(652,1214),(575,1213)
"»,"bounds: (660,1194),(682,1194),(682,1218),(660,1218)
"Kadmos,"bounds: (697,1197),(783,1198),(783,1218),(697,1217)
"24"bounds: (802,1197),(824,1197),(824,1213),(802,1213)
"(1985)"bounds: (840,1197),(900,1197),(900,1219),(840,1219)
"[sous"bounds: (918,1198),(967,1198),(967,1218),(918,1218)
"presse]."bounds: (366,1228),(441,1228),(441,1249),(366,1249)
"Metaxa-Muhly"bounds: (171,1258),(324,1258),(324,1280),(171,1280)
"1984"bounds: (340,1258),(385,1258),(385,1274),(340,1274)
"P."bounds: (421,1258),(440,1258),(440,1274),(421,1274)
"METAXA-MUHLY,"bounds: (458,1258),(635,1258),(635,1279),(458,1279)
"«"bounds: (648,1255),(664,1255),(664,1282),(648,1282)
"Linear"bounds: (666,1255),(734,1255),(734,1282),(666,1282)
"A"bounds: (750,1259),(764,1259),(764,1275),(750,1275)
"Inscriptions"bounds: (782,1259),(903,1259),(903,1281),(782,1281)
"from"bounds: (919,1259),(967,1259),(967,1275),(919,1275)
"the"bounds: (366,1289),(398,1289),(398,1305),(366,1305)
"Sanctuary"bounds: (408,1289),(514,1289),(514,1311),(408,1311)
"of"bounds: (524,1289),(542,1289),(542,1306),(524,1306)
"Hermes"bounds: (552,1289),(629,1289),(629,1306),(552,1306)
"and"bounds: (640,1290),(675,1290),(675,1306),(640,1306)
"Aphrodite"bounds: (686,1290),(790,1290),(790,1311),(686,1311)
"at"bounds: (800,1294),(819,1294),(819,1306),(800,1306)
"Kato"bounds: (829,1290),(880,1290),(880,1306),(829,1306)
"Syme"bounds: (890,1290),(945,1290),(945,1312),(890,1312)
"»,"bounds: (954,1295),(966,1295),(966,1311),(954,1311)
"Кadmos,"bounds: (367,1320),(454,1320),(454,1340),(367,1340)
"23"bounds: (468,1319),(490,1319),(490,1335),(468,1335)
"(1984),"bounds: (504,1320),(573,1320),(573,1342),(504,1342)
"р."bounds: (587,1327),(603,1327),(603,1342),(587,1342)
"124-135,"bounds: (618,1320),(702,1320),(702,1341),(618,1341)
"pl."bounds: (716,1321),(739,1321),(739,1342),(716,1342)
"I-IV."bounds: (756,1321),(804,1321),(804,1337),(756,1337)