Texts:

"e 58
A L4_7
KH 11.23 22.13
58
*irT 41b.1
758
58
PE
HT 37.11
C
58 -.7
HT 49a.31
D
58 -27
HT 32.31
58 -29
HT 63.11
已出田
PA
58 -29-188
HT 8h.11
58 -50
HT 31.2'
58 -51
HT 42[*+759.5'
758 -51-53-04
XHT 4.2'
58 -56-60
HT 31.51
758 -65-59/
KN 22a.11
58 -67-30-80
*ZA 5a.1-25
已非平目
HT Zb 158h4
58 -67-53-04-28-57
58 -67-53-59
PH Wa 322
E
7- 58 -03-
ZA 13.13
平已巴治平
KN Zf 314
04- 58 -45-09-44-28
08- 58 -50-54
ARKH 2.53
08- 58 -57
HT 11a.3-41
708- 58 -73-118
ARKH 1a.43
WP-L-]※非
7A E**
45- 58 -.7-47-04
ARKH 4a.3-43
51- 58 -30
нT 108.21
HT 115a[.6]'
HT 81.2' *115a.1
XHT 115a[.6]
53- 58 -80/
753- 58 -80
Z EX HE
Z EX HA
自己必业
53- 58 -80-55
..
53- 58 -80-55-40
HT 115 a.1-21
57- 58 -80-69
SY Za 2a?
61- 58 -16-27
TL Za la
69- 58 -29
HT 49a,7'
OPA
HT 87.4
78- 58 -50
780- 58 -73
KN 22c.1'
233
"bounds: (143,284),(1163,284),(1163,1539),(143,1539)
"e"bounds: (567,284),(591,284),(590,324),(566,324)
"58"bounds: (595,288),(632,289),(631,320),(594,319)
"A"bounds: (356,467),(370,467),(370,490),(356,490)
"L4_7"bounds: (368,470),(408,470),(408,489),(368,489)
"KH"bounds: (731,474),(746,474),(746,485),(731,485)
"11.23"bounds: (757,468),(795,467),(795,485),(757,486)
"22.13"bounds: (807,468),(846,467),(846,486),(807,487)
"58"bounds: (496,473),(510,473),(510,483),(496,483)
"*irT"bounds: (730,503),(754,503),(754,518),(730,518)
"41b.1"bounds: (761,499),(805,500),(805,525),(761,524)
"758"bounds: (479,501),(515,501),(515,524),(479,524)
"58"bounds: (488,534),(513,534),(513,556),(488,556)
"PE"bounds: (169,530),(195,530),(195,553),(169,553)
"HT"bounds: (729,541),(746,540),(746,552),(729,553)
"37.11"bounds: (755,535),(793,534),(794,553),(756,554)
"C"bounds: (351,541),(358,541),(358,551),(351,551)
"58"bounds: (493,574),(511,574),(511,589),(493,589)
"-.7"bounds: (521,570),(586,569),(586,589),(521,590)
"HT"bounds: (729,576),(745,575),(746,586),(730,587)
"49a.31"bounds: (755,570),(802,568),(803,587),(756,589)
"D"bounds: (350,574),(358,574),(358,584),(350,584)
"58"bounds: (493,608),(511,608),(511,622),(493,622)
"-27"bounds: (520,608),(543,608),(543,618),(520,618)
"HT"bounds: (729,609),(745,608),(746,619),(730,620)
"32.31"bounds: (754,605),(793,602),(794,619),(756,623)
"58"bounds: (493,641),(511,641),(511,656),(493,656)
"-29"bounds: (520,638),(561,638),(561,657),(520,657)
"HT"bounds: (729,642),(745,641),(746,653),(730,654)
"63.11"bounds: (755,638),(794,635),(795,652),(756,655)
"已"bounds: (169,664),(184,664),(184,687),(169,687)
"出"bounds: (189,665),(207,665),(207,687),(189,687)
"田"bounds: (215,663),(235,663),(235,686),(215,686)
"PA"bounds: (169,695),(212,696),(212,720),(169,719)
"58"bounds: (495,674),(509,674),(509,684),(495,684)
"-29-188"bounds: (520,674),(577,674),(577,685),(520,685)
"HT"bounds: (729,676),(745,676),(745,687),(729,687)
"8h.11"bounds: (755,670),(793,669),(793,686),(755,687)
"58"bounds: (495,707),(509,707),(509,717),(495,717)
"-50"bounds: (520,707),(543,707),(543,717),(520,717)
"HT"bounds: (728,708),(745,707),(746,718),(729,719)
"31.2'"bounds: (754,702),(793,700),(794,718),(755,720)
"58"bounds: (492,741),(510,741),(510,757),(492,757)
"-51"bounds: (519,739),(560,738),(560,756),(519,757)
"HT"bounds: (729,743),(745,743),(745,753),(729,753)
"42[*+759.5'"bounds: (755,735),(852,734),(852,758),(755,759)
"758"bounds: (477,771),(509,771),(509,789),(477,789)
"-51-53-04"bounds: (520,775),(593,775),(593,785),(520,785)
"XHT"bounds: (728,771),(754,770),(755,787),(729,788)
"4.2'"bounds: (763,769),(793,768),(794,787),(764,788)
"58"bounds: (492,809),(509,809),(509,822),(492,822)
"-56-60"bounds: (519,809),(569,808),(569,819),(519,820)
"HT"bounds: (728,810),(745,808),(746,819),(729,821)
"31.51"bounds: (753,806),(793,802),(795,820),(755,824)
"758"bounds: (477,838),(511,838),(511,857),(477,857)
"-65-59/"bounds: (519,837),(585,838),(585,860),(519,859)
"KN"bounds: (729,844),(745,843),(746,854),(730,855)
"22a.11"bounds: (755,840),(801,836),(802,854),(756,858)
"58"bounds: (494,876),(509,876),(509,885),(494,885)
"-67-30-80"bounds: (519,876),(594,876),(594,886),(519,886)
"*ZA"bounds: (730,872),(753,872),(753,888),(730,888)
"5a.1-25"bounds: (764,871),(820,871),(820,888),(764,888)
"已"bounds: (145,891),(190,891),(190,924),(145,924)
"非"bounds: (214,894),(254,894),(254,918),(214,918)
"平"bounds: (265,893),(277,893),(277,917),(265,917)
"目"bounds: (289,894),(301,894),(301,918),(289,918)
"HT"bounds: (728,911),(745,910),(745,921),(728,922)
"Zb"bounds: (754,910),(770,909),(770,921),(755,922)
"158h4"bounds: (781,904),(820,902),(821,920),(782,922)
"58"bounds: (494,909),(508,909),(508,918),(494,918)
"-67-53-04-28-57"bounds: (519,909),(643,909),(643,919),(519,919)
"58"bounds: (494,942),(509,942),(509,952),(494,952)
"-67-53-59"bounds: (519,942),(593,941),(593,953),(519,954)
"PH"bounds: (729,943),(745,942),(746,954),(730,955)
"Wa"bounds: (754,944),(769,943),(770,955),(755,956)
"322"bounds: (779,938),(803,937),(804,954),(780,955)
"E"bounds: (358,976),(365,976),(365,987),(358,987)
"7-"bounds: (460,972),(483,972),(483,990),(460,990)
"58"bounds: (492,976),(510,976),(510,991),(492,991)
"-03-"bounds: (519,973),(567,973),(567,991),(519,991)
"ZA"bounds: (729,976),(744,976),(744,988),(729,988)
"13.13"bounds: (755,972),(794,971),(794,988),(755,989)
"平"bounds: (145,985),(159,985),(159,1012),(145,1012)
"已"bounds: (168,984),(184,984),(184,1012),(168,1012)
"巴"bounds: (191,984),(232,983),(233,1016),(192,1017)
"治平"bounds: (239,985),(278,984),(278,1013),(239,1014)
"KN"bounds: (729,1003),(745,1002),(746,1012),(730,1013)
"Zf"bounds: (754,1002),(770,1001),(771,1012),(755,1013)
"314"bounds: (779,996),(803,995),(804,1012),(780,1013)
"04-"bounds: (460,1001),(483,1001),(483,1011),(460,1011)
"58"bounds: (494,1001),(508,1001),(508,1011),(494,1011)
"-45-09-44-28"bounds: (519,1000),(618,999),(618,1011),(519,1012)
"08-"bounds: (460,1034),(483,1034),(483,1044),(460,1044)
"58"bounds: (494,1034),(508,1034),(508,1044),(494,1044)
"-50-54"bounds: (519,1034),(567,1034),(567,1044),(519,1044)
"ARKH"bounds: (727,1035),(761,1033),(762,1046),(728,1048)
"2.53"bounds: (771,1029),(802,1027),(803,1046),(772,1048)
"08-"bounds: (460,1068),(483,1068),(483,1077),(460,1077)
"58"bounds: (494,1068),(508,1068),(508,1077),(494,1077)
"-57"bounds: (518,1068),(542,1068),(542,1077),(518,1077)
"HT"bounds: (728,1068),(744,1067),(744,1079),(728,1080)
"11a.3-41"bounds: (755,1064),(817,1062),(818,1079),(756,1081)
"708-"bounds: (442,1096),(483,1096),(483,1114),(442,1114)
"58"bounds: (491,1101),(510,1101),(510,1116),(491,1116)
"-73-118"bounds: (517,1095),(575,1095),(575,1117),(517,1117)
"ARKH"bounds: (727,1103),(761,1101),(762,1112),(728,1114)
"1a.43"bounds: (771,1097),(811,1095),(812,1112),(772,1114)
"WP"bounds: (144,1120),(186,1120),(186,1145),(144,1145)
"-"bounds: (190,1133),(194,1133),(194,1134),(190,1134)
"L-"bounds: (199,1121),(213,1121),(213,1144),(199,1144)
"]"bounds: (215,1116),(236,1116),(236,1150),(215,1150)
"※"bounds: (238,1116),(259,1116),(259,1150),(238,1150)
"非"bounds: (260,1120),(275,1120),(275,1144),(260,1144)
"7A"bounds: (144,1154),(161,1154),(161,1179),(144,1179)
"E**"bounds: (171,1154),(214,1154),(214,1178),(171,1178)
"45-"bounds: (460,1134),(482,1134),(482,1143),(460,1143)
"58"bounds: (492,1134),(510,1134),(510,1149),(492,1149)
"-.7-47-04"bounds: (518,1130),(617,1130),(617,1149),(518,1149)
"ARKH"bounds: (727,1136),(761,1134),(762,1146),(728,1148)
"4a.3-43"bounds: (770,1130),(827,1127),(828,1145),(771,1148)
"51-"bounds: (460,1168),(483,1168),(483,1177),(460,1177)
"58"bounds: (494,1167),(508,1167),(508,1178),(494,1178)
"-30"bounds: (518,1168),(542,1168),(542,1177),(518,1177)
"нT"bounds: (727,1169),(744,1168),(745,1179),(728,1180)
"108.21"bounds: (755,1163),(800,1161),(801,1180),(756,1182)
"HT"bounds: (728,1202),(744,1202),(744,1215),(728,1215)
"115a[.6]'"bounds: (755,1197),(825,1195),(825,1215),(756,1217)
"HT"bounds: (729,1236),(744,1236),(744,1247),(729,1247)
"81.2'"bounds: (754,1226),(792,1227),(791,1248),(753,1247)
"*115a.1"bounds: (796,1227),(861,1229),(860,1257),(795,1255)
"XHT"bounds: (728,1264),(752,1264),(752,1280),(728,1280)
"115a[.6]"bounds: (763,1261),(834,1262),(834,1284),(763,1283)
"53-"bounds: (460,1201),(483,1201),(483,1211),(460,1211)
"58"bounds: (493,1201),(508,1201),(508,1211),(493,1211)
"-80/"bounds: (518,1198),(559,1198),(559,1215),(518,1215)
"753-"bounds: (442,1231),(482,1231),(482,1248),(442,1248)
"58"bounds: (492,1234),(509,1234),(509,1248),(492,1248)
"-80"bounds: (518,1234),(542,1234),(542,1244),(518,1244)
"Z"bounds: (153,1251),(182,1251),(182,1284),(153,1284)
"EX"bounds: (184,1250),(227,1250),(227,1284),(184,1284)
"HE"bounds: (229,1250),(250,1250),(250,1283),(229,1283)
"Z"bounds: (156,1284),(182,1284),(182,1317),(156,1317)
"EX"bounds: (184,1284),(221,1284),(221,1317),(184,1317)
"HA"bounds: (219,1287),(255,1287),(255,1311),(219,1311)
"自己"bounds: (143,1316),(181,1316),(181,1353),(143,1353)
"必"bounds: (183,1314),(215,1314),(215,1353),(183,1353)
"业"bounds: (217,1313),(235,1313),(235,1352),(217,1352)
"53-"bounds: (460,1268),(482,1268),(482,1277),(460,1277)
"58"bounds: (493,1268),(508,1268),(508,1278),(493,1278)
"-80-55"bounds: (519,1264),(567,1264),(567,1282),(519,1282)
".."bounds: (460,1284),(471,1284),(471,1286),(460,1286)
"53-"bounds: (459,1301),(482,1301),(482,1311),(459,1311)
"58"bounds: (493,1301),(507,1301),(507,1312),(493,1312)
"-80-55-40"bounds: (518,1301),(592,1302),(592,1313),(518,1312)
"HT"bounds: (727,1303),(743,1302),(743,1314),(727,1315)
"115"bounds: (755,1304),(776,1303),(776,1314),(755,1315)
"a.1-21"bounds: (786,1298),(833,1296),(834,1314),(787,1316)
"57-"bounds: (445,1335),(489,1334),(489,1349),(445,1350)
"58"bounds: (490,1336),(510,1336),(510,1350),(490,1350)
"-80-69"bounds: (523,1337),(579,1336),(579,1347),(523,1348)
"SY"bounds: (727,1334),(756,1332),(757,1351),(728,1353)
"Za"bounds: (758,1333),(778,1332),(779,1350),(759,1351)
"2a?"bounds: (786,1331),(814,1329),(815,1348),(787,1350)
"61-"bounds: (458,1366),(480,1366),(480,1376),(458,1376)
"58"bounds: (491,1367),(506,1367),(506,1376),(491,1376)
"-16-27"bounds: (516,1367),(565,1367),(565,1376),(516,1376)
"TL"bounds: (726,1367),(741,1366),(742,1378),(727,1379)
"Za"bounds: (751,1368),(766,1367),(766,1378),(751,1379)
"la"bounds: (776,1362),(792,1361),(793,1379),(777,1380)
"69-"bounds: (458,1399),(480,1399),(480,1409),(458,1409)
"58"bounds: (491,1400),(506,1400),(506,1410),(491,1410)
"-29"bounds: (516,1400),(539,1400),(539,1410),(516,1410)
"HT"bounds: (725,1402),(741,1401),(741,1412),(726,1413)
"49a,7'"bounds: (751,1395),(798,1393),(799,1413),(752,1415)
"OPA"bounds: (144,1415),(210,1415),(210,1448),(144,1448)
"HT"bounds: (725,1434),(741,1433),(741,1445),(725,1446)
"87.4"bounds: (751,1428),(789,1427),(790,1446),(752,1447)
"78-"bounds: (458,1433),(480,1433),(480,1443),(458,1443)
"58"bounds: (491,1433),(506,1433),(506,1444),(491,1444)
"-50"bounds: (516,1433),(540,1432),(540,1442),(516,1443)
"780-"bounds: (440,1463),(480,1463),(480,1480),(440,1480)
"58"bounds: (491,1467),(505,1467),(505,1477),(491,1477)
"-73"bounds: (516,1467),(539,1467),(539,1477),(516,1477)
"KN"bounds: (725,1469),(741,1468),(742,1479),(726,1480)
"22c.1'"bounds: (751,1463),(798,1460),(799,1478),(752,1481)
"233"bounds: (1126,1521),(1163,1521),(1163,1539),(1126,1539)