Texts:

"INSCRIPTIONS EN LINÉAIRE A
PH Wb 33
HM 677 -2,30x 2.2ox[1, 1olem.
PH Wb 34
HM 675 - 3.90 x 2.70x CR,60] Cm
PH Wb 35
HM 679-C1.40lx [1, 2ok [o,30lem.
PH Wb 36
HM 1534 - 2.60x 2.40x 1,3ocm.
92
"bounds: (67,68),(1050,68),(1050,1518),(67,1518)
"INSCRIPTIONS"bounds: (507,70),(631,70),(631,81),(507,81)
"EN"bounds: (643,71),(664,71),(664,82),(643,82)
"LINÉAIRE"bounds: (676,68),(760,68),(760,82),(676,82)
"A"bounds: (771,72),(781,72),(781,83),(771,83)
"PH"bounds: (246,145),(276,145),(276,159),(246,159)
"Wb"bounds: (289,144),(321,144),(321,159),(289,159)
"33"bounds: (334,145),(354,145),(354,159),(334,159)
"HM"bounds: (342,577),(370,577),(370,593),(342,593)
"677"bounds: (377,579),(402,579),(402,594),(377,594)
"-2,30x"bounds: (409,581),(455,581),(455,595),(409,595)
"2.2ox[1,"bounds: (459,577),(517,578),(517,598),(459,597)
"1olem."bounds: (519,578),(561,578),(561,597),(519,597)
"PH"bounds: (250,684),(280,684),(280,698),(250,698)
"Wb"bounds: (293,682),(325,682),(325,698),(293,698)
"34"bounds: (338,684),(359,684),(359,698),(338,698)
"HM"bounds: (757,937),(779,937),(779,947),(757,947)
"675"bounds: (786,936),(811,936),(811,947),(786,947)
"-"bounds: (817,942),(823,942),(823,943),(817,943)
"3.90"bounds: (830,937),(869,938),(869,949),(830,948)
"x"bounds: (872,936),(877,936),(877,951),(872,951)
"2.70x"bounds: (879,936),(912,936),(912,951),(879,951)
"CR,60]"bounds: (914,936),(949,937),(949,953),(914,952)
"Cm"bounds: (954,937),(971,937),(971,952),(954,952)
"PH"bounds: (246,952),(275,952),(275,966),(246,966)
"Wb"bounds: (288,951),(320,951),(320,967),(288,967)
"35"bounds: (334,953),(354,953),(354,967),(334,967)
"HM"bounds: (802,1151),(824,1151),(824,1167),(802,1167)
"679-C1.40lx"bounds: (831,1151),(915,1151),(915,1167),(831,1167)
"[1,"bounds: (919,1147),(941,1147),(941,1170),(919,1170)
"2ok"bounds: (943,1147),(973,1147),(973,1170),(943,1170)
"[o,30lem."bounds: (975,1147),(1037,1147),(1037,1170),(975,1170)
"PH"bounds: (245,1226),(274,1226),(274,1241),(245,1241)
"Wb"bounds: (287,1225),(319,1225),(319,1241),(287,1241)
"36"bounds: (332,1226),(353,1226),(353,1241),(332,1241)
"HM"bounds: (802,1432),(828,1432),(828,1447),(802,1447)
"1534"bounds: (840,1432),(876,1432),(876,1446),(840,1446)
"-"bounds: (890,1430),(897,1430),(897,1447),(890,1447)
"2.60x"bounds: (899,1432),(945,1432),(945,1447),(899,1447)
"2.40x"bounds: (953,1431),(996,1431),(996,1448),(953,1448)
"1,3ocm."bounds: (998,1431),(1050,1431),(1050,1448),(998,1448)
"92"bounds: (67,1502),(89,1502),(89,1518),(67,1518)