Texts:

"PH 12
a
1513
HM 15 13 + 1524 -C5,26]x 2,20x0,80 cm.
レ
300
"bounds: (62,64),(1100,64),(1100,1519),(62,1519)
"PH"bounds: (65,64),(99,65),(99,81),(65,80)
"12"bounds: (113,65),(135,65),(135,81),(113,81)
"a"bounds: (65,298),(76,298),(76,309),(65,309)
"1513"bounds: (349,367),(385,368),(385,386),(349,385)
"HM"bounds: (786,415),(812,415),(812,430),(786,430)
"15"bounds: (824,413),(840,413),(840,431),(824,431)
"13"bounds: (843,413),(859,413),(859,431),(843,431)
"+"bounds: (865,418),(872,418),(872,427),(865,427)
"1524"bounds: (878,414),(916,414),(916,428),(878,428)
"-C5,26]x"bounds: (927,412),(989,412),(989,429),(927,429)
"2,20x0,80"bounds: (995,411),(1075,410),(1075,429),(995,430)
"cm."bounds: (1077,411),(1100,411),(1100,429),(1077,429)
"レ"bounds: (907,738),(884,738),(883,703),(906,703)
"300"bounds: (62,1502),(98,1502),(98,1519),(62,1519)