Texts:

"INSCRIPTIONS EN LINÉAIRE A
Wa 1367
Wa 1368
Wa 1369
HM 442,44
HM 442.45
HM 442.46
Wa 1370
Wa 1371
Wa 1372
HM 442.47
HM 442.48
HM 442.5O
Wa 1373
Wa 1374
Wa 1375
HM 442.51
HM 442.52
HM 442.53
Wa 1376
Wa 1377
Wa 1378
HM 442. 54
HM 442.55
HM 442.56
Wa 1379
Wa 1380
Wa 1381
HM 442.57
HM 452. 40
HM 453.1
34
"bounds: (78,61),(1178,61),(1178,1513),(78,1513)
"INSCRIPTIONS"bounds: (512,63),(637,63),(637,74),(512,74)
"EN"bounds: (648,64),(670,64),(670,74),(648,74)
"LINÉAIRE"bounds: (682,61),(766,61),(766,75),(682,75)
"A"bounds: (777,65),(787,65),(787,75),(777,75)
"Wa"bounds: (239,139),(270,139),(270,153),(239,153)
"1367"bounds: (284,138),(325,138),(325,153),(284,153)
"Wa"bounds: (611,140),(642,140),(642,154),(611,154)
"1368"bounds: (657,140),(697,140),(697,154),(657,154)
"Wa"bounds: (971,141),(1002,141),(1002,155),(971,155)
"1369"bounds: (1016,141),(1057,141),(1057,155),(1016,155)
"HM"bounds: (360,337),(386,338),(385,352),(359,351)
"442,44"bounds: (400,338),(470,341),(469,355),(399,352)
"HM"bounds: (708,342),(735,342),(735,356),(708,356)
"442.45"bounds: (745,341),(812,341),(812,356),(745,356)
"HM"bounds: (1062,347),(1088,347),(1088,361),(1062,361)
"442.46"bounds: (1103,345),(1170,344),(1170,359),(1103,360)
"Wa"bounds: (241,405),(273,405),(273,419),(241,419)
"1370"bounds: (287,405),(328,405),(328,420),(287,420)
"Wa"bounds: (613,409),(644,409),(644,423),(613,423)
"1371"bounds: (658,409),(697,409),(697,424),(658,424)
"Wa"bounds: (974,411),(1005,412),(1005,426),(974,425)
"1372"bounds: (1020,411),(1060,412),(1060,427),(1020,426)
"HM"bounds: (353,604),(379,604),(379,618),(353,618)
"442.47"bounds: (392,604),(463,605),(463,619),(392,618)
"HM"bounds: (709,609),(733,610),(733,622),(709,621)
"442.48"bounds: (749,608),(817,610),(817,624),(749,622)
"HM"bounds: (1068,606),(1094,606),(1094,621),(1068,621)
"442.5O"bounds: (1107,608),(1178,609),(1178,623),(1107,622)
"Wa"bounds: (244,676),(276,676),(276,690),(244,690)
"1373"bounds: (290,675),(331,675),(331,689),(290,689)
"Wa"bounds: (616,678),(647,678),(647,691),(616,691)
"1374"bounds: (661,678),(702,678),(702,692),(661,692)
"Wa"bounds: (972,679),(1003,679),(1003,693),(972,693)
"1375"bounds: (1018,679),(1058,679),(1058,693),(1018,693)
"HM"bounds: (347,876),(373,877),(373,890),(347,889)
"442.51"bounds: (383,876),(451,878),(451,893),(383,891)
"HM"bounds: (712,880),(734,881),(734,895),(712,894)
"442.52"bounds: (743,880),(801,882),(801,894),(743,892)
"HM"bounds: (1065,882),(1091,882),(1091,895),(1065,895)
"442.53"bounds: (1105,882),(1169,882),(1169,896),(1105,896)
"Wa"bounds: (244,949),(275,949),(275,963),(244,963)
"1376"bounds: (290,950),(331,951),(331,965),(290,964)
"Wa"bounds: (612,950),(643,950),(643,964),(612,964)
"1377"bounds: (658,949),(698,949),(698,963),(658,963)
"Wa"bounds: (974,952),(1005,952),(1005,966),(974,966)
"1378"bounds: (1020,952),(1061,952),(1061,966),(1020,966)
"HM"bounds: (365,1147),(390,1147),(390,1161),(365,1161)
"442."bounds: (401,1147),(441,1147),(441,1159),(401,1159)
"54"bounds: (449,1147),(468,1147),(468,1160),(449,1160)
"HM"bounds: (710,1154),(736,1154),(736,1166),(710,1166)
"442.55"bounds: (748,1151),(817,1150),(817,1165),(748,1166)
"HM"bounds: (1063,1151),(1089,1152),(1089,1165),(1063,1164)
"442.56"bounds: (1097,1150),(1165,1152),(1165,1168),(1097,1166)
"Wa"bounds: (241,1223),(272,1223),(272,1236),(241,1236)
"1379"bounds: (287,1223),(327,1223),(327,1237),(287,1237)
"Wa"bounds: (617,1222),(647,1222),(647,1236),(617,1236)
"1380"bounds: (662,1222),(703,1222),(703,1237),(662,1237)
"Wa"bounds: (976,1223),(1007,1223),(1007,1237),(976,1237)
"1381"bounds: (1021,1223),(1061,1223),(1061,1238),(1021,1238)
"HM"bounds: (343,1418),(369,1419),(369,1433),(343,1432)
"442.57"bounds: (381,1419),(451,1421),(451,1433),(381,1431)
"HM"bounds: (709,1417),(736,1418),(735,1434),(708,1433)
"452."bounds: (751,1419),(785,1420),(785,1435),(751,1434)
"40"bounds: (796,1421),(815,1422),(815,1436),(796,1435)
"HM"bounds: (1069,1424),(1095,1425),(1095,1439),(1069,1438)
"453.1"bounds: (1107,1424),(1166,1426),(1166,1440),(1107,1438)
"34"bounds: (78,1496),(101,1496),(101,1513),(78,1513)