Texts:

"Is
60
HT Wc 30112 3012a?
79-07- 60
HT 9a.4,b.3' 122a.5'
324-07- 60
08- 60 /
ARKH 1a.25
a fls
HT 115a[.2]'
301-10- 60
..
30- 60
HT 23h.1'
[.. 731- 60
HT 62/+_73.1
HYY IS[
J4Y Is
14ls
叶46[
08-31-31- 60
PK Za 4
728-73-31- 60
HT 27a.3
741- 60
PT 49a,5'
J02-41- 60 I
ZA 9.33
751- 60
MA 2a.1
HT 31.5'
KN Wc 302
58-56- 60
757- 60
59- 60
нT 89.31
01-59- 60
HT 6a,1
39-59- 60
HT 96a,41
Y s ls
HT 30,31
31-60- 60
765- 60
HT 80.11
67- 60
НT 103.5
ZA 8.13
平位上
平聖s
中中Is
FOls
F OLLE
728-67- 60
HT 25a.5'
41-67- 60
HT 8a.41
08-41-67- 60
кн 20.23
01-78- 60
HT 6a.6' 120.11
01-78- 60 /
HT 57a.11
08-79- 60
KN Zc 7.14
780- 60
*ZA 9.23
81- 60
ARKH 2.15
Is W ls
ZA 20.43
HT Wc 3006b?
60-314- 60
A 541
HT Wa 1021y
ZA 6b.2 15b.3
H.
60 +77
A 594
131a'60'
A 595
131a+ 60
KF. Zb 54
A 616
302+ 60
HT 44a.31
A 652
401VAS.
KH 31.23 91.43
MI 2.35
241
"bounds: (59,79),(1164,79),(1164,1533),(59,1533)
"Is"bounds: (59,79),(92,79),(92,113),(59,113)
"60"bounds: (1050,96),(1068,96),(1068,109),(1050,109)
"HT"bounds: (729,163),(746,162),(746,174),(729,175)
"Wc"bounds: (753,156),(779,155),(780,179),(754,180)
"30112"bounds: (780,155),(821,154),(822,175),(781,176)
"3012a?"bounds: (831,154),(880,153),(881,174),(832,175)
"79-07-"bounds: (513,166),(561,166),(561,176),(513,176)
"60"bounds: (571,166),(586,166),(586,176),(571,176)
"HT"bounds: (729,198),(746,197),(746,210),(729,211)
"9a.4,b.3'"bounds: (755,192),(827,189),(828,211),(756,214)
"122a.5'"bounds: (841,191),(895,189),(896,208),(842,210)
"324-07-"bounds: (504,201),(561,201),(561,211),(504,211)
"60"bounds: (571,201),(586,201),(586,211),(571,211)
"08-"bounds: (537,236),(561,236),(561,245),(537,245)
"60"bounds: (570,235),(587,235),(587,249),(570,249)
"/"bounds: (596,232),(607,232),(607,249),(596,249)
"ARKH"bounds: (729,232),(763,230),(764,244),(730,246)
"1a.25"bounds: (774,228),(812,226),(813,242),(775,244)
"a"bounds: (199,260),(217,261),(216,291),(198,290)
"fls"bounds: (212,263),(244,264),(243,291),(211,290)
"HT"bounds: (731,266),(746,266),(746,277),(731,277)
"115a[.2]'"bounds: (758,257),(828,257),(828,285),(758,285)
"301-10-"bounds: (505,269),(561,269),(561,279),(505,279)
"60"bounds: (572,269),(587,269),(587,279),(572,279)
".."bounds: (539,286),(549,286),(549,288),(539,288)
"30-"bounds: (539,303),(561,303),(561,312),(539,312)
"60"bounds: (572,303),(587,303),(587,313),(572,313)
"HT"bounds: (730,299),(746,298),(747,309),(731,310)
"23h.1'"bounds: (756,295),(803,292),(804,309),(757,312)
"[.."bounds: (484,330),(522,330),(522,355),(484,355)
"731-"bounds: (525,329),(565,329),(565,355),(525,355)
"60"bounds: (570,337),(589,337),(589,352),(570,352)
"HT"bounds: (731,334),(747,333),(747,344),(731,345)
"62/+_73.1"bounds: (756,325),(850,322),(851,350),(757,353)
"HYY"bounds: (164,363),(221,362),(221,385),(164,386)
"IS["bounds: (233,358),(260,357),(261,385),(234,386)
"J4Y"bounds: (149,393),(220,393),(220,418),(149,418)
"Is"bounds: (231,397),(246,397),(246,418),(231,418)
"14ls"bounds: (193,428),(257,430),(256,459),(192,457)
"叶"bounds: (174,459),(200,459),(200,488),(174,488)
"46"bounds: (207,457),(242,457),(242,484),(207,484)
"["bounds: (248,460),(257,460),(257,484),(248,484)
"08-31-31-"bounds: (487,370),(562,370),(562,381),(487,381)
"60"bounds: (571,370),(588,370),(588,384),(571,384)
"PK"bounds: (731,367),(747,367),(747,378),(731,378)
"Za"bounds: (758,364),(776,364),(776,380),(758,380)
"4"bounds: (782,367),(789,367),(789,377),(782,377)
"728-73-31-"bounds: (471,402),(562,401),(562,420),(471,421)
"60"bounds: (571,405),(590,405),(590,420),(571,420)
"HT"bounds: (731,402),(748,402),(748,412),(731,412)
"27a.3"bounds: (758,396),(803,395),(803,412),(758,413)
"741-"bounds: (522,435),(562,435),(562,454),(522,454)
"60"bounds: (573,438),(588,438),(588,454),(573,454)
"PT"bounds: (731,436),(748,435),(749,446),(732,447)
"49a,5'"bounds: (757,430),(804,427),(805,445),(758,448)
"J02-41-"bounds: (497,467),(563,465),(564,490),(498,492)
"60"bounds: (571,471),(590,471),(590,487),(571,487)
"I"bounds: (597,467),(613,467),(613,486),(597,486)
"ZA"bounds: (728,464),(754,462),(755,481),(729,483)
"9.33"bounds: (757,464),(789,462),(790,478),(758,480)
"751-"bounds: (523,502),(563,502),(563,520),(523,520)
"60"bounds: (572,505),(590,505),(590,521),(572,521)
"MA"bounds: (731,503),(748,502),(749,513),(732,514)
"2a.1"bounds: (759,497),(796,494),(797,513),(760,516)
"HT"bounds: (732,536),(749,535),(750,548),(733,549)
"31.5'"bounds: (758,531),(798,528),(799,546),(759,549)
"KN"bounds: (734,561),(750,560),(751,572),(735,573)
"Wc"bounds: (758,562),(774,561),(775,572),(759,573)
"302"bounds: (784,554),(808,552),(809,571),(785,573)
"58-56-"bounds: (515,539),(564,539),(564,549),(515,549)
"60"bounds: (575,539),(590,539),(590,549),(575,549)
"757-"bounds: (524,561),(564,561),(564,579),(524,579)
"60"bounds: (573,564),(591,564),(591,579),(573,579)
"59-"bounds: (542,597),(565,598),(564,608),(541,607)
"60"bounds: (576,597),(590,598),(589,609),(575,608)
"нT"bounds: (725,592),(763,589),(764,608),(727,611)
"89.31"bounds: (765,588),(800,585),(802,605),(767,608)
"01-59-"bounds: (516,632),(565,633),(565,643),(516,642)
"60"bounds: (576,632),(591,632),(591,642),(576,642)
"HT"bounds: (731,623),(754,621),(755,641),(732,643)
"6a,1"bounds: (759,622),(794,620),(795,639),(760,641)
"39-59-"bounds: (517,665),(565,665),(565,676),(517,676)
"60"bounds: (576,665),(591,665),(591,675),(576,675)
"HT"bounds: (734,662),(750,661),(751,673),(735,674)
"96a,41"bounds: (760,656),(806,654),(807,673),(761,675)
"Y"bounds: (190,692),(203,692),(203,715),(190,715)
"s"bounds: (212,692),(225,692),(225,716),(212,716)
"ls"bounds: (236,688),(255,688),(255,719),(236,719)
"HT"bounds: (735,697),(751,696),(752,707),(736,708)
"30,31"bounds: (760,690),(799,688),(800,706),(761,708)
"31-60-"bounds: (517,699),(565,699),(565,709),(517,709)
"60"bounds: (577,699),(591,699),(591,709),(577,709)
"765-"bounds: (525,728),(566,728),(566,746),(525,746)
"60"bounds: (573,725),(595,725),(595,748),(573,748)
"HT"bounds: (734,729),(751,728),(752,739),(735,740)
"80.11"bounds: (760,722),(800,719),(801,737),(761,740)
"67-"bounds: (543,766),(566,766),(566,775),(543,775)
"60"bounds: (577,766),(592,766),(592,776),(577,776)
"НT"bounds: (727,760),(765,758),(766,776),(728,778)
"103.5"bounds: (767,758),(803,756),(804,774),(768,776)
"ZA"bounds: (735,797),(751,795),(752,808),(737,810)
"8.13"bounds: (761,792),(793,788),(795,805),(763,809)
"平"bounds: (177,822),(202,823),(201,854),(176,853)
"位"bounds: (207,825),(223,825),(222,849),(206,849)
"上"bounds: (234,827),(247,827),(246,848),(233,848)
"平"bounds: (181,852),(208,853),(207,881),(180,880)
"聖"bounds: (211,858),(228,858),(227,882),(210,882)
"s"bounds: (233,857),(247,857),(246,880),(232,880)
"中"bounds: (166,890),(182,890),(181,913),(165,913)
"中"bounds: (184,887),(212,888),(211,919),(183,918)
"Is"bounds: (234,892),(249,892),(248,916),(233,916)
"FOls"bounds: (191,924),(248,925),(248,948),(191,947)
"F"bounds: (211,954),(228,954),(229,984),(212,984)
"OLLE"bounds: (230,954),(269,953),(270,983),(231,984)
"728-67-"bounds: (501,829),(567,829),(567,848),(501,848)
"60"bounds: (576,832),(594,832),(594,848),(576,848)
"HT"bounds: (735,831),(752,830),(753,840),(736,841)
"25a.5'"bounds: (763,824),(810,821),(811,839),(764,842)
"41-67-"bounds: (519,866),(567,866),(567,876),(519,876)
"60"bounds: (578,866),(593,866),(593,876),(578,876)
"HT"bounds: (736,863),(753,862),(754,875),(737,876)
"8a.41"bounds: (762,858),(802,855),(803,874),(763,877)
"08-41-67-"bounds: (494,899),(568,900),(568,911),(494,910)
"60"bounds: (577,899),(594,899),(594,913),(577,913)
"кн"bounds: (737,897),(754,895),(755,908),(738,910)
"20.23"bounds: (763,892),(803,888),(805,907),(765,911)
"01-78-"bounds: (519,933),(569,933),(569,943),(519,943)
"60"bounds: (578,933),(594,933),(594,943),(578,943)
"HT"bounds: (737,931),(754,930),(754,941),(737,942)
"6a.6'"bounds: (764,923),(802,922),(803,941),(765,942)
"120.11"bounds: (815,923),(861,921),(862,940),(816,942)
"01-78-"bounds: (520,966),(568,966),(568,977),(520,977)
"60"bounds: (577,966),(595,966),(595,980),(577,980)
"/"bounds: (604,965),(611,965),(611,980),(604,980)
"HT"bounds: (737,964),(754,963),(755,974),(738,975)
"57a.11"bounds: (764,959),(810,956),(811,974),(765,978)
"08-79-"bounds: (520,1000),(569,1000),(569,1010),(520,1010)
"60"bounds: (580,1000),(595,1000),(595,1010),(580,1010)
"KN"bounds: (739,998),(755,997),(756,1009),(740,1010)
"Zc"bounds: (762,992),(787,990),(788,1010),(764,1012)
"7.14"bounds: (789,991),(821,989),(822,1007),(790,1010)
"780-"bounds: (531,1030),(570,1032),(569,1050),(530,1048)
"60"bounds: (579,1033),(598,1034),(597,1051),(578,1050)
"*ZA"bounds: (739,1026),(763,1024),(764,1042),(740,1044)
"9.23"bounds: (774,1025),(804,1023),(805,1041),(775,1043)
"81-"bounds: (547,1068),(570,1068),(570,1077),(547,1077)
"60"bounds: (581,1067),(596,1067),(596,1077),(581,1077)
"ARKH"bounds: (738,1064),(772,1063),(772,1075),(738,1076)
"2.15"bounds: (783,1059),(814,1058),(815,1075),(784,1076)
"Is"bounds: (184,1118),(214,1119),(213,1150),(183,1149)
"W"bounds: (213,1122),(230,1123),(229,1149),(212,1148)
"ls"bounds: (238,1120),(257,1121),(256,1152),(237,1151)
"ZA"bounds: (740,1099),(755,1098),(756,1109),(741,1110)
"20.43"bounds: (766,1092),(805,1089),(806,1107),(767,1110)
"HT"bounds: (739,1124),(756,1123),(756,1134),(739,1135)
"Wc"bounds: (765,1124),(780,1123),(780,1134),(765,1135)
"3006b?"bounds: (791,1116),(839,1114),(840,1133),(792,1135)
"60-314-"bounds: (514,1125),(570,1126),(570,1137),(514,1136)
"60"bounds: (580,1126),(598,1126),(598,1140),(580,1140)
"A"bounds: (171,1189),(180,1189),(180,1205),(171,1205)
"541"bounds: (180,1192),(201,1192),(201,1202),(180,1202)
"HT"bounds: (741,1191),(757,1191),(757,1201),(741,1201)
"Wa"bounds: (766,1190),(782,1190),(782,1201),(766,1201)
"1021y"bounds: (792,1183),(832,1182),(832,1207),(792,1208)
"ZA"bounds: (737,1218),(765,1217),(765,1238),(737,1239)
"6b.2"bounds: (767,1218),(807,1217),(807,1234),(767,1235)
"15b.3"bounds: (819,1216),(866,1215),(866,1234),(819,1235)
"H."bounds: (387,1193),(395,1193),(395,1203),(387,1203)
"60"bounds: (577,1191),(608,1191),(608,1204),(577,1204)
"+77"bounds: (607,1192),(630,1192),(630,1202),(607,1202)
"A"bounds: (171,1223),(179,1223),(179,1238),(171,1238)
"594"bounds: (181,1224),(203,1224),(203,1236),(181,1236)
"131a'60'"bounds: (541,1227),(604,1226),(604,1240),(541,1241)
"A"bounds: (175,1257),(183,1257),(183,1272),(175,1272)
"595"bounds: (181,1259),(204,1259),(204,1269),(181,1269)
"131a+"bounds: (533,1261),(572,1261),(572,1270),(533,1270)
"60"bounds: (583,1260),(598,1260),(598,1269),(583,1269)
"KF."bounds: (737,1257),(766,1254),(767,1271),(738,1274)
"Zb"bounds: (767,1257),(782,1256),(783,1269),(768,1270)
"54"bounds: (792,1252),(807,1251),(808,1267),(793,1268)
"A"bounds: (174,1289),(182,1289),(182,1304),(174,1304)
"616"bounds: (182,1292),(204,1292),(204,1303),(182,1303)
"302+"bounds: (541,1293),(572,1294),(572,1304),(541,1303)
"60"bounds: (583,1292),(598,1292),(598,1303),(583,1303)
"HT"bounds: (741,1292),(758,1291),(759,1302),(742,1303)
"44a.31"bounds: (767,1286),(814,1283),(815,1300),(768,1303)
"A"bounds: (168,1321),(177,1321),(177,1338),(168,1338)
"652"bounds: (181,1326),(204,1326),(204,1337),(181,1337)
"401VAS."bounds: (515,1321),(571,1316),(572,1334),(517,1339)
"KH"bounds: (743,1324),(759,1324),(759,1335),(743,1335)
"31.23"bounds: (769,1314),(808,1315),(808,1336),(769,1335)
"91.43"bounds: (819,1314),(859,1315),(859,1335),(819,1334)
"MI"bounds: (742,1358),(757,1358),(757,1368),(742,1368)
"2.35"bounds: (769,1350),(800,1350),(800,1374),(769,1374)
"241"bounds: (1129,1514),(1164,1515),(1164,1533),(1129,1532)