Texts:

"XII
INSCRIPTIONS EN LINÉAIRE A
II. NOMBRE
Dans ce volume nous présentons le texte de 122 tablettes, 20 nodules
et 86 rondelles, tous édités après 1970, plus précisément en 1975 et 19761.
III. PROVENANCE
Ces tablettes, nodules et rondelles proviennent de trois sites différents,
tous crétois.
La répartition des documents entre les sites se présente comme suit
(en tenant évidemment compte de tous les raccords et quasi-raccords
effectués ici ou là) :
.1 Arkhanès..
· [ARKH]
7
.2 Khania..
[KH]
I. Tablettes..
II. Nodules...(Wa)...
III. Rondelles...(Wc)..
85
20
86
.3 Zakros..
-[ZA]
30
228
IV. LIEU DE CONSERVATION
Toutes les tablettes d'Arkhanès et de Zakros sont conservées au
Musée Archéologique d'Iraklion [HM]; toutes les tablettes, tous les nodules
(1) KH 1, KH 2, KH 3, KH 4, KH 2004 et KH 2005 avaient été éditées précédemment par
E. HALLAGER dans Kadmos, 12 (1973), p. 20-27 (sans compter une première version qui avait été donnée
aux 'Αρχαιολογικά 'Ανάλεχτα έξ ' Αθηνν 5 (1972 ) , p. 508-510 ) ; mais comme 'auteur les a reprises,
avec des modifications, dans Hallager 1975, en y ajoutant les rondelles KH 2001, KH 2002 et KH 2003,
nous nous sommes permis, pour des raisons de commodité bibliographique qui n'échapperont à personne,
de ne pas tenir compte des deux premières présentations et de nous en référer directement et uniquement
à Hallager 1975.
"bounds: (250,175),(1051,175),(1051,1298),(250,1298)
"XII"bounds: (255,175),(278,175),(278,185),(255,185)
"INSCRIPTIONS"bounds: (521,178),(636,178),(636,188),(521,188)
"EN"bounds: (650,180),(671,180),(671,189),(650,189)
"LINÉAIRE"bounds: (684,176),(764,176),(764,190),(684,190)
"A"bounds: (777,181),(786,181),(786,190),(777,190)
"II."bounds: (586,258),(624,258),(624,280),(586,280)
"NOMBRE"bounds: (630,260),(716,261),(716,279),(630,278)
"Dans"bounds: (305,309),(355,309),(355,326),(305,326)
"ce"bounds: (367,317),(385,317),(385,327),(367,327)
"volume"bounds: (396,310),(471,311),(471,328),(396,327)
"nous"bounds: (489,318),(535,318),(535,328),(489,328)
"présentons"bounds: (546,312),(657,313),(657,333),(546,332)
"le"bounds: (667,312),(683,312),(683,329),(667,329)
"texte"bounds: (693,316),(746,316),(746,330),(693,330)
"de"bounds: (756,314),(778,314),(778,330),(756,330)
"122"bounds: (790,313),(822,313),(822,330),(790,330)
"tablettes,"bounds: (833,315),(930,316),(930,335),(833,334)
"20"bounds: (941,314),(963,314),(963,331),(941,331)
"nodules"bounds: (974,316),(1051,317),(1051,334),(974,333)
"et"bounds: (255,343),(273,343),(273,356),(255,356)
"86"bounds: (284,339),(306,339),(306,356),(284,356)
"rondelles,"bounds: (317,340),(415,341),(415,361),(317,360)
"tous"bounds: (427,345),(469,345),(469,358),(427,358)
"édités"bounds: (481,341),(540,342),(540,359),(481,358)
"après"bounds: (551,344),(604,344),(604,365),(551,365)
"1970,"bounds: (617,342),(668,342),(668,364),(617,364)
"plus"bounds: (680,344),(721,344),(721,366),(680,366)
"précisément"bounds: (733,344),(857,345),(857,367),(733,366)
"en"bounds: (869,352),(890,352),(890,361),(869,361)
"1975"bounds: (903,346),(948,346),(948,362),(903,362)
"et"bounds: (960,350),(978,350),(978,362),(960,362)
"19761."bounds: (990,345),(1051,346),(1051,364),(990,363)
"III."bounds: (560,445),(603,446),(603,467),(560,466)
"PROVENANCE"bounds: (610,447),(747,449),(747,465),(610,463)
"Ces"bounds: (303,495),(335,495),(335,511),(303,511)
"tablettes,"bounds: (346,496),(442,497),(442,517),(346,516)
"nodules"bounds: (454,497),(531,498),(531,514),(454,513)
"et"bounds: (542,501),(559,501),(559,513),(542,513)
"rondelles"bounds: (569,497),(661,498),(661,515),(569,514)
"proviennent"bounds: (671,499),(797,500),(797,521),(671,520)
"de"bounds: (807,499),(829,499),(829,515),(807,515)
"trois"bounds: (839,500),(884,500),(884,517),(839,517)
"sites"bounds: (893,500),(936,500),(936,517),(893,517)
"différents,"bounds: (947,500),(1050,501),(1050,523),(947,522)
"tous"bounds: (253,529),(296,529),(296,542),(253,542)
"crétois."bounds: (312,526),(385,526),(385,543),(312,543)
"La"bounds: (303,559),(328,559),(328,575),(303,575)
"répartition"bounds: (342,558),(454,559),(454,581),(342,580)
"des"bounds: (467,561),(499,561),(499,577),(467,577)
"documents"bounds: (512,560),(624,561),(624,579),(512,578)
"entre"bounds: (637,566),(689,567),(689,580),(637,579)
"les"bounds: (702,562),(727,562),(727,580),(702,580)
"sites"bounds: (740,563),(784,563),(784,580),(740,580)
"se"bounds: (798,570),(815,570),(815,581),(798,581)
"présente"bounds: (828,565),(915,566),(915,586),(828,585)
"comme"bounds: (928,571),(1000,572),(1000,583),(928,582)
"suit"bounds: (1014,566),(1051,566),(1051,583),(1014,583)
"(en"bounds: (254,589),(283,589),(283,610),(254,610)
"tenant"bounds: (302,593),(369,594),(369,608),(302,607)
"évidemment"bounds: (387,590),(515,591),(515,609),(387,608)
"compte"bounds: (534,595),(608,596),(608,615),(534,614)
"de"bounds: (627,593),(649,593),(649,609),(627,609)
"tous"bounds: (667,597),(709,597),(709,610),(667,610)
"les"bounds: (728,593),(752,593),(752,610),(728,610)
"raccords"bounds: (767,594),(853,595),(853,612),(767,611)
"et"bounds: (869,599),(886,599),(886,611),(869,611)
"quasi-raccords"bounds: (901,595),(1050,597),(1050,619),(901,617)
"effectués"bounds: (253,619),(342,622),(341,641),(252,638)
"ici"bounds: (355,621),(377,622),(376,639),(354,638)
"ou"bounds: (387,620),(421,621),(420,644),(386,643)
"là)"bounds: (426,621),(450,622),(449,644),(425,643)
":"bounds: (463,622),(473,622),(472,645),(462,645)
".1"bounds: (354,664),(372,664),(372,680),(354,680)
"Arkhanès.."bounds: (387,664),(503,664),(503,682),(387,682)
"·"bounds: (734,682),(735,682),(735,684),(734,684)
"[ARKH]"bounds: (744,668),(833,668),(833,690),(744,690)
"7"bounds: (943,669),(952,669),(952,686),(943,686)
".2"bounds: (355,703),(372,703),(372,720),(355,720)
"Khania.."bounds: (389,703),(482,704),(482,722),(389,721)
"[KH]"bounds: (743,707),(795,706),(795,730),(743,731)
"I."bounds: (544,734),(573,734),(573,756),(544,756)
"Tablettes.."bounds: (576,737),(692,737),(692,755),(576,755)
"II."bounds: (529,762),(571,763),(571,789),(529,788)
"Nodules...(Wa)..."bounds: (577,766),(778,769),(778,792),(577,789)
"III."bounds: (521,794),(570,795),(570,819),(521,818)
"Rondelles...(Wc).."bounds: (577,796),(789,800),(789,823),(577,819)
"85"bounds: (929,740),(951,739),(952,757),(930,758)
"20"bounds: (930,771),(952,771),(952,788),(930,788)
"86"bounds: (929,802),(952,802),(952,819),(929,819)
".3"bounds: (354,836),(372,836),(372,853),(354,853)
"Zakros.."bounds: (388,837),(477,838),(477,855),(388,854)
"-[ZA]"bounds: (733,840),(788,839),(789,863),(734,864)
"30"bounds: (930,842),(952,842),(952,859),(930,859)
"228"bounds: (916,886),(951,886),(951,903),(916,903)
"IV."bounds: (505,950),(537,951),(537,969),(505,968)
"LIEU"bounds: (545,951),(594,952),(594,969),(545,968)
"DE"bounds: (611,959),(635,960),(635,969),(611,968)
"CONSERVATION"bounds: (651,956),(803,959),(803,972),(651,969)
"Toutes"bounds: (301,1000),(370,1001),(370,1018),(301,1017)
"les"bounds: (388,1001),(412,1001),(412,1017),(388,1017)
"tablettes"bounds: (431,1001),(520,1002),(520,1019),(431,1018)
"d'Arkhanès"bounds: (539,1001),(657,1002),(657,1020),(539,1019)
"et"bounds: (675,1008),(693,1008),(693,1020),(675,1020)
"de"bounds: (711,1004),(733,1004),(733,1020),(711,1020)
"Zakros"bounds: (751,1004),(820,1005),(820,1022),(751,1021)
"sont"bounds: (838,1009),(880,1009),(880,1022),(838,1022)
"conservées"bounds: (898,1006),(1007,1007),(1007,1023),(898,1022)
"au"bounds: (1026,1013),(1048,1013),(1048,1024),(1026,1024)
"Musée"bounds: (252,1030),(314,1031),(314,1049),(252,1048)
"Archéologique"bounds: (323,1030),(472,1031),(472,1055),(323,1054)
"d'Iraklion"bounds: (481,1032),(585,1033),(585,1051),(481,1050)
"[HM];"bounds: (597,1033),(663,1034),(663,1057),(597,1056)
"toutes"bounds: (673,1038),(736,1039),(736,1052),(673,1051)
"les"bounds: (745,1034),(770,1034),(770,1052),(745,1052)
"tablettes,"bounds: (779,1035),(875,1036),(875,1057),(779,1056)
"tous"bounds: (883,1035),(931,1035),(931,1059),(883,1059)
"les"bounds: (933,1035),(964,1035),(964,1059),(933,1059)
"nodules"bounds: (971,1038),(1049,1039),(1049,1056),(971,1055)
"(1)"bounds: (301,1164),(318,1164),(318,1177),(301,1177)
"KH"bounds: (329,1163),(356,1163),(356,1175),(329,1175)
"1,"bounds: (366,1164),(377,1164),(377,1178),(366,1178)
"KH"bounds: (388,1164),(415,1164),(415,1176),(388,1176)
"2,"bounds: (424,1164),(436,1164),(436,1178),(424,1178)
"KH"bounds: (446,1164),(473,1164),(473,1177),(446,1177)
"3,"bounds: (483,1165),(495,1165),(495,1179),(483,1179)
"KH"bounds: (505,1165),(532,1165),(532,1177),(505,1177)
"4,"bounds: (541,1165),(553,1165),(553,1178),(541,1178)
"KH"bounds: (563,1165),(590,1165),(590,1177),(563,1177)
"2004"bounds: (599,1166),(634,1166),(634,1178),(599,1178)
"et"bounds: (646,1167),(658,1167),(658,1177),(646,1177)
"KH"bounds: (668,1166),(695,1166),(695,1178),(668,1178)
"2005"bounds: (704,1167),(738,1167),(738,1179),(704,1179)
"avaient"bounds: (749,1167),(804,1168),(804,1179),(749,1178)
"été"bounds: (814,1169),(834,1169),(834,1179),(814,1179)
"éditées"bounds: (844,1168),(895,1168),(895,1180),(844,1180)
"précédemment"bounds: (905,1168),(1015,1169),(1015,1184),(905,1183)
"par"bounds: (1026,1173),(1050,1173),(1050,1184),(1026,1184)
"E."bounds: (250,1181),(274,1181),(274,1198),(250,1198)
"HALLAGER"bounds: (274,1183),(353,1184),(353,1196),(274,1195)
"dans"bounds: (360,1184),(394,1184),(394,1195),(360,1195)
"Kadmos,"bounds: (401,1184),(465,1185),(465,1199),(401,1198)
"12"bounds: (473,1185),(488,1185),(488,1196),(473,1196)
"(1973),"bounds: (494,1185),(544,1185),(544,1200),(494,1200)
"p."bounds: (553,1189),(565,1189),(565,1200),(553,1200)
"20-27"bounds: (570,1186),(610,1186),(610,1197),(570,1197)
"(sans"bounds: (617,1186),(653,1186),(653,1200),(617,1200)
"compter"bounds: (660,1187),(722,1188),(722,1202),(660,1201)
"une"bounds: (729,1190),(754,1190),(754,1198),(729,1198)
"première"bounds: (762,1188),(827,1189),(827,1203),(762,1202)
"version"bounds: (834,1188),(887,1188),(887,1200),(834,1200)
"qui"bounds: (895,1189),(917,1189),(917,1203),(895,1203)
"avait"bounds: (924,1189),(962,1189),(962,1200),(924,1200)
"été"bounds: (969,1189),(989,1189),(989,1201),(969,1201)
"donnée"bounds: (997,1190),(1049,1190),(1049,1201),(997,1201)
"aux"bounds: (251,1206),(277,1206),(277,1214),(251,1214)
"'Αρχαιολογικά"bounds: (288,1201),(395,1202),(395,1219),(288,1218)
"'Ανάλεχτα"bounds: (406,1202),(482,1203),(482,1217),(406,1216)
"έξ"bounds: (492,1204),(506,1204),(506,1219),(492,1219)
"'"bounds: (516,1204),(518,1204),(518,1208),(516,1208)
"Αθηνν"bounds: (521,1203),(577,1203),(577,1220),(521,1220)
"5"bounds: (585,1206),(591,1206),(591,1216),(585,1216)
"(1972"bounds: (601,1206),(640,1206),(640,1220),(601,1220)
")"bounds: (643,1206),(645,1206),(645,1220),(643,1220)
","bounds: (648,1215),(650,1215),(650,1219),(648,1219)
"p."bounds: (659,1209),(671,1209),(671,1220),(659,1220)
"508-510"bounds: (675,1204),(736,1205),(736,1222),(675,1221)
")"bounds: (738,1204),(745,1204),(745,1221),(738,1221)
";"bounds: (751,1210),(752,1210),(752,1220),(751,1220)
"mais"bounds: (765,1208),(798,1208),(798,1219),(765,1219)
"comme"bounds: (807,1211),(859,1211),(859,1219),(807,1219)
"'auteur"bounds: (870,1208),(930,1209),(930,1221),(870,1220)
"les"bounds: (940,1209),(959,1209),(959,1220),(940,1220)
"a"bounds: (970,1212),(976,1212),(976,1220),(970,1220)
"reprises,"bounds: (987,1209),(1049,1210),(1049,1224),(987,1223)
"avec"bounds: (251,1226),(283,1226),(283,1234),(251,1234)
"des"bounds: (291,1223),(314,1223),(314,1234),(291,1234)
"modifications,"bounds: (322,1223),(427,1224),(427,1239),(322,1238)
"dans"bounds: (435,1224),(469,1224),(469,1236),(435,1236)
"Hallager"bounds: (476,1225),(540,1225),(540,1239),(476,1239)
"1975,"bounds: (547,1225),(584,1225),(584,1239),(547,1239)
"en"bounds: (592,1229),(608,1229),(608,1237),(592,1237)
"y"bounds: (615,1229),(623,1229),(623,1241),(615,1241)
"ajoutant"bounds: (630,1226),(694,1226),(694,1241),(630,1241)
"les"bounds: (701,1227),(720,1227),(720,1238),(701,1238)
"rondelles"bounds: (727,1227),(794,1227),(794,1239),(727,1239)
"KH"bounds: (800,1227),(827,1227),(827,1239),(800,1239)
"2001,"bounds: (833,1227),(871,1227),(871,1243),(833,1243)
"KH"bounds: (879,1228),(907,1228),(907,1241),(879,1241)
"2002"bounds: (914,1228),(948,1228),(948,1241),(914,1241)
"et"bounds: (956,1229),(969,1229),(969,1240),(956,1240)
"KH"bounds: (976,1229),(1004,1229),(1004,1241),(976,1241)
"2003,"bounds: (1010,1229),(1049,1229),(1049,1244),(1010,1244)
"nous"bounds: (251,1246),(284,1246),(284,1254),(251,1254)
"nous"bounds: (291,1246),(324,1246),(324,1255),(291,1255)
"sommes"bounds: (330,1246),(389,1247),(389,1256),(330,1255)
"permis,"bounds: (395,1244),(449,1245),(449,1260),(395,1259)
"pour"bounds: (456,1248),(490,1248),(490,1259),(456,1259)
"des"bounds: (496,1244),(519,1244),(519,1256),(496,1256)
"raisons"bounds: (525,1245),(577,1245),(577,1256),(525,1256)
"de"bounds: (583,1246),(599,1246),(599,1256),(583,1256)
"commodité"bounds: (605,1245),(688,1246),(688,1258),(605,1257)
"bibliographique"bounds: (695,1246),(814,1247),(814,1262),(695,1261)
"qui"bounds: (820,1248),(843,1248),(843,1262),(820,1262)
"n'échapperont"bounds: (850,1248),(958,1249),(958,1264),(850,1263)
"à"bounds: (964,1249),(971,1249),(971,1260),(964,1260)
"personne,"bounds: (978,1251),(1049,1252),(1049,1265),(978,1264)
"de"bounds: (251,1263),(266,1263),(266,1274),(251,1274)
"ne"bounds: (273,1266),(289,1266),(289,1274),(273,1274)
"pas"bounds: (295,1266),(319,1266),(319,1277),(295,1277)
"tenir"bounds: (326,1264),(361,1264),(361,1275),(326,1275)
"compte"bounds: (366,1264),(421,1264),(421,1278),(366,1278)
"des"bounds: (427,1265),(450,1265),(450,1276),(427,1276)
"deux"bounds: (456,1265),(492,1265),(492,1276),(456,1276)
"premières"bounds: (499,1264),(571,1265),(571,1280),(499,1279)
"présentations"bounds: (577,1265),(678,1266),(678,1281),(577,1280)
"et"bounds: (684,1267),(697,1267),(697,1278),(684,1278)
"de"bounds: (704,1267),(720,1267),(720,1278),(704,1278)
"nous"bounds: (726,1270),(760,1270),(760,1278),(726,1278)
"en"bounds: (766,1270),(782,1270),(782,1278),(766,1278)
"référer"bounds: (788,1268),(837,1268),(837,1279),(788,1279)
"directement"bounds: (843,1268),(933,1269),(933,1281),(843,1280)
"et"bounds: (939,1269),(952,1269),(952,1280),(939,1280)
"uniquement"bounds: (959,1269),(1049,1270),(1049,1285),(959,1284)
"à"bounds: (257,1280),(268,1280),(268,1298),(257,1298)
"Hallager"bounds: (267,1283),(331,1283),(331,1297),(267,1297)
"1975."bounds: (341,1284),(378,1284),(378,1295),(341,1295)