Texts:

"GORİLA 1
Prd face
p. v , ligua 5:'xx1,3" : Supprimen",sce llés".
p. vI , avaut - demièra ligua : Supprinaen.", des scellés".
p. Vie
, mote 1: PHc?) 34.
þ.vu, liane 5 : PH (?) 31.
Iunoduction
,lique 1o: line HT94, 111, 127.
þ. XXX, Comordance: hie PH < 29>
p. XX* >
ligue 3 : hie"loutes les auties , sauf la dernina (ch. p. Xx et note 1), pan D.Levi".
Þ. K**, Sous. 10 Zakros, Brice 1961, line " 4".
>
Fac- Simile
Normalisée
Yoabu laire
HT 1
Gra ffilo offaci accidan lellameusan verad
HT 2.1
HT 3.1
HT 3.2
apparat :1 J8T
HT4.2
49elü) pas impossible, maio maiusla
HT 6a.1
HT 6a.6
Thou accidentel aila fir de la ligue
EE
HT66.3
HT Gb. 4
appanat :
þossible
HT Fa.1
HT8A
.1
10
1-2 s n
HT8 a.5
asparat: Y sur ?
HT Bb
1 2H
.3
.3
HT 8b.3
月!由
E-
"bounds: (132,274),(1147,274),(1147,1469),(132,1469)
"GORİLA"bounds: (495,274),(619,275),(619,302),(495,301)
"1"bounds: (634,282),(648,282),(648,299),(634,299)
"Prd"bounds: (133,353),(180,354),(179,394),(132,393)
"face"bounds: (182,353),(228,354),(227,395),(181,394)
"p."bounds: (139,426),(166,425),(167,454),(140,455)
"v"bounds: (165,428),(183,428),(183,448),(165,448)
","bounds: (188,425),(201,425),(202,454),(189,454)
"ligua"bounds: (202,425),(249,424),(250,451),(203,452)
"5:'xx1,3""bounds: (254,423),(325,422),(325,443),(254,444)
":"bounds: (328,422),(346,422),(347,451),(329,451)
"Supprimen",sce"bounds: (348,422),(491,419),(492,448),(349,451)
"llés"."bounds: (493,419),(541,418),(542,447),(494,448)
"p."bounds: (146,469),(157,469),(157,483),(146,483)
"vI"bounds: (163,460),(184,460),(184,481),(163,481)
","bounds: (190,474),(194,474),(194,479),(190,479)
"avaut"bounds: (200,463),(253,462),(253,476),(200,477)
"-"bounds: (258,470),(262,470),(262,472),(258,472)
"demièra"bounds: (266,460),(340,459),(340,475),(266,476)
"ligua"bounds: (351,457),(403,456),(403,481),(351,482)
":"bounds: (410,464),(413,464),(413,473),(410,473)
"Supprinaen.","bounds: (421,456),(532,454),(532,479),(421,481)
"des"bounds: (538,460),(568,460),(568,474),(538,474)
"scellés"."bounds: (574,455),(642,454),(642,473),(574,474)
"p."bounds: (144,500),(164,498),(166,515),(146,518)
"Vie"bounds: (164,498),(184,496),(186,512),(166,515)
","bounds: (203,495),(216,494),(217,513),(204,514)
"mote"bounds: (218,494),(253,492),(254,512),(219,514)
"1:"bounds: (263,498),(284,497),(285,510),(264,511)
"PHc?)"bounds: (309,491),(371,488),(372,506),(310,509)
"34."bounds: (380,494),(417,492),(418,505),(381,507)
"þ.vu,"bounds: (145,525),(200,524),(201,549),(146,550)
"liane"bounds: (210,524),(261,523),(262,548),(211,549)
"5"bounds: (268,523),(278,523),(279,547),(269,547)
":"bounds: (285,533),(287,533),(287,542),(285,542)
"PH"bounds: (310,526),(337,525),(337,545),(310,546)
"(?)"bounds: (348,522),(373,521),(374,545),(349,546)
"31."bounds: (381,528),(418,527),(418,540),(381,541)
"Iunoduction"bounds: (148,586),(271,585),(271,608),(148,609)
",lique"bounds: (196,652),(251,652),(251,674),(196,674)
"1o:"bounds: (259,659),(282,659),(282,669),(259,669)
"line"bounds: (290,651),(322,651),(322,673),(290,673)
"HT94,"bounds: (325,651),(379,651),(379,673),(325,673)
"111,"bounds: (386,651),(425,651),(425,673),(386,673)
"127."bounds: (429,655),(470,655),(470,673),(429,673)
"þ."bounds: (145,687),(165,687),(165,705),(145,705)
"XXX,"bounds: (168,686),(199,686),(199,705),(168,705)
"Comordance:"bounds: (212,687),(326,686),(326,702),(212,703)
"hie"bounds: (338,685),(368,685),(368,700),(338,700)
"PH"bounds: (384,685),(404,685),(404,698),(384,698)
"<"bounds: (421,683),(431,683),(431,701),(421,701)
"29>"bounds: (434,683),(469,683),(469,701),(434,701)
"p."bounds: (146,723),(171,726),(169,739),(145,736)
"XX*"bounds: (168,726),(193,729),(191,742),(167,739)
">"bounds: (199,732),(204,733),(203,739),(198,738)
"ligue"bounds: (204,717),(254,717),(254,739),(204,739)
"3"bounds: (264,722),(271,722),(271,735),(264,735)
":"bounds: (281,727),(283,727),(283,734),(281,734)
"hie"loutes"bounds: (291,716),(388,716),(388,739),(291,739)
"les"bounds: (394,719),(420,719),(420,734),(394,734)
"auties"bounds: (426,721),(475,721),(475,734),(426,734)
","bounds: (484,732),(486,732),(486,737),(484,737)
"sauf"bounds: (493,718),(533,718),(533,738),(493,738)
"la"bounds: (543,717),(566,717),(566,732),(543,732)
"dernina"bounds: (573,718),(649,718),(649,732),(573,732)
"(ch."bounds: (655,717),(694,717),(694,737),(655,737)
"p."bounds: (703,719),(715,719),(715,737),(703,737)
"Xx"bounds: (721,715),(738,715),(738,737),(721,737)
"et"bounds: (745,719),(765,719),(765,732),(745,732)
"note"bounds: (775,717),(814,717),(814,731),(775,731)
"1),"bounds: (820,718),(847,718),(847,734),(820,734)
"pan"bounds: (857,721),(880,721),(880,736),(857,736)
"D.Levi"."bounds: (893,715),(963,715),(963,732),(893,732)
"Þ."bounds: (145,753),(167,753),(167,774),(145,774)
"K**,"bounds: (169,752),(215,751),(215,773),(169,774)
"Sous."bounds: (216,754),(264,753),(264,768),(216,769)
"10"bounds: (274,758),(292,758),(292,767),(274,767)
"Zakros,"bounds: (302,751),(374,750),(374,769),(302,770)
"Brice"bounds: (389,749),(445,748),(445,766),(389,767)
"1961,"bounds: (453,754),(511,753),(511,768),(453,769)
"line"bounds: (519,750),(549,750),(549,765),(519,765)
"""bounds: (551,747),(567,747),(567,768),(551,768)
"4"."bounds: (602,746),(635,746),(635,765),(602,765)
">"bounds: (203,765),(208,765),(208,771),(203,771)
"Fac-"bounds: (294,809),(331,810),(330,832),(293,831)
"Simile"bounds: (340,811),(398,813),(397,831),(339,829)
"Normalisée"bounds: (619,810),(727,811),(727,830),(619,829)
"Yoabu"bounds: (924,805),(975,808),(974,829),(923,826)
"laire"bounds: (979,810),(1022,812),(1021,829),(978,827)
"HT"bounds: (138,876),(181,877),(180,900),(137,899)
"1"bounds: (189,882),(202,882),(202,897),(189,897)
"Gra"bounds: (231,881),(263,880),(263,895),(231,896)
"ffilo"bounds: (267,881),(297,881),(297,901),(267,901)
"offaci"bounds: (304,884),(348,883),(348,900),(304,901)
"accidan"bounds: (355,886),(415,885),(415,895),(355,896)
"lellameusan"bounds: (418,878),(502,877),(502,895),(418,896)
"verad"bounds: (504,876),(535,876),(535,898),(504,898)
"HT"bounds: (138,913),(180,913),(180,933),(138,933)
"2.1"bounds: (196,913),(222,913),(222,932),(196,932)
"HT"bounds: (138,945),(177,945),(177,967),(138,967)
"3.1"bounds: (186,950),(218,950),(218,963),(186,963)
"HT"bounds: (139,978),(173,978),(173,1000),(139,1000)
"3.2"bounds: (182,982),(217,982),(217,998),(182,998)
"apparat"bounds: (533,946),(606,944),(607,974),(534,976)
":1"bounds: (617,951),(634,951),(634,962),(617,962)
"J8T"bounds: (642,945),(692,944),(693,968),(643,969)
"HT4.2"bounds: (146,1015),(213,1015),(213,1031),(146,1031)
"49elü)"bounds: (543,1004),(636,1006),(635,1036),(542,1034)
"pas"bounds: (642,1018),(663,1019),(663,1035),(642,1034)
"impossible,"bounds: (665,1007),(752,1009),(751,1039),(664,1037)
"maio"bounds: (754,1009),(787,1010),(786,1040),(753,1039)
"maiusla"bounds: (789,1010),(832,1011),(831,1041),(788,1040)
"HT"bounds: (146,1047),(175,1048),(175,1064),(146,1063)
"6a.1"bounds: (186,1045),(225,1046),(225,1066),(186,1065)
"HT"bounds: (145,1079),(172,1079),(172,1094),(145,1094)
"6a.6"bounds: (180,1081),(224,1082),(224,1096),(180,1095)
"Thou"bounds: (534,1106),(573,1107),(573,1131),(534,1130)
"accidentel"bounds: (580,1108),(668,1110),(668,1131),(580,1129)
"aila"bounds: (679,1112),(716,1113),(716,1129),(679,1128)
"fir"bounds: (722,1111),(742,1111),(742,1134),(722,1134)
"de"bounds: (750,1115),(770,1115),(770,1127),(750,1127)
"la"bounds: (779,1113),(794,1113),(794,1126),(779,1126)
"ligue"bounds: (800,1111),(836,1112),(835,1137),(799,1136)
"EE"bounds: (635,1140),(673,1140),(673,1164),(635,1164)
"HT66.3"bounds: (145,1111),(222,1112),(222,1129),(145,1128)
"HT"bounds: (138,1143),(171,1143),(171,1166),(138,1166)
"Gb."bounds: (178,1146),(203,1146),(203,1162),(178,1162)
"4"bounds: (212,1147),(221,1147),(221,1163),(212,1163)
"appanat"bounds: (534,1149),(602,1147),(603,1169),(535,1172)
":"bounds: (611,1152),(613,1152),(613,1161),(611,1161)
"þossible"bounds: (710,1145),(774,1144),(774,1164),(710,1165)
"HT"bounds: (146,1181),(168,1181),(168,1195),(146,1195)
"Fa.1"bounds: (179,1178),(227,1179),(227,1199),(179,1198)
"HT8A"bounds: (139,1212),(204,1214),(204,1231),(139,1229)
".1"bounds: (840,1218),(859,1217),(860,1228),(841,1229)
"10"bounds: (1126,1215),(1147,1215),(1147,1226),(1126,1226)
"1-2"bounds: (841,1283),(875,1282),(875,1296),(841,1297)
"s"bounds: (885,1277),(921,1276),(922,1294),(886,1295)
"n"bounds: (929,1278),(944,1278),(945,1296),(930,1297)
"HT8"bounds: (147,1313),(193,1315),(192,1334),(146,1332)
"a.5"bounds: (203,1313),(229,1314),(228,1337),(202,1336)
"asparat:"bounds: (536,1315),(609,1314),(609,1337),(536,1338)
"Y"bounds: (620,1314),(642,1314),(642,1337),(620,1337)
"sur"bounds: (648,1313),(678,1313),(678,1336),(648,1336)
"?"bounds: (694,1313),(741,1312),(741,1335),(694,1336)
"HT"bounds: (147,1352),(173,1351),(174,1365),(148,1366)
"Bb"bounds: (181,1348),(203,1347),(204,1363),(182,1364)
"1"bounds: (859,1344),(874,1343),(876,1365),(861,1366)
"2H"bounds: (881,1345),(920,1342),(921,1361),(882,1364)
".3"bounds: (840,1385),(855,1385),(855,1396),(840,1396)
".3"bounds: (840,1418),(856,1418),(856,1429),(840,1429)
"HT"bounds: (149,1449),(176,1449),(176,1467),(149,1467)
"8b.3"bounds: (182,1447),(228,1447),(228,1468),(182,1468)
"月"bounds: (595,1443),(604,1443),(604,1462),(595,1462)
"!"bounds: (610,1445),(613,1445),(613,1459),(610,1459)
"由"bounds: (624,1442),(645,1442),(644,1465),(623,1465)
"E-"bounds: (930,1201),(930,1228),(912,1228),(912,1201)