Texts:

"PII
T X YI
15)
] 乳
303
"bounds: (360,250),(1169,250),(1169,1534),(360,1534)
"PII"bounds: (360,250),(394,250),(394,268),(360,268)
"T"bounds: (506,306),(575,306),(575,355),(506,355)
"X"bounds: (607,298),(655,298),(655,365),(607,365)
"YI"bounds: (658,298),(711,298),(711,365),(658,365)
"15)"bounds: (438,699),(481,700),(481,720),(438,719)
"]"bounds: (476,1192),(539,1192),(539,1253),(476,1253)
"乳"bounds: (654,1205),(683,1205),(683,1250),(654,1250)
"303"bounds: (1133,1517),(1169,1517),(1169,1534),(1133,1534)