Texts:

"ΚΗ 8
[7,to]x[6,80]x
1,30 Cm.
- Compés
bas.
32
"bounds: (66,64),(820,64),(820,1525),(66,1525)
"ΚΗ"bounds: (70,64),(119,65),(119,84),(70,83)
"8"bounds: (119,67),(130,67),(130,84),(119,84)
"[7,to]x[6,80]x"bounds: (518,1258),(697,1259),(697,1290),(518,1289)
"1,30"bounds: (716,1271),(762,1273),(761,1288),(715,1286)
"Cm."bounds: (778,1276),(820,1278),(820,1289),(778,1287)
"-"bounds: (512,1296),(529,1296),(529,1327),(512,1327)
"Compés"bounds: (532,1296),(598,1296),(598,1327),(532,1327)
"bas."bounds: (657,1295),(703,1297),(702,1320),(656,1318)
"32"bounds: (66,1508),(90,1508),(90,1525),(66,1525)