Texts:

"XXVIII
INSCRIPTIONS EN LINÉAIRE A
TABLEAU DES VARIANTES DES SIGNES DU LINÉAIRE A
Ав 01
HT 95 a.1 ZA5A.3
HT122 a.2
AB 02
HT9A.6 ZA 15 b.2
AB 03
ARKH 1a.5 Io Za 5 HT 115 b.1 PH Fa.1 HT 102.1
ABO4
並t キ
MA Ze 11 PHZB 14 ko za 1d ZA 2 6a.1HT14.1 HT26 HTWA1123
a.1
HTWA 1126 ZA 10 a.2
AB 05
ARKH 2.2 HT122 b.6
"bounds: (188,79),(1139,79),(1139,1411),(188,1411)
"XXVIII"bounds: (259,84),(315,83),(315,92),(259,93)
"INSCRIPTIONS"bounds: (525,83),(642,83),(642,93),(525,93)
"EN"bounds: (656,83),(677,83),(677,92),(656,92)
"LINÉAIRE"bounds: (690,79),(771,79),(771,93),(690,93)
"A"bounds: (784,84),(794,84),(794,92),(784,92)
"TABLEAU"bounds: (285,179),(404,179),(404,197),(285,197)
"DES"bounds: (422,179),(469,179),(469,197),(422,197)
"VARIANTES"bounds: (487,179),(633,179),(633,196),(487,196)
"DES"bounds: (651,180),(698,180),(698,197),(651,197)
"SIGNES"bounds: (716,179),(805,179),(805,197),(716,197)
"DU"bounds: (824,180),(857,180),(857,197),(824,197)
"LINÉAIRE"bounds: (876,176),(1001,176),(1001,197),(876,197)
"A"bounds: (1019,180),(1033,180),(1033,197),(1019,197)
"Ав"bounds: (449,330),(536,328),(537,359),(450,361)
"01"bounds: (539,327),(563,326),(564,358),(540,359)
"HT"bounds: (198,448),(245,448),(245,473),(198,473)
"95"bounds: (260,447),(290,447),(290,479),(260,479)
"a.1"bounds: (298,448),(343,448),(343,479),(298,479)
"ZA5A.3"bounds: (374,451),(498,452),(498,475),(374,474)
"HT122"bounds: (548,450),(652,452),(652,476),(548,474)
"a.2"bounds: (660,456),(696,457),(696,475),(660,474)
"AB"bounds: (456,538),(494,538),(494,560),(456,560)
"02"bounds: (512,537),(559,538),(559,563),(512,562)
"HT9A.6"bounds: (197,650),(313,650),(313,679),(197,679)
"ZA"bounds: (348,652),(397,652),(397,678),(348,678)
"15"bounds: (415,656),(446,656),(446,677),(415,677)
"b.2"bounds: (459,651),(500,651),(500,680),(459,680)
"AB"bounds: (453,740),(488,741),(487,764),(452,763)
"03"bounds: (514,741),(551,742),(550,767),(513,766)
"ARKH"bounds: (188,853),(280,853),(280,887),(188,887)
"1a.5"bounds: (282,853),(338,853),(338,887),(282,887)
"Io"bounds: (372,856),(419,856),(419,880),(372,880)
"Za"bounds: (429,859),(489,859),(489,882),(429,882)
"5"bounds: (491,853),(507,853),(507,887),(491,887)
"HT"bounds: (522,853),(566,853),(566,887),(522,887)
"115"bounds: (574,853),(612,853),(612,887),(574,887)
"b.1"bounds: (621,856),(665,856),(665,880),(621,880)
"PH"bounds: (701,856),(737,856),(737,880),(701,880)
"Fa.1"bounds: (751,859),(820,859),(820,882),(751,882)
"HT"bounds: (866,853),(910,853),(910,887),(866,887)
"102.1"bounds: (912,853),(991,853),(991,887),(912,887)
"ABO4"bounds: (463,942),(552,940),(553,973),(464,975)
"並"bounds: (536,968),(599,967),(600,1046),(537,1047)
"t"bounds: (640,967),(767,966),(768,1045),(641,1046)
"キ"bounds: (792,977),(831,977),(832,1040),(793,1040)
"MA"bounds: (196,1060),(241,1060),(241,1085),(196,1085)
"Ze"bounds: (248,1059),(274,1059),(274,1087),(248,1087)
"11"bounds: (282,1069),(304,1069),(304,1085),(282,1085)
"PHZB"bounds: (347,1061),(416,1061),(416,1084),(347,1084)
"14"bounds: (425,1054),(456,1054),(456,1082),(425,1082)
"ko"bounds: (495,1054),(562,1054),(562,1091),(495,1091)
"za"bounds: (564,1054),(588,1054),(588,1091),(564,1091)
"1d"bounds: (590,1062),(624,1062),(624,1084),(590,1084)
"ZA"bounds: (640,1062),(706,1062),(706,1086),(640,1086)
"2"bounds: (708,1054),(714,1054),(714,1091),(708,1091)
"6a.1HT14.1"bounds: (713,1059),(868,1059),(868,1086),(713,1086)
"HT26"bounds: (902,1058),(986,1058),(986,1091),(902,1091)
"HTWA1123"bounds: (1002,1054),(1139,1054),(1139,1091),(1002,1091)
"a.1"bounds: (957,1088),(988,1087),(988,1100),(957,1101)
"HTWA"bounds: (200,1173),(288,1174),(288,1206),(200,1205)
"1126"bounds: (290,1174),(352,1175),(352,1206),(290,1205)
"ZA"bounds: (376,1175),(442,1176),(442,1207),(376,1206)
"10"bounds: (452,1179),(487,1179),(487,1199),(452,1199)
"a.2"bounds: (495,1184),(542,1184),(542,1202),(495,1202)
"AB"bounds: (470,1261),(503,1263),(502,1286),(469,1284)
"05"bounds: (513,1261),(555,1264),(553,1291),(511,1289)
"ARKH"bounds: (198,1384),(287,1383),(287,1409),(198,1410)
"2.2"bounds: (297,1391),(337,1391),(337,1411),(297,1411)
"HT122"bounds: (374,1383),(482,1382),(482,1409),(374,1410)
"b.6"bounds: (496,1381),(539,1381),(539,1409),(496,1409)