Texts:

"PK Za 8
a
éch. 1 : 1
"bounds: (489,82),(1189,82),(1189,821),(489,821)
"PK"bounds: (1091,83),(1126,83),(1126,100),(1091,100)
"Za"bounds: (1138,82),(1166,82),(1166,99),(1138,99)
"8"bounds: (1177,82),(1189,82),(1189,100),(1177,100)
"a"bounds: (489,822),(489,812),(499,812),(499,822)
"éch."bounds: (1096,520),(1096,483),(1112,483),(1112,520)
"1"bounds: (1097,470),(1097,465),(1111,465),(1111,470)
":"bounds: (1096,451),(1096,443),(1115,443),(1115,451)
"1"bounds: (1096,435),(1096,430),(1111,430),(1111,435)