Texts:

"41
A 512
H
21+ 41
ZA 9.2.4.53
A 528
41 +07
KN Zg(21>4
A 529
HT 42/+_759.1' 99h.1' 116a.3' Wa 1021y2²
41 +09
A 530
41 +13
HT 23a,5'
A 531
41 +13 '67'
HT 24h.11
A 532
41 +66
KH 9.63
A 533
'41 303'
KH 11.63
A 590 Jm4
7131a'41'
HT 27b.2'
210
城恩
"bounds: (58,94),(1150,94),(1150,1533),(58,1533)
"41"bounds: (1135,94),(1150,94),(1150,106),(1135,106)
"A"bounds: (227,162),(235,162),(235,177),(227,177)
"512"bounds: (237,164),(259,164),(259,175),(237,175)
"H"bounds: (454,165),(463,165),(463,175),(454,175)
"21+"bounds: (588,161),(611,162),(611,173),(588,172)
"41"bounds: (622,162),(638,163),(638,177),(622,176)
"ZA"bounds: (806,161),(822,161),(822,172),(806,172)
"9.2.4.53"bounds: (832,154),(897,153),(897,179),(832,180)
"A"bounds: (225,196),(234,196),(234,211),(225,211)
"528"bounds: (236,198),(259,198),(259,210),(236,210)
"41"bounds: (619,197),(636,196),(637,209),(620,210)
"+07"bounds: (646,197),(670,195),(671,205),(647,207)
"KN"bounds: (806,194),(822,193),(823,205),(807,206)
"Zg(21>4"bounds: (831,189),(888,185),(889,205),(832,209)
"A"bounds: (223,229),(232,229),(232,245),(223,245)
"529"bounds: (237,232),(259,232),(259,243),(237,243)
"HT"bounds: (806,227),(822,227),(822,238),(806,238)
"42/+_759.1'"bounds: (832,218),(928,218),(928,244),(832,244)
"99h.1'"bounds: (941,220),(987,220),(987,238),(941,238)
"116a.3'"bounds: (1001,219),(1055,219),(1055,238),(1001,238)
"Wa"bounds: (1066,227),(1083,227),(1083,239),(1066,239)
"1021y2²"bounds: (1094,219),(1141,219),(1141,245),(1094,245)
"41"bounds: (621,229),(635,228),(635,239),(621,240)
"+09"bounds: (646,229),(670,228),(670,239),(646,240)
"A"bounds: (229,263),(237,263),(237,278),(229,278)
"530"bounds: (236,265),(259,265),(259,277),(236,277)
"41"bounds: (619,263),(637,262),(638,277),(620,278)
"+13"bounds: (646,263),(670,262),(671,273),(647,274)
"HT"bounds: (805,261),(822,260),(823,272),(806,273)
"23a,5'"bounds: (832,255),(878,251),(879,270),(833,274)
"A"bounds: (229,296),(238,296),(238,313),(229,313)
"531"bounds: (237,299),(257,299),(257,309),(237,309)
"41"bounds: (621,296),(635,295),(635,305),(621,306)
"+13"bounds: (645,296),(670,295),(670,306),(645,307)
"'67'"bounds: (683,295),(711,294),(711,305),(683,306)
"HT"bounds: (805,294),(822,293),(823,305),(806,306)
"24h.11"bounds: (832,289),(878,286),(879,304),(833,307)
"A"bounds: (228,329),(237,329),(238,345),(229,345)
"532"bounds: (236,332),(259,331),(259,342),(236,343)
"41"bounds: (619,330),(637,329),(638,344),(620,346)
"+66"bounds: (646,331),(670,329),(671,339),(647,341)
"KH"bounds: (805,327),(821,325),(822,337),(806,339)
"9.63"bounds: (831,323),(863,319),(865,336),(833,340)
"A"bounds: (225,362),(234,362),(234,379),(225,379)
"533"bounds: (237,365),(259,365),(259,376),(237,376)
"'41"bounds: (615,358),(639,358),(639,377),(615,377)
"303'"bounds: (650,361),(686,361),(686,373),(650,373)
"KH"bounds: (806,361),(823,360),(824,373),(807,374)
"11.63"bounds: (833,356),(872,353),(873,371),(834,374)
"A"bounds: (221,396),(232,395),(234,416),(223,417)
"590"bounds: (235,399),(258,397),(259,411),(236,413)
"Jm4"bounds: (272,390),(310,386),(312,408),(274,412)
"7131a'41'"bounds: (563,393),(644,393),(644,412),(563,412)
"HT"bounds: (805,395),(822,394),(823,406),(806,407)
"27b.2'"bounds: (832,389),(879,386),(880,405),(833,408)
"210"bounds: (58,1515),(96,1515),(96,1533),(58,1533)
"城"bounds: (319,211),(322,322),(299,323),(296,212)
"恩"bounds: (322,324),(323,346),(300,347),(299,325)