Texts:

"PH 8 a
PH 8 b
HM 1509-3.20]x[4,7o]x 4.00m.
296
"bounds: (65,57),(1198,57),(1198,1511),(65,1511)
"PH"bounds: (74,57),(108,57),(108,73),(74,73)
"8"bounds: (121,57),(132,57),(132,73),(121,73)
"a"bounds: (140,62),(152,62),(152,73),(140,73)
"PH"bounds: (1120,62),(1154,62),(1154,78),(1120,78)
"8"bounds: (1166,62),(1177,62),(1177,78),(1166,78)
"b"bounds: (1186,60),(1198,60),(1198,78),(1186,78)
"HM"bounds: (264,1146),(292,1146),(292,1162),(264,1162)
"1509-3.20]x[4,7o]x"bounds: (306,1143),(472,1143),(472,1165),(306,1165)
"4.00m."bounds: (474,1143),(530,1143),(530,1165),(474,1165)
"296"bounds: (65,1494),(101,1494),(101,1511),(65,1511)