Texts:

"I. ADDENDA ET RACCORDS
TABLE DES MATIÈRES
AVANT-PROPOS...
3-6
INTRODUCTION
A. ABRÉVIATIONS BIBLIOGRAPHIQUES.
7-8
В. NOMBRE..
8.
C. PROVENANCE...
8-9
D. LIEUX DE CONSERVATION.
9.
E. ÉDITIONS ET CONCORDANCES.
10
F. PRÉSENTATION..
10-12
1. HAGHIA TRIADA..
13-14
2. НАСHIOS STEPHANOS.
15-16
3. ΙουκTAS. .
17-36
4. КНANIA...
37-48
5. MALLIA..
49-54
6. MILOS..
55-57
7. PYRGOS.
58-60
8. SYMI...
61-68
"bounds: (158,382),(964,382),(964,1178),(158,1178)
"I."bounds: (356,382),(392,382),(392,407),(356,407)
"ADDENDA"bounds: (393,383),(541,382),(541,403),(393,404)
"ET"bounds: (559,383),(593,383),(593,403),(559,403)
"RACCORDS"bounds: (611,383),(768,382),(768,403),(611,404)
"TABLE"bounds: (414,493),(495,492),(495,510),(414,511)
"DES"bounds: (515,493),(562,492),(562,509),(515,510)
"MATIÈRES"bounds: (581,490),(711,488),(711,509),(581,511)
"AVANT-PROPOS..."bounds: (166,571),(352,575),(352,591),(166,587)
"3-6"bounds: (931,569),(962,569),(962,586),(931,586)
"INTRODUCTION"bounds: (168,621),(318,623),(318,640),(168,638)
"A."bounds: (216,659),(236,659),(236,675),(216,675)
"ABRÉVIATIONS"bounds: (253,659),(402,661),(402,678),(253,676)
"BIBLIOGRAPHIQUES."bounds: (418,663),(619,666),(619,679),(418,676)
"7-8"bounds: (932,657),(962,657),(962,675),(932,675)
"В."bounds: (216,694),(249,694),(249,716),(216,716)
"NOMBRE.."bounds: (253,696),(356,697),(356,715),(253,714)
"8."bounds: (952,695),(962,695),(962,712),(952,712)
"C."bounds: (213,732),(248,732),(248,753),(213,753)
"PROVENANCE..."bounds: (261,732),(417,733),(417,755),(261,754)
"8-9"bounds: (932,733),(963,733),(963,750),(932,750)
"D."bounds: (216,772),(237,772),(237,788),(216,788)
"LIEUX"bounds: (252,772),(315,773),(315,789),(252,788)
"DE"bounds: (332,779),(355,779),(355,788),(332,788)
"CONSERVATION."bounds: (372,776),(529,778),(529,791),(372,789)
"9."bounds: (952,771),(963,771),(963,787),(952,787)
"E."bounds: (218,807),(257,808),(257,825),(218,824)
"ÉDITIONS"bounds: (253,808),(348,810),(348,827),(253,825)
"ET"bounds: (365,816),(387,816),(387,826),(365,826)
"CONCORDANCES."bounds: (402,813),(565,816),(565,830),(402,827)
"10"bounds: (941,808),(963,808),(963,825),(941,825)
"F."bounds: (214,844),(245,844),(245,866),(214,866)
"PRÉSENTATION.."bounds: (252,846),(424,847),(424,865),(252,864)
"10-12"bounds: (907,845),(961,846),(961,864),(907,863)
"1."bounds: (168,898),(182,898),(182,914),(168,914)
"HAGHIA"bounds: (199,898),(279,898),(279,914),(199,914)
"TRIADA.."bounds: (293,898),(390,898),(390,915),(293,915)
"13-14"bounds: (909,896),(963,896),(963,914),(909,914)
"2."bounds: (167,935),(182,935),(182,952),(167,952)
"НАСHIOS"bounds: (200,935),(289,935),(289,951),(200,951)
"STEPHANOS."bounds: (304,935),(426,935),(426,952),(304,952)
"15-16"bounds: (909,934),(963,934),(963,951),(909,951)
"3."bounds: (167,972),(182,972),(182,989),(167,989)
"ΙουκTAS."bounds: (191,970),(296,970),(296,992),(191,992)
"."bounds: (313,987),(314,987),(314,989),(313,989)
"17-36"bounds: (909,971),(963,971),(963,988),(909,988)
"4."bounds: (168,1010),(184,1010),(184,1026),(168,1026)
"КНANIA..."bounds: (201,1009),(311,1010),(311,1027),(201,1026)
"37-48"bounds: (908,1008),(963,1008),(963,1026),(908,1026)
"5."bounds: (168,1047),(183,1047),(183,1064),(168,1064)
"MALLIA.."bounds: (199,1047),(294,1048),(294,1065),(199,1064)
"49-54"bounds: (908,1046),(964,1046),(964,1063),(908,1063)
"6."bounds: (167,1084),(183,1084),(183,1101),(167,1101)
"MILOS.."bounds: (198,1085),(279,1085),(279,1101),(198,1101)
"55-57"bounds: (908,1082),(962,1083),(962,1101),(908,1100)
"7."bounds: (158,1119),(205,1120),(205,1142),(158,1141)
"PYRGOS."bounds: (211,1119),(285,1120),(285,1143),(211,1142)
"58-60"bounds: (907,1121),(963,1120),(963,1139),(907,1140)
"8."bounds: (167,1160),(183,1160),(183,1177),(167,1177)
"SYMI..."bounds: (199,1160),(278,1161),(278,1178),(199,1177)
"61-68"bounds: (909,1159),(964,1159),(964,1176),(909,1176)