Texts:

"176
IZe Euceriptions peinkes
sur vases d' angile.
* Zd Tnseriptions sur spports archiécturanx en stuc.
HTZd 156| ]E 1 I14I27 I3 77 CB T[
HTZd 157 I ABEA
Ý Ze Inscriptions Aur supports anchi techuranx en
L UW
に \/ じン
"bounds: (56,440),(1210,440),(1210,1537),(56,1537)
"176"bounds: (56,1520),(92,1520),(92,1537),(56,1537)
"IZe"bounds: (391,1000),(393,932),(430,933),(428,1001)
"Euceriptions"bounds: (394,927),(397,824),(428,825),(425,928)
"peinkes"bounds: (397,812),(398,764),(432,765),(431,813)
"sur"bounds: (410,751),(411,723),(420,723),(419,751)
"vases"bounds: (412,710),(413,671),(420,671),(419,710)
"d'"bounds: (407,664),(407,649),(418,649),(418,664)
"angile."bounds: (407,642),(408,587),(428,587),(427,642)
"*"bounds: (740,997),(740,981),(763,981),(763,997)
"Zd"bounds: (740,975),(740,949),(764,949),(764,975)
"Tnseriptions"bounds: (740,939),(741,827),(765,827),(764,939)
"sur"bounds: (749,806),(749,775),(759,775),(759,806)
"spports"bounds: (745,759),(745,684),(765,684),(765,759)
"archiécturanx"bounds: (742,675),(743,553),(760,553),(759,675)
"en"bounds: (751,544),(751,524),(757,524),(757,544)
"stuc."bounds: (746,512),(746,470),(759,470),(759,512)
"HTZd"bounds: (878,1301),(878,1224),(921,1224),(921,1301)
"156|"bounds: (878,1222),(878,1166),(921,1166),(921,1222)
"]E"bounds: (878,1163),(878,1122),(922,1122),(922,1163)
"1"bounds: (879,1119),(879,1093),(922,1093),(922,1119)
"I14I27"bounds: (881,1085),(881,955),(918,955),(918,1085)
"I3"bounds: (879,936),(879,887),(922,887),(922,936)
"77"bounds: (898,892),(898,861),(917,861),(917,892)
"CB"bounds: (880,844),(880,799),(923,799),(923,844)
"T["bounds: (881,786),(881,755),(916,755),(916,786)
"HTZd"bounds: (955,1301),(958,1220),(998,1222),(995,1303)
"157"bounds: (958,1218),(959,1185),(999,1187),(998,1220)
"I"bounds: (969,1158),(969,1157),(989,1158),(989,1159)
"ABEA"bounds: (966,1143),(970,1046),(1007,1048),(1003,1145)
"Ý"bounds: (1049,911),(1049,895),(1072,895),(1072,911)
"Ze"bounds: (1049,893),(1049,867),(1072,867),(1072,893)
"Inscriptions"bounds: (1049,847),(1049,738),(1073,738),(1073,847)
"Aur"bounds: (1057,725),(1057,693),(1067,693),(1067,725)
"supports"bounds: (1054,676),(1054,601),(1074,601),(1074,676)
"anchi"bounds: (1053,594),(1053,549),(1068,549),(1068,594)
"techuranx"bounds: (1054,546),(1054,470),(1067,470),(1067,546)
"en"bounds: (1061,459),(1061,441),(1067,441),(1067,459)
"L"bounds: (1209,1235),(1209,1241),(1198,1241),(1198,1235)
"UW"bounds: (1209,1273),(1209,1283),(1198,1283),(1198,1273)
"に"bounds: (1206,1052),(1206,1065),(1194,1065),(1194,1052)
"\"bounds: (1206,1081),(1206,1096),(1193,1096),(1193,1081)
"/"bounds: (1205,1103),(1205,1109),(1194,1109),(1194,1103)
"じ"bounds: (1211,1127),(1211,1143),(1194,1143),(1194,1127)
"ン"bounds: (1210,1145),(1210,1146),(1193,1146),(1193,1145)