Texts:

"58
781- 58 -03
*ZA 13.13
03-01- 58 -37
н 104.3-41
++ En
*HT 104.3-41
03-02- 58 -37
59-06- 58 -04/ 1-44
PR Za la
...
333-07- 58 -77
HT Wc 3009.a?
08-31- 58 -80-28-09
GO WC la.1-32
08-41- 58 -11-08
KH 9.13
40-57- 58 -80-37-37
*IT zd 157
40-57- 58 -80-37-37-319
HT Zd 1574
333-07-06- 58 -77
HT Wc 30102
7-69-09- 58 -67
HT Zb 158a4
758
HT 115al. 71'
KH 24.13 63.13
F
+F e
ZA 16.43
*HT 104.3-4
G
03-01- 58
57-01- 58 /
KH 74.13
++ e
HT 20.1' *104.3-4
03-02- 58
08- 58 /
*KH 73.33
HT 117a.2
10- 58
JY PC
727- 58
HT 37.21
81-30- 58
HT 10a.1 86a.1-2,bL 1-21
95a.5,b.3
08-53- 58
HT 118.3'
KN(?) 32b.3'
*IT 11a.1
7-57- 58
08-26-60- 58
69- 58
PK 1.6-71
60-06-69- 58
PK 1.61
79- 58
HT 1.21
A 540
H
58 +73
KN 28b.3'
A 593
所C
ZA Sa. 13
'131a' '58'
A 660
413VAS, 58
MA 10a
234
"bounds: (61,97),(1156,97),(1156,1530),(61,1530)
"58"bounds: (1138,97),(1156,97),(1156,109),(1138,109)
"781-"bounds: (576,158),(616,158),(616,180),(576,180)
"58"bounds: (625,162),(643,162),(643,178),(625,178)
"-03"bounds: (651,159),(692,159),(692,178),(651,178)
"*ZA"bounds: (811,158),(837,158),(837,174),(811,174)
"13.13"bounds: (847,156),(886,156),(886,174),(847,174)
"03-01-"bounds: (567,196),(616,196),(616,206),(567,206)
"58"bounds: (627,196),(641,196),(641,206),(627,206)
"-37"bounds: (651,197),(674,197),(674,207),(651,207)
"н"bounds: (811,197),(827,196),(827,207),(811,208)
"104.3-41"bounds: (838,191),(901,188),(902,208),(839,211)
"++"bounds: (247,221),(280,221),(280,248),(247,248)
"En"bounds: (296,221),(332,221),(332,248),(296,248)
"*HT"bounds: (811,226),(835,226),(835,241),(811,241)
"104.3-41"bounds: (847,223),(909,223),(909,242),(847,242)
"03-02-"bounds: (567,228),(616,229),(616,241),(567,240)
"58"bounds: (627,229),(641,229),(641,239),(627,239)
"-37"bounds: (651,230),(674,230),(674,239),(651,239)
"59-06-"bounds: (568,262),(616,263),(616,273),(568,272)
"58"bounds: (625,262),(643,262),(643,278),(625,278)
"-04/"bounds: (652,258),(692,259),(692,277),(652,276)
"1-44"bounds: (702,260),(741,261),(741,280),(702,279)
"PR"bounds: (812,264),(827,264),(827,275),(812,275)
"Za"bounds: (837,264),(852,264),(852,274),(837,274)
"la"bounds: (863,260),(876,260),(876,276),(863,276)
"..."bounds: (661,274),(683,274),(683,282),(661,282)
"333-07-"bounds: (559,296),(616,297),(616,307),(559,306)
"58"bounds: (626,296),(641,296),(641,307),(626,307)
"-77"bounds: (651,297),(674,297),(674,306),(651,306)
"HT"bounds: (810,298),(827,297),(827,307),(810,308)
"Wc"bounds: (836,298),(851,297),(851,308),(836,309)
"3009.a?"bounds: (862,291),(919,289),(920,308),(863,310)
"08-31-"bounds: (566,330),(615,330),(615,340),(566,340)
"58"bounds: (626,330),(640,330),(640,340),(626,340)
"-80-28-09"bounds: (651,329),(725,329),(725,341),(651,341)
"GO"bounds: (811,330),(827,329),(827,341),(811,342)
"WC"bounds: (836,327),(859,326),(860,344),(837,345)
"la.1-32"bounds: (863,326),(919,324),(920,341),(864,343)
"08-41-"bounds: (566,363),(616,363),(616,373),(566,373)
"58"bounds: (626,363),(640,363),(640,372),(626,372)
"-11-08"bounds: (651,362),(700,362),(700,373),(651,373)
"KH"bounds: (811,365),(827,364),(828,375),(812,376)
"9.13"bounds: (836,359),(868,357),(869,374),(837,376)
"40-57-"bounds: (567,396),(615,396),(615,406),(567,406)
"58"bounds: (626,396),(640,396),(640,407),(626,407)
"-80-37-37"bounds: (651,395),(724,396),(724,408),(651,407)
"*IT"bounds: (811,392),(835,392),(835,409),(811,409)
"zd"bounds: (846,398),(860,398),(860,409),(846,409)
"157"bounds: (869,391),(894,391),(894,413),(869,413)
"40-57-"bounds: (567,430),(615,430),(615,439),(567,439)
"58"bounds: (626,430),(640,430),(640,440),(626,440)
"-80-37-37-319"bounds: (651,430),(758,430),(758,440),(651,440)
"HT"bounds: (810,432),(826,431),(826,442),(810,443)
"Zd"bounds: (836,432),(851,431),(851,442),(836,443)
"1574"bounds: (863,426),(894,425),(895,443),(864,444)
"333-07-06-"bounds: (534,463),(615,463),(615,473),(534,473)
"58"bounds: (627,464),(640,464),(640,473),(627,473)
"-77"bounds: (651,464),(674,464),(674,473),(651,473)
"HT"bounds: (810,465),(826,464),(827,476),(811,477)
"Wc"bounds: (833,460),(858,458),(859,478),(835,480)
"30102"bounds: (861,460),(902,457),(903,475),(862,478)
"7-69-09-"bounds: (541,491),(620,491),(620,513),(541,513)
"58"bounds: (624,497),(642,497),(642,512),(624,512)
"-67"bounds: (651,497),(674,497),(674,507),(651,507)
"HT"bounds: (810,498),(826,497),(827,509),(811,510)
"Zb"bounds: (836,498),(851,497),(852,509),(837,510)
"158a4"bounds: (863,494),(901,492),(902,509),(864,511)
"758"bounds: (609,526),(642,526),(642,545),(609,545)
"HT"bounds: (811,532),(826,532),(826,542),(811,542)
"115al."bounds: (835,526),(887,526),(887,550),(835,550)
"71'"bounds: (888,526),(908,526),(908,550),(888,550)
"KH"bounds: (811,566),(826,566),(826,577),(811,577)
"24.13"bounds: (837,559),(876,558),(876,577),(837,578)
"63.13"bounds: (887,559),(926,558),(926,577),(887,578)
"F"bounds: (441,529),(447,529),(447,539),(441,539)
"+F"bounds: (241,612),(303,613),(302,644),(240,643)
"e"bounds: (305,613),(314,613),(313,644),(304,644)
"ZA"bounds: (810,599),(825,598),(826,610),(811,611)
"16.43"bounds: (837,592),(877,589),(878,608),(838,611)
"*HT"bounds: (810,619),(834,619),(834,634),(810,634)
"104.3-4"bounds: (843,615),(901,615),(901,638),(843,638)
"G"bounds: (440,622),(447,622),(447,632),(440,632)
"03-01-"bounds: (567,624),(615,624),(615,633),(567,633)
"58"bounds: (626,624),(640,624),(640,633),(626,633)
"57-01-"bounds: (567,655),(615,656),(615,667),(567,666)
"58"bounds: (625,653),(640,653),(640,670),(625,670)
"/"bounds: (650,654),(665,654),(665,670),(650,670)
"KH"bounds: (810,658),(826,657),(827,668),(811,669)
"74.13"bounds: (837,652),(876,649),(877,666),(838,669)
"++"bounds: (245,679),(280,680),(280,705),(245,704)
"e"bounds: (293,682),(307,682),(307,704),(293,704)
"HT"bounds: (811,690),(827,691),(827,702),(811,701)
"20.1'"bounds: (838,681),(875,682),(874,702),(837,701)
"*104.3-4"bounds: (881,681),(954,684),(953,714),(880,711)
"03-02-"bounds: (566,689),(615,689),(615,700),(566,700)
"58"bounds: (626,690),(641,690),(641,701),(626,701)
"08-"bounds: (591,722),(615,722),(615,732),(591,732)
"58"bounds: (626,722),(640,722),(640,732),(626,732)
"/"bounds: (650,719),(665,719),(665,734),(650,734)
"*KH"bounds: (810,717),(835,717),(835,733),(810,733)
"73.33"bounds: (845,715),(884,715),(884,733),(845,733)
"HT"bounds: (810,759),(825,758),(826,769),(811,770)
"117a.2"bounds: (835,752),(884,749),(885,771),(836,774)
"10-"bounds: (592,758),(615,758),(615,767),(592,767)
"58"bounds: (626,757),(640,757),(640,767),(626,767)
"JY"bounds: (258,781),(286,781),(286,805),(258,805)
"PC"bounds: (293,781),(319,781),(319,805),(293,805)
"727-"bounds: (575,786),(615,787),(614,806),(574,805)
"58"bounds: (624,791),(642,792),(641,807),(623,806)
"HT"bounds: (808,792),(825,791),(825,802),(809,803)
"37.21"bounds: (835,786),(874,784),(875,802),(836,804)
"81-30-"bounds: (566,823),(615,824),(615,835),(566,834)
"58"bounds: (626,824),(642,824),(642,838),(626,838)
"HT"bounds: (810,826),(825,826),(825,836),(810,836)
"10a.1"bounds: (837,826),(874,826),(874,837),(837,837)
"86a.1-2,bL"bounds: (893,821),(982,820),(982,841),(893,842)
"1-21"bounds: (988,820),(1022,820),(1022,841),(988,841)
"95a.5,b.3"bounds: (835,860),(908,857),(909,874),(836,877)
"08-53-"bounds: (566,891),(615,893),(615,904),(566,902)
"58"bounds: (625,892),(641,893),(641,906),(625,905)
"HT"bounds: (809,894),(825,893),(825,903),(809,904)
"118.3'"bounds: (837,887),(882,885),(883,905),(838,907)
"KN(?)"bounds: (810,926),(848,923),(849,940),(811,943)
"32b.3'"bounds: (860,922),(907,919),(908,937),(861,940)
"*IT"bounds: (809,955),(833,955),(833,971),(809,971)
"11a.1"bounds: (845,953),(890,953),(890,972),(845,972)
"7-57-"bounds: (566,922),(614,922),(614,940),(566,940)
"58"bounds: (624,926),(641,926),(641,941),(624,941)
"08-26-60-"bounds: (540,958),(614,959),(614,971),(540,970)
"58"bounds: (625,960),(639,960),(639,969),(625,969)
"69-"bounds: (592,993),(614,993),(614,1003),(592,1003)
"58"bounds: (625,993),(639,993),(639,1003),(625,1003)
"PK"bounds: (809,995),(825,994),(826,1005),(810,1006)
"1.6-71"bounds: (835,990),(881,987),(882,1005),(836,1008)
"60-06-69-"bounds: (541,1026),(614,1027),(614,1038),(541,1037)
"58"bounds: (625,1026),(639,1026),(639,1036),(625,1036)
"PK"bounds: (809,1028),(825,1027),(826,1039),(810,1040)
"1.61"bounds: (837,1022),(866,1020),(867,1038),(838,1040)
"79-"bounds: (592,1060),(615,1061),(615,1071),(592,1070)
"58"bounds: (625,1060),(639,1061),(639,1071),(625,1070)
"HT"bounds: (809,1061),(825,1061),(825,1072),(809,1072)
"1.21"bounds: (836,1054),(864,1053),(864,1071),(836,1072)
"A"bounds: (204,1116),(212,1116),(212,1131),(204,1131)
"540"bounds: (211,1120),(234,1120),(234,1130),(211,1130)
"H"bounds: (438,1126),(446,1126),(446,1136),(438,1136)
"58"bounds: (625,1127),(639,1127),(639,1137),(625,1137)
"+73"bounds: (650,1128),(673,1128),(673,1138),(650,1138)
"KN"bounds: (809,1129),(825,1128),(825,1139),(809,1140)
"28b.3'"bounds: (835,1122),(881,1120),(882,1139),(836,1141)
"A"bounds: (201,1150),(209,1150),(209,1165),(201,1165)
"593"bounds: (211,1153),(233,1153),(233,1164),(211,1164)
"所"bounds: (269,1151),(285,1151),(285,1173),(269,1173)
"C"bounds: (289,1151),(299,1151),(299,1173),(289,1173)
"ZA"bounds: (809,1163),(823,1162),(824,1173),(810,1174)
"Sa."bounds: (834,1163),(854,1161),(855,1172),(835,1174)
"13"bounds: (860,1155),(874,1154),(875,1173),(861,1174)
"'131a'"bounds: (569,1160),(614,1160),(614,1171),(569,1171)
"'58'"bounds: (621,1162),(644,1162),(644,1172),(621,1172)
"A"bounds: (202,1183),(212,1183),(212,1199),(202,1199)
"660"bounds: (210,1187),(233,1187),(233,1198),(210,1198)
"413VAS,"bounds: (557,1186),(615,1188),(614,1206),(556,1204)
"58"bounds: (625,1195),(640,1196),(640,1206),(625,1205)
"MA"bounds: (808,1196),(823,1195),(824,1208),(809,1209)
"10a"bounds: (833,1192),(859,1190),(860,1208),(834,1210)
"234"bounds: (61,1511),(98,1511),(98,1530),(61,1530)