Texts:

"INTRODUCTION
I. ABRÉVIATIONS BIBLIOGRAPHIQUES
Alexiou 1963 : St. ALEXIOU, « Eine neue Linear A-Inschrift aus Kreta »,
Кadmos, 2 (1963), р. 14-16.
Alexiou-Brice 1972 St. ALEXIOU - W. C. BRICE, « A Silver Pin from Mavro
Spelio with an Inscription in Linear A : Her. Mus. 540 »,
Кadтos, 11 (1972), р. 113-124.
Alexiou-Brice 1976 St. ALEXIOU - W. C. BRICE, « A Silver Pin from
Platanos with an Inscription in Linear A : Her. Mus.
498 », Каdmos, 15 (1976), р. 18-27.
Boardman 1958 : J. BOARDMAN, « Unpublished Linear A Inscriptions in
Oxford », Bulletin of the Institute of Classical Studies of
the University of London, 5 (1958), p. 11-12, pl. III-IV.
Boardman 1961 J. BOARDMAN, The Cretan Collection in Oxford (Oxford
1961).
Borda 1946 : M. BORDA, Arte cretese-micenea nel museo Pigorini di Roma
(Rome 1946).
Brice 1961: W. C. BRICE, Inscriptions in the Minoan Linear Script of Class A
(Oxford 1961).
Cameron 1965 : M. A. S. CAMERON, « Four Fragments of Wall Paintings
with Linear A Inscriptions », Kadmos, 4 (1965), p. 7-15.
Caskey 1970 : J. L. CASKEY, « Inscriptions and Potters' Marks from Ayia
Irini in Keos », Кadmos, 9 (1970), р. 107-117.
Chadwick-Hood 1962 J. CHADWICK M. S. F. HooD, « Two Linear A
Inscriptions from Knossos », Annual of the British
School at Athens, 57 (1962), p. 73-74, pl. 20.
"bounds: (169,407),(971,407),(971,1348),(169,1348)
"INTRODUCTION"bounds: (471,407),(666,407),(666,423),(471,423)
"I."bounds: (376,501),(402,501),(402,520),(376,520)
"ABRÉVIATIONS"bounds: (401,502),(552,503),(552,520),(401,519)
"BIBLIOGRAPHIQUES"bounds: (569,505),(765,507),(765,522),(569,520)
"Alexiou"bounds: (169,574),(249,574),(249,591),(169,591)
"1963"bounds: (262,573),(308,573),(308,590),(262,590)
":"bounds: (327,570),(338,570),(338,594),(327,594)
"St."bounds: (340,573),(366,573),(366,590),(340,590)
"ALEXIOU,"bounds: (382,570),(488,570),(488,594),(382,594)
"«"bounds: (493,579),(499,579),(499,589),(493,589)
"Eine"bounds: (509,573),(555,573),(555,589),(509,589)
"neue"bounds: (569,580),(615,580),(615,589),(569,589)
"Linear"bounds: (629,573),(696,573),(696,589),(629,589)
"A-Inschrift"bounds: (709,573),(826,573),(826,589),(709,589)
"aus"bounds: (839,579),(871,579),(871,589),(839,589)
"Kreta"bounds: (886,573),(945,573),(945,589),(886,589)
"»,"bounds: (954,578),(966,578),(966,594),(954,594)
"Кadmos,"bounds: (365,604),(453,603),(453,624),(365,625)
"2"bounds: (470,604),(479,604),(479,620),(470,620)
"(1963),"bounds: (497,604),(565,604),(565,626),(497,626)
"р."bounds: (583,610),(599,610),(599,626),(583,626)
"14-16."bounds: (618,603),(678,603),(678,620),(618,620)
"Alexiou-Brice"bounds: (169,640),(312,640),(312,657),(169,657)
"1972"bounds: (323,640),(368,640),(368,657),(323,657)
"St."bounds: (393,640),(418,640),(418,656),(393,656)
"ALEXIOU"bounds: (430,640),(520,640),(520,656),(430,656)
"-"bounds: (533,637),(543,637),(543,660),(533,660)
"W."bounds: (546,640),(574,640),(574,656),(546,656)
"C."bounds: (585,640),(603,640),(603,656),(585,656)
"BRICE,"bounds: (614,640),(681,640),(681,660),(614,660)
"«"bounds: (692,645),(698,645),(698,656),(692,656)
"A"bounds: (708,640),(722,640),(722,656),(708,656)
"Silver"bounds: (732,639),(791,639),(791,656),(732,656)
"Pin"bounds: (802,639),(834,639),(834,656),(802,656)
"from"bounds: (844,639),(891,639),(891,656),(844,656)
"Mavro"bounds: (902,640),(967,640),(967,656),(902,656)
"Spelio"bounds: (366,671),(427,671),(427,693),(366,693)
"with"bounds: (439,671),(483,671),(483,688),(439,688)
"an"bounds: (495,678),(518,678),(518,687),(495,687)
"Inscription"bounds: (532,671),(645,671),(645,692),(532,692)
"in"bounds: (656,671),(674,671),(674,687),(656,687)
"Linear"bounds: (686,670),(753,670),(753,687),(686,687)
"A"bounds: (765,670),(776,670),(776,686),(765,686)
":"bounds: (785,668),(795,668),(795,691),(785,691)
"Her."bounds: (803,671),(844,671),(844,687),(803,687)
"Mus."bounds: (855,671),(901,671),(901,687),(855,687)
"540"bounds: (912,671),(946,671),(946,687),(912,687)
"»,"bounds: (955,676),(966,676),(966,691),(955,691)
"Кadтos,"bounds: (366,703),(454,702),(454,723),(366,724)
"11"bounds: (468,702),(488,702),(488,718),(468,718)
"(1972),"bounds: (503,702),(571,701),(571,723),(503,724)
"р."bounds: (585,709),(602,709),(602,724),(585,724)
"113-124."bounds: (617,702),(701,701),(701,719),(617,720)
"Alexiou-Brice"bounds: (169,738),(312,738),(312,755),(169,755)
"1976"bounds: (331,737),(377,737),(377,754),(331,754)
"St."bounds: (415,738),(441,738),(441,754),(415,754)
"ALEXIOU"bounds: (460,737),(552,737),(552,753),(460,753)
"-"bounds: (563,734),(572,734),(572,756),(563,756)
"W."bounds: (577,737),(605,737),(605,753),(577,753)
"C."bounds: (632,734),(648,734),(648,756),(632,756)
"BRICE,"bounds: (659,737),(727,737),(727,756),(659,756)
"«"bounds: (747,734),(763,734),(763,756),(747,756)
"A"bounds: (761,737),(775,737),(775,753),(761,753)
"Silver"bounds: (793,737),(852,737),(852,753),(793,753)
"Pin"bounds: (869,737),(903,737),(903,753),(869,753)
"from"bounds: (920,737),(968,737),(968,753),(920,753)
"Platanos"bounds: (366,769),(456,769),(456,785),(366,785)
"with"bounds: (472,768),(518,768),(518,784),(472,784)
"an"bounds: (534,775),(557,775),(557,785),(534,785)
"Inscription"bounds: (576,768),(688,768),(688,790),(576,790)
"in"bounds: (704,768),(722,768),(722,784),(704,784)
"Linear"bounds: (736,768),(803,768),(803,784),(736,784)
"A"bounds: (816,768),(831,768),(831,784),(816,784)
":"bounds: (850,765),(864,765),(864,790),(850,790)
"Her."bounds: (863,768),(906,768),(906,784),(863,784)
"Mus."bounds: (921,768),(967,768),(967,784),(921,784)
"498"bounds: (366,799),(401,799),(401,816),(366,816)
"»,"bounds: (410,805),(421,805),(421,820),(410,820)
"Каdmos,"bounds: (437,800),(524,800),(524,820),(437,820)
"15"bounds: (539,799),(560,799),(560,815),(539,815)
"(1976),"bounds: (575,799),(643,799),(643,821),(575,821)
"р."bounds: (657,806),(674,806),(674,821),(657,821)
"18-27."bounds: (690,799),(749,799),(749,815),(690,815)
"Boardman"bounds: (169,836),(278,836),(278,852),(169,852)
"1958"bounds: (293,835),(339,835),(339,851),(293,851)
":"bounds: (354,832),(364,832),(364,857),(354,857)
"J."bounds: (372,835),(388,835),(388,851),(372,851)
"BOARDMAN,"bounds: (403,835),(524,835),(524,855),(403,855)
"«"bounds: (539,840),(545,840),(545,851),(539,851)
"Unpublished"bounds: (555,835),(685,835),(685,856),(555,856)
"Linear"bounds: (702,835),(769,835),(769,851),(702,851)
"A"bounds: (783,835),(797,835),(797,850),(783,850)
"Inscriptions"bounds: (814,834),(936,834),(936,856),(814,856)
"in"bounds: (950,834),(968,834),(968,850),(950,850)
"Oxford"bounds: (366,866),(438,866),(438,882),(366,882)
"»,"bounds: (447,871),(459,871),(459,886),(447,886)
"Bulletin"bounds: (475,865),(555,865),(555,882),(475,882)
"of"bounds: (567,865),(587,865),(587,886),(567,886)
"the"bounds: (597,866),(623,866),(623,882),(597,882)
"Institute"bounds: (637,865),(722,865),(722,882),(637,882)
"of"bounds: (734,865),(754,865),(754,886),(734,886)
"Classical"bounds: (764,865),(854,865),(854,882),(764,882)
"Studies"bounds: (867,865),(939,865),(939,882),(867,882)
"of"bounds: (952,865),(971,865),(971,886),(952,886)
"the"bounds: (366,897),(392,897),(392,913),(366,913)
"University"bounds: (408,896),(512,896),(512,918),(408,918)
"of"bounds: (524,896),(544,896),(544,918),(524,918)
"London,"bounds: (554,896),(635,896),(635,917),(554,917)
"5"bounds: (649,896),(658,896),(658,913),(649,913)
"(1958),"bounds: (672,896),(740,896),(740,918),(672,918)
"p."bounds: (753,903),(770,903),(770,918),(753,918)
"11-12,"bounds: (784,896),(844,896),(844,917),(784,917)
"pl."bounds: (858,897),(881,897),(881,918),(858,918)
"III-IV."bounds: (897,896),(967,896),(967,913),(897,913)
"Boardman"bounds: (170,933),(279,933),(279,950),(170,950)
"1961"bounds: (293,933),(338,933),(338,949),(293,949)
"J."bounds: (370,933),(386,933),(386,949),(370,949)
"BOARDMAN,"bounds: (400,933),(521,933),(521,953),(400,953)
"The"bounds: (537,932),(573,932),(573,948),(537,948)
"Cretan"bounds: (586,932),(652,932),(652,948),(586,948)
"Collection"bounds: (665,932),(762,932),(762,948),(665,948)
"in"bounds: (776,932),(795,932),(795,948),(776,948)
"Oxford"bounds: (808,932),(875,932),(875,953),(808,953)
"(Oxford"bounds: (889,932),(967,932),(967,953),(889,953)
"1961)."bounds: (368,962),(428,963),(427,985),(367,984)
"Borda"bounds: (170,1000),(232,1000),(232,1016),(170,1016)
"1946"bounds: (246,999),(292,999),(292,1015),(246,1015)
":"bounds: (305,1006),(307,1006),(307,1015),(305,1015)
"M."bounds: (322,999),(345,999),(345,1015),(322,1015)
"BORDA,"bounds: (358,999),(435,999),(435,1019),(358,1019)
"Arte"bounds: (449,999),(491,999),(491,1015),(449,1015)
"cretese-micenea"bounds: (503,998),(656,998),(656,1015),(503,1015)
"nel"bounds: (669,998),(697,998),(697,1014),(669,1014)
"museo"bounds: (710,1005),(769,1005),(769,1014),(710,1014)
"Pigorini"bounds: (782,998),(868,998),(868,1019),(782,1019)
"di"bounds: (881,998),(899,998),(899,1014),(881,1014)
"Roma"bounds: (911,998),(970,998),(970,1014),(911,1014)
"(Rome"bounds: (368,1030),(436,1030),(436,1052),(368,1052)
"1946)."bounds: (453,1029),(512,1029),(512,1051),(453,1051)
"Brice"bounds: (170,1066),(223,1066),(223,1082),(170,1082)
"1961:"bounds: (232,1065),(289,1065),(289,1082),(232,1082)
"W."bounds: (298,1066),(327,1066),(327,1082),(298,1082)
"C."bounds: (336,1065),(354,1065),(354,1082),(336,1082)
"BRICE,"bounds: (363,1065),(431,1065),(431,1086),(363,1086)
"Inscriptions"bounds: (441,1065),(564,1065),(564,1087),(441,1087)
"in"bounds: (573,1065),(592,1065),(592,1081),(573,1081)
"the"bounds: (600,1065),(626,1065),(626,1081),(600,1081)
"Minoan"bounds: (635,1065),(716,1065),(716,1081),(635,1081)
"Linear"bounds: (724,1064),(791,1064),(791,1081),(724,1081)
"Script"bounds: (800,1064),(860,1064),(860,1086),(800,1086)
"of"bounds: (866,1061),(887,1061),(887,1087),(866,1087)
"Class"bounds: (893,1061),(945,1061),(945,1087),(893,1087)
"A"bounds: (953,1065),(968,1065),(968,1081),(953,1081)
"(Oxford"bounds: (368,1096),(447,1095),(447,1117),(368,1118)
"1961)."bounds: (467,1096),(527,1096),(527,1118),(467,1118)
"Cameron"bounds: (171,1133),(263,1133),(263,1149),(171,1149)
"1965"bounds: (277,1132),(322,1132),(322,1148),(277,1148)
":"bounds: (339,1128),(355,1128),(355,1154),(339,1154)
"M."bounds: (354,1132),(377,1132),(377,1148),(354,1148)
"A."bounds: (391,1132),(412,1132),(412,1148),(391,1148)
"S."bounds: (426,1132),(443,1132),(443,1148),(426,1148)
"CAMERON,"bounds: (457,1132),(562,1132),(562,1152),(457,1152)
"«"bounds: (575,1137),(582,1137),(582,1147),(575,1147)
"Four"bounds: (592,1132),(640,1132),(640,1148),(592,1148)
"Fragments"bounds: (654,1131),(765,1131),(765,1153),(654,1153)
"of"bounds: (779,1131),(797,1131),(797,1147),(779,1147)
"Wall"bounds: (810,1131),(858,1131),(858,1147),(810,1147)
"Paintings"bounds: (871,1131),(969,1131),(969,1153),(871,1153)
"with"bounds: (367,1163),(413,1163),(413,1179),(367,1179)
"Linear"bounds: (425,1163),(492,1163),(492,1179),(425,1179)
"A"bounds: (503,1163),(518,1163),(518,1179),(503,1179)
"Inscriptions"bounds: (532,1162),(654,1162),(654,1184),(532,1184)
"»,"bounds: (664,1167),(676,1167),(676,1183),(664,1183)
"Kadmos,"bounds: (688,1162),(776,1162),(776,1183),(688,1183)
"4"bounds: (789,1162),(798,1162),(798,1178),(789,1178)
"(1965),"bounds: (810,1162),(879,1162),(879,1184),(810,1184)
"p."bounds: (891,1168),(908,1168),(908,1184),(891,1184)
"7-15."bounds: (921,1162),(969,1162),(969,1178),(921,1178)
"Caskey"bounds: (171,1199),(244,1199),(244,1220),(171,1220)
"1970"bounds: (257,1198),(303,1198),(303,1215),(257,1215)
":"bounds: (315,1205),(317,1205),(317,1214),(315,1214)
"J."bounds: (331,1198),(347,1198),(347,1214),(331,1214)
"L."bounds: (361,1198),(380,1198),(380,1214),(361,1214)
"CASKEY,"bounds: (393,1198),(480,1198),(480,1219),(393,1219)
"«"bounds: (492,1203),(498,1203),(498,1214),(492,1214)
"Inscriptions"bounds: (510,1197),(632,1197),(632,1220),(510,1220)
"and"bounds: (644,1198),(681,1198),(681,1214),(644,1214)
"Potters'"bounds: (694,1197),(774,1197),(774,1214),(694,1214)
"Marks"bounds: (788,1197),(850,1197),(850,1214),(788,1214)
"from"bounds: (862,1197),(910,1197),(910,1213),(862,1213)
"Ayia"bounds: (922,1197),(970,1197),(970,1219),(922,1219)
"Irini"bounds: (369,1229),(413,1229),(413,1245),(369,1245)
"in"bounds: (428,1229),(446,1229),(446,1245),(428,1245)
"Keos"bounds: (462,1229),(511,1229),(511,1245),(462,1245)
"»,"bounds: (521,1234),(533,1234),(533,1249),(521,1249)
"Кadmos,"bounds: (550,1228),(637,1228),(637,1249),(550,1249)
"9"bounds: (653,1228),(663,1228),(663,1244),(653,1244)
"(1970),"bounds: (679,1228),(747,1228),(747,1250),(679,1250)
"р."bounds: (763,1235),(780,1235),(780,1250),(763,1250)
"107-117."bounds: (797,1228),(881,1228),(881,1244),(797,1244)
"Chadwick-Hood"bounds: (172,1264),(340,1264),(340,1281),(172,1281)
"1962"bounds: (357,1264),(402,1264),(402,1281),(357,1281)
"J."bounds: (439,1264),(455,1264),(455,1280),(439,1280)
"CHADWICK"bounds: (472,1264),(582,1264),(582,1280),(472,1280)
"M."bounds: (607,1264),(630,1264),(630,1280),(607,1280)
"S."bounds: (648,1261),(675,1261),(675,1285),(648,1285)
"F."bounds: (681,1264),(700,1264),(700,1280),(681,1280)
"HooD,"bounds: (717,1264),(782,1264),(782,1284),(717,1284)
"«"bounds: (798,1269),(804,1269),(804,1280),(798,1280)
"Two"bounds: (814,1264),(857,1264),(857,1280),(814,1280)
"Linear"bounds: (873,1263),(940,1263),(940,1280),(873,1280)
"A"bounds: (955,1263),(970,1263),(970,1279),(955,1279)
"Inscriptions"bounds: (370,1295),(492,1294),(492,1316),(370,1317)
"from"bounds: (515,1295),(563,1295),(563,1311),(515,1311)
"Knossos"bounds: (587,1295),(670,1295),(670,1312),(587,1312)
"»,"bounds: (679,1299),(691,1299),(691,1315),(679,1315)
"Annual"bounds: (714,1294),(791,1294),(791,1311),(714,1311)
"of"bounds: (813,1294),(833,1294),(833,1314),(813,1314)
"the"bounds: (852,1294),(878,1294),(878,1310),(852,1310)
"British"bounds: (901,1294),(971,1294),(971,1311),(901,1311)
"School"bounds: (368,1326),(432,1326),(432,1342),(368,1342)
"at"bounds: (443,1330),(461,1330),(461,1342),(443,1342)
"Athens,"bounds: (472,1326),(548,1326),(548,1347),(472,1347)
"57"bounds: (561,1326),(582,1326),(582,1342),(561,1342)
"(1962),"bounds: (596,1325),(664,1325),(664,1347),(596,1347)
"p."bounds: (678,1332),(694,1332),(694,1348),(678,1348)
"73-74,"bounds: (708,1325),(769,1325),(769,1346),(708,1346)
"pl."bounds: (782,1326),(806,1326),(806,1348),(782,1348)
"20."bounds: (819,1325),(847,1325),(847,1342),(819,1342)