Texts:

"122
A LA7
ARKH 3a.2,*b.43
122
HT 14.2.5' 21.4' 44a.3' 50a.41
58.3' 91.3' 101.61 116a.4
123a.1.3.4.6.7' 131b.3' 154A. 21
SY Za 2a5
ZA 6a.3.4.7 11a.6,b.2a 18a.23
7122
TY 3a.41
В
A 518
128''122'
ZA 11b. 2a
H
A 587
HT 50a.4' 101.6 116a.5'
122 +69
123
ヤ台非
HT 96a.2
E
08- 123 -04
51- 123 -08
HT 15.1'
G
ZA 20.33
04- 123
708-13- 123
KH 53.13
59-28- 123
HT 9a.4-5,b.4' 39,1'
276
"bounds: (65,288),(1111,288),(1111,1527),(65,1527)
"122"bounds: (692,289),(748,288),(748,318),(692,319)
"A"bounds: (444,464),(452,464),(452,475),(444,475)
"LA7"bounds: (462,462),(505,463),(504,484),(461,483)
"ARKH"bounds: (822,470),(856,469),(856,479),(822,480)
"3a.2,*b.43"bounds: (866,464),(948,462),(948,481),(866,483)
"122"bounds: (640,468),(662,468),(662,477),(640,477)
"HT"bounds: (823,503),(839,503),(839,513),(823,513)
"14.2.5'"bounds: (851,496),(904,496),(904,515),(851,515)
"21.4'"bounds: (918,495),(954,495),(954,515),(918,515)
"44a.3'"bounds: (968,495),(1014,495),(1014,514),(968,514)
"50a.41"bounds: (1027,496),(1073,496),(1073,515),(1027,515)
"58.3'"bounds: (850,529),(887,529),(887,547),(850,547)
"91.3'"bounds: (900,529),(937,529),(937,548),(900,548)
"101.61"bounds: (952,530),(996,530),(996,549),(952,549)
"116a.4"bounds: (1006,529),(1060,529),(1060,552),(1006,552)
"123a.1.3.4.6.7'"bounds: (850,560),(971,561),(971,582),(850,581)
"131b.3'"bounds: (986,562),(1039,562),(1039,581),(986,581)
"154A."bounds: (1051,561),(1090,561),(1090,585),(1051,585)
"21"bounds: (1092,561),(1111,561),(1111,585),(1092,585)
"SY"bounds: (824,596),(855,594),(856,614),(825,616)
"Za"bounds: (857,595),(878,594),(879,613),(858,614)
"2a5"bounds: (884,595),(911,594),(912,612),(885,613)
"ZA"bounds: (822,632),(837,632),(837,642),(822,642)
"6a.3.4.7"bounds: (848,624),(921,624),(921,643),(848,643)
"11a.6,b.2a"bounds: (929,622),(1015,622),(1015,646),(929,646)
"18a.23"bounds: (1034,624),(1081,624),(1081,643),(1034,643)
"7122"bounds: (626,657),(663,658),(662,680),(625,679)
"TY"bounds: (821,664),(837,663),(838,674),(822,675)
"3a.41"bounds: (847,660),(887,657),(888,675),(848,678)
"В"bounds: (443,664),(450,664),(450,673),(443,673)
"A"bounds: (192,731),(201,731),(201,748),(192,748)
"518"bounds: (201,734),(223,734),(223,745),(201,745)
"128''122'"bounds: (596,730),(665,730),(665,740),(596,740)
"ZA"bounds: (825,732),(841,732),(841,743),(825,743)
"11b."bounds: (852,728),(886,728),(886,745),(852,745)
"2a"bounds: (888,729),(898,729),(898,746),(888,746)
"H"bounds: (444,737),(452,737),(452,746),(444,746)
"A"bounds: (193,765),(202,765),(202,781),(193,781)
"587"bounds: (201,768),(223,768),(223,778),(201,778)
"HT"bounds: (821,766),(837,766),(837,776),(821,776)
"50a.4'"bounds: (848,760),(894,759),(894,776),(848,777)
"101.6"bounds: (906,759),(948,758),(948,777),(906,778)
"116a.5'"bounds: (967,757),(1020,756),(1020,776),(967,777)
"122"bounds: (637,765),(660,764),(660,774),(637,775)
"+69"bounds: (670,765),(693,764),(693,774),(670,775)
"123"bounds: (686,917),(745,918),(745,949),(686,948)
"ヤ"bounds: (279,1022),(294,1022),(294,1044),(279,1044)
"台"bounds: (299,1021),(323,1021),(323,1047),(299,1047)
"非"bounds: (330,1022),(347,1022),(347,1046),(330,1046)
"HT"bounds: (821,1035),(837,1035),(837,1046),(821,1046)
"96a.2"bounds: (846,1031),(889,1030),(889,1047),(846,1048)
"E"bounds: (442,1035),(449,1035),(449,1045),(442,1045)
"08-"bounds: (603,1035),(627,1035),(627,1045),(603,1045)
"123"bounds: (636,1035),(660,1035),(660,1049),(636,1049)
"-04"bounds: (671,1036),(694,1036),(694,1045),(671,1045)
"51-"bounds: (604,1068),(627,1068),(627,1079),(604,1079)
"123"bounds: (638,1069),(660,1069),(660,1079),(638,1079)
"-08"bounds: (670,1069),(694,1069),(694,1079),(670,1079)
"HT"bounds: (820,1069),(837,1068),(838,1080),(821,1081)
"15.1'"bounds: (849,1065),(885,1062),(886,1079),(850,1082)
"G"bounds: (442,1102),(449,1102),(449,1112),(442,1112)
"ZA"bounds: (821,1104),(836,1103),(837,1114),(822,1115)
"20.33"bounds: (847,1098),(887,1095),(888,1113),(848,1116)
"04-"bounds: (603,1102),(627,1102),(627,1112),(603,1112)
"123"bounds: (638,1102),(660,1102),(660,1113),(638,1113)
"708-13-"bounds: (561,1133),(626,1133),(626,1150),(561,1150)
"123"bounds: (638,1137),(660,1137),(660,1150),(638,1150)
"KH"bounds: (821,1136),(837,1135),(838,1147),(822,1148)
"53.13"bounds: (847,1130),(887,1128),(888,1147),(848,1149)
"59-28-"bounds: (579,1169),(627,1170),(627,1182),(579,1181)
"123"bounds: (638,1170),(660,1170),(660,1181),(638,1181)
"HT"bounds: (821,1171),(837,1171),(837,1182),(821,1182)
"9a.4-5,b.4'"bounds: (847,1164),(935,1162),(936,1183),(848,1185)
"39,1'"bounds: (948,1165),(986,1164),(986,1181),(948,1182)
"276"bounds: (66,1505),(103,1507),(102,1527),(65,1525)