Texts:

"КН 29
2/14
2/141
-[3.40] x [5,00] x 1,00 cm .
rou à 2.3o cm de la cassure
gauche.
КН 30
-[4,30] x[4,80]x 0,90 om.
Coupée en bras
60
"bounds: (70,64),(1081,64),(1081,1525),(70,1525)
"КН"bounds: (79,64),(132,64),(132,85),(79,85)
"29"bounds: (134,65),(147,65),(147,86),(134,86)
"2/14"bounds: (326,240),(523,231),(526,308),(329,317)
"2/141"bounds: (824,220),(1019,226),(1016,310),(821,304)
"-[3.40]"bounds: (805,537),(879,539),(878,562),(804,560)
"x"bounds: (887,551),(894,551),(894,558),(887,558)
"[5,00]"bounds: (901,543),(963,545),(962,565),(900,563)
"x"bounds: (969,552),(976,552),(976,560),(969,560)
"1,00"bounds: (984,549),(1023,550),(1023,566),(984,565)
"cm"bounds: (1028,553),(1051,554),(1051,562),(1028,561)
"."bounds: (1053,545),(1059,545),(1058,570),(1052,570)
"rou"bounds: (817,571),(858,572),(857,589),(817,588)
"à"bounds: (869,579),(878,579),(878,589),(869,589)
"2.3o"bounds: (891,573),(940,574),(939,592),(890,591)
"cm"bounds: (942,575),(955,575),(955,592),(942,592)
"de"bounds: (966,579),(985,580),(985,591),(966,590)
"la"bounds: (996,576),(1016,577),(1016,592),(996,591)
"cassure"bounds: (1023,583),(1081,585),(1081,593),(1023,591)
"gauche."bounds: (816,601),(880,601),(880,626),(816,626)
"КН"bounds: (76,858),(135,858),(135,880),(76,880)
"30"bounds: (137,858),(155,858),(155,880),(137,880)
"-[4,30]"bounds: (843,1356),(909,1357),(908,1381),(842,1380)
"x[4,80]x"bounds: (917,1357),(1001,1359),(1000,1382),(916,1380)
"0,90"bounds: (1012,1363),(1053,1364),(1053,1380),(1012,1379)
"om."bounds: (1058,1370),(1079,1370),(1079,1378),(1058,1378)
"Coupée"bounds: (852,1398),(911,1396),(912,1415),(853,1417)
"en"bounds: (926,1402),(948,1401),(948,1409),(926,1410)
"bras"bounds: (963,1392),(990,1391),(991,1412),(964,1413)
"60"bounds: (70,1508),(94,1508),(94,1525),(70,1525)