Texts:

"XXXII
INSCRIPTIONS EN LINÉAIRE A
AB 22?
PH 31Ь.3
AB 22 m
PH 31 b.2 KH 6.5
(?)
АВ 23
HT 34 HT78 HT117a3KN Za 1oạ ZA 2 142ZAZ6 3.1 KH 65PLZP1
AB 23 m
do we 4! HT 30.4
АB 24
HT117 a.8 KH 53.1 HT13.6 KH 5.2 KNZ{ 31 ARKH1A.5
PK 1.4 PH 7a.3
"bounds: (191,79),(1140,79),(1140,1237),(191,1237)
"XXXII"bounds: (256,85),(305,85),(305,94),(256,94)
"INSCRIPTIONS"bounds: (522,83),(638,81),(638,92),(522,94)
"EN"bounds: (652,82),(673,82),(673,92),(652,92)
"LINÉAIRE"bounds: (686,80),(767,79),(767,92),(686,93)
"A"bounds: (780,82),(789,82),(789,91),(780,91)
"AB"bounds: (490,187),(540,184),(542,214),(492,217)
"22?"bounds: (557,180),(619,176),(621,212),(559,216)
"PH"bounds: (199,300),(269,301),(268,337),(198,336)
"31Ь.3"bounds: (271,301),(343,302),(342,339),(270,338)
"AB"bounds: (491,363),(537,362),(538,390),(492,391)
"22"bounds: (554,366),(591,365),(592,390),(555,391)
"m"bounds: (600,357),(624,356),(624,368),(600,369)
"PH"bounds: (192,476),(248,477),(247,512),(191,511)
"31"bounds: (251,477),(284,477),(283,512),(250,512)
"b.2"bounds: (289,479),(329,480),(329,510),(289,509)
"KH"bounds: (369,482),(411,483),(411,511),(369,510)
"6.5"bounds: (426,482),(473,483),(473,516),(426,515)
"(?)"bounds: (227,506),(268,507),(268,536),(227,535)
"АВ"bounds: (491,561),(569,563),(568,598),(490,596)
"23"bounds: (571,563),(598,564),(597,599),(570,598)
"HT"bounds: (195,683),(254,683),(254,718),(195,718)
"34"bounds: (263,683),(296,683),(296,718),(263,718)
"HT78"bounds: (307,686),(397,686),(397,712),(307,712)
"HT117a3KN"bounds: (429,684),(601,684),(601,714),(429,714)
"Za"bounds: (611,688),(643,688),(643,709),(611,709)
"1oạ"bounds: (653,683),(716,683),(716,718),(653,718)
"ZA"bounds: (718,683),(758,683),(758,718),(718,718)
"2"bounds: (761,683),(782,683),(782,718),(761,718)
"142ZAZ6"bounds: (784,683),(908,683),(908,718),(784,718)
"3.1"bounds: (906,692),(939,692),(939,711),(906,711)
"KH"bounds: (951,684),(999,684),(999,710),(951,710)
"65PLZP1"bounds: (1009,683),(1140,683),(1140,718),(1009,718)
"AB"bounds: (494,743),(544,743),(544,768),(494,768)
"23"bounds: (563,740),(601,740),(601,774),(563,774)
"m"bounds: (603,740),(629,740),(629,773),(603,773)
"do"bounds: (200,882),(273,883),(272,922),(199,921)
"we"bounds: (262,885),(295,885),(295,915),(262,915)
"4!"bounds: (304,888),(335,888),(334,921),(304,921)
"HT"bounds: (346,890),(389,891),(389,917),(346,916)
"30.4"bounds: (398,889),(461,890),(461,917),(398,916)
"АB"bounds: (496,972),(543,972),(543,1001),(496,1001)
"24"bounds: (556,972),(593,972),(593,1003),(556,1003)
"HT117"bounds: (206,1090),(303,1090),(303,1119),(206,1119)
"a.8"bounds: (313,1098),(359,1098),(359,1119),(313,1119)
"KH"bounds: (381,1093),(422,1093),(422,1119),(381,1119)
"53.1"bounds: (433,1094),(494,1094),(494,1117),(433,1117)
"HT13.6"bounds: (520,1093),(627,1093),(627,1117),(520,1117)
"KH"bounds: (650,1093),(691,1093),(691,1119),(650,1119)
"5.2"bounds: (703,1094),(746,1094),(746,1116),(703,1116)
"KNZ{"bounds: (770,1089),(857,1089),(857,1124),(770,1124)
"31"bounds: (866,1089),(899,1089),(899,1124),(866,1124)
"ARKH1A.5"bounds: (916,1092),(1073,1092),(1073,1116),(916,1116)
"PK"bounds: (206,1208),(240,1208),(240,1234),(206,1234)
"1.4"bounds: (251,1215),(286,1215),(286,1236),(251,1236)
"PH"bounds: (324,1207),(362,1207),(362,1232),(324,1232)
"7a.3"bounds: (376,1208),(445,1209),(445,1237),(376,1236)