Texts:

"HT 21
本C半
28. 21
HM 28 - 4,5c x 6,70 x 0,90 Cm. ; Coufée
à dhoite et à gauche ; graffilo au verno:
4 ligues horiz oníales Coupdes par 2 lignes verkicales.
HT 22
HM 45 - 3,40 x[3,00k 0,60 cm.
38
"bounds: (63,55),(1097,55),(1097,1510),(63,1510)
"HT"bounds: (70,56),(105,56),(105,72),(70,72)
"21"bounds: (114,55),(136,55),(136,72),(114,72)
"本"bounds: (727,156),(811,154),(812,223),(728,225)
"C"bounds: (813,155),(857,154),(858,223),(814,224)
"半"bounds: (859,154),(973,152),(974,221),(860,223)
"28."bounds: (397,493),(437,493),(437,523),(397,523)
"21"bounds: (440,493),(475,493),(475,522),(440,522)
"HM"bounds: (737,570),(762,571),(762,585),(737,584)
"28"bounds: (770,571),(787,572),(787,584),(770,583)
"-"bounds: (795,578),(801,578),(801,579),(795,579)
"4,5c"bounds: (813,570),(842,571),(841,587),(812,586)
"x"bounds: (857,570),(867,570),(866,588),(856,588)
"6,70"bounds: (866,573),(911,575),(910,590),(865,588)
"x"bounds: (913,572),(921,572),(920,590),(912,590)
"0,90"bounds: (921,575),(953,576),(953,590),(921,589)
"Cm."bounds: (958,579),(982,580),(982,589),(958,588)
";"bounds: (990,575),(1003,575),(1002,593),(989,593)
"Coufée"bounds: (1005,575),(1041,576),(1040,595),(1004,594)
"à"bounds: (737,603),(747,603),(747,614),(737,614)
"dhoite"bounds: (757,602),(800,603),(800,615),(757,614)
"et"bounds: (815,605),(829,605),(829,615),(815,615)
"à"bounds: (841,605),(851,605),(851,616),(841,616)
"gauche"bounds: (869,602),(920,604),(919,624),(868,622)
";"bounds: (925,611),(929,611),(929,620),(925,620)
"graffilo"bounds: (935,606),(985,608),(984,626),(934,624)
"au"bounds: (990,614),(1008,615),(1008,620),(990,619)
"verno:"bounds: (1016,612),(1048,613),(1048,620),(1016,619)
"4"bounds: (738,632),(745,632),(745,642),(738,642)
"ligues"bounds: (751,630),(789,631),(789,653),(751,652)
"horiz"bounds: (800,631),(836,632),(836,650),(800,649)
"oníales"bounds: (839,634),(887,635),(887,647),(839,646)
"Coupdes"bounds: (894,635),(944,636),(944,654),(894,653)
"par"bounds: (954,637),(975,637),(975,653),(954,653)
"2"bounds: (983,639),(990,639),(990,649),(983,649)
"lignes"bounds: (997,633),(1033,634),(1033,657),(997,656)
"verkicales."bounds: (1038,636),(1097,637),(1097,651),(1038,650)
"HT"bounds: (67,860),(102,860),(102,876),(67,876)
"22"bounds: (111,859),(135,859),(135,877),(111,877)
"HM"bounds: (744,1262),(773,1262),(773,1277),(744,1277)
"45"bounds: (786,1262),(803,1262),(803,1277),(786,1277)
"-"bounds: (811,1259),(818,1259),(818,1277),(811,1277)
"3,40"bounds: (834,1263),(862,1263),(862,1278),(834,1278)
"x[3,00k"bounds: (880,1260),(933,1260),(933,1277),(880,1277)
"0,60"bounds: (942,1264),(969,1264),(969,1276),(942,1276)
"cm."bounds: (976,1269),(995,1269),(995,1276),(976,1276)
"38"bounds: (63,1493),(86,1493),(86,1510),(63,1510)