Texts:

"28h
HT 62/+_73.3'
ZA 4a.5-63 5b.13 15a.4-53
D
28b -37-.7
ΨΗΧΨ
平3o0年
28b -55-80-27
G.
28-81-65-37- 28b
ZA 6b.13
192
"bounds: (54,304),(1019,304),(1019,1527),(54,1527)
"28h"bounds: (674,304),(727,304),(727,335),(674,335)
"HT"bounds: (811,485),(827,485),(827,496),(811,496)
"62/+_73.3'"bounds: (837,479),(933,478),(933,501),(837,502)
"ZA"bounds: (812,519),(827,519),(827,529),(812,529)
"4a.5-63"bounds: (836,512),(893,512),(893,530),(836,530)
"5b.13"bounds: (905,512),(943,512),(943,530),(905,530)
"15a.4-53"bounds: (955,512),(1019,512),(1019,531),(955,531)
"D"bounds: (457,480),(465,480),(465,491),(457,491)
"28b"bounds: (625,481),(651,481),(651,497),(625,497)
"-37-.7"bounds: (660,480),(734,480),(734,498),(660,498)
"ΨΗΧΨ"bounds: (296,506),(385,507),(385,534),(296,533)
"平"bounds: (186,533),(222,534),(221,568),(185,567)
"3o0年"bounds: (224,534),(321,537),(320,571),(223,568)
"28b"bounds: (626,514),(650,514),(650,526),(626,526)
"-55-80-27"bounds: (659,516),(733,516),(733,527),(659,527)
"G."bounds: (457,547),(464,547),(464,556),(457,556)
"28-81-65-37-"bounds: (517,548),(615,550),(615,560),(517,558)
"28b"bounds: (626,548),(651,548),(651,559),(626,559)
"ZA"bounds: (811,552),(825,551),(826,563),(812,564)
"6b.13"bounds: (836,547),(876,545),(877,562),(837,564)
"192"bounds: (54,1509),(89,1509),(89,1527),(54,1527)