Texts:

"06
69-21f-53- 06
нT 129.21
CZT
HT 10b.1-2'
59-53- 06
28-81-53- 06
HT 90.11
305-54- 06
ZA 6a.15
AMT
HT 115b.21
51-56- 06
HT 8a.5' 108.1 120.4-5'
67-27-59- 06
聖YGT
中みGT
767-27-59- 06
HT 2.31
08-51-30-59- 06
ARKH 5.1
46-59- 06
HT Wa 1020y
59-55-30-67- 06
PL Zf 14
空为了
67-67- 06
НT 8.2
773- 06
KH 79+89.15
4本T了
28-39-06-73- 06
PK Za 104 11d
724-73- 06
HT 135a.1
06-215-24-73- 06
HT 115a.2-31
08-81-73- 06
ZA 10a.1-23
ZA 10a.3-43
KN Za 19.24
08-51-81-73- 06
7118-73- 06
77- 06
HT 23a.11
HT 123b.4
XHT 140.3'
77- 06
77- 06
26-79- 06
HT 11b.31
781-79- 06
HT 64.11
EYYls XT
KN Za 10a-b4
57-31-31-60-80- 06
01-81- 06
НT 103.41
ZA 15a.13
КH 5.33
47-81- 06
301- 06
发帘公山TC
нT 31.41
67-45-80-323- 06/
156
"bounds: (64,96),(1152,96),(1152,1534),(64,1534)
"06"bounds: (1134,96),(1152,96),(1152,109),(1134,109)
"69-21f-53-"bounds: (593,161),(676,165),(675,186),(592,182)
"06"bounds: (684,170),(703,171),(702,188),(683,187)
"нT"bounds: (810,171),(826,170),(826,182),(810,183)
"129.21"bounds: (837,165),(882,163),(883,182),(838,184)
"CZT"bounds: (298,189),(356,190),(355,213),(297,212)
"HT"bounds: (810,205),(826,204),(826,215),(810,216)
"10b.1-2'"bounds: (838,199),(900,196),(901,215),(839,218)
"59-53-"bounds: (627,205),(675,205),(675,215),(627,215)
"06"bounds: (685,205),(700,205),(700,216),(685,216)
"28-81-53-"bounds: (601,238),(675,239),(675,250),(601,249)
"06"bounds: (685,239),(700,239),(700,249),(685,249)
"HT"bounds: (810,239),(826,239),(826,250),(810,250)
"90.11"bounds: (837,233),(874,232),(874,249),(837,250)
"305-54-"bounds: (618,271),(675,273),(675,285),(618,283)
"06"bounds: (685,272),(702,272),(702,286),(685,286)
"ZA"bounds: (811,272),(826,272),(826,283),(811,283)
"6a.15"bounds: (837,267),(876,266),(876,283),(837,284)
"AMT"bounds: (294,290),(354,290),(354,315),(294,315)
"HT"bounds: (810,306),(826,305),(827,317),(811,318)
"115b.21"bounds: (838,300),(891,298),(892,318),(839,320)
"51-56-"bounds: (627,306),(675,307),(675,317),(627,316)
"06"bounds: (685,306),(700,306),(700,317),(685,317)
"HT"bounds: (811,340),(827,340),(827,351),(811,351)
"8a.5'"bounds: (837,333),(875,333),(875,351),(837,351)
"108.1"bounds: (887,332),(929,332),(929,355),(887,355)
"120.4-5'"bounds: (948,333),(1010,333),(1010,352),(948,352)
"67-27-59-"bounds: (602,339),(675,340),(675,351),(602,350)
"06"bounds: (686,341),(700,341),(700,351),(686,351)
"聖"bounds: (258,355),(284,355),(284,381),(258,381)
"YGT"bounds: (296,357),(355,357),(355,381),(296,381)
"中"bounds: (234,384),(273,384),(273,419),(234,419)
"み"bounds: (275,384),(291,384),(291,419),(275,419)
"GT"bounds: (321,389),(356,389),(356,419),(321,419)
"767-27-59-"bounds: (584,370),(675,371),(675,388),(584,387)
"06"bounds: (684,374),(702,374),(702,389),(684,389)
"HT"bounds: (810,373),(827,371),(828,382),(811,384)
"2.31"bounds: (837,368),(866,365),(868,384),(839,387)
"08-51-30-59-"bounds: (576,406),(675,406),(675,425),(576,425)
"06"bounds: (684,407),(702,407),(702,423),(684,423)
"ARKH"bounds: (810,406),(844,405),(845,419),(811,420)
"5.1"bounds: (854,401),(885,400),(886,418),(855,419)
"46-59-"bounds: (627,441),(675,441),(675,450),(627,450)
"06"bounds: (684,441),(702,441),(702,454),(684,454)
"HT"bounds: (811,441),(827,441),(827,450),(811,450)
"Wa"bounds: (837,441),(852,441),(852,451),(837,451)
"1020y"bounds: (860,433),(905,433),(905,458),(860,458)
"59-55-30-67-"bounds: (577,472),(675,473),(675,485),(577,484)
"06"bounds: (684,474),(703,474),(703,488),(684,488)
"PL"bounds: (811,474),(826,473),(827,485),(812,486)
"Zf"bounds: (837,474),(853,473),(854,485),(838,486)
"14"bounds: (863,467),(878,466),(879,484),(864,485)
"空"bounds: (288,487),(320,487),(320,517),(288,517)
"为了"bounds: (322,486),(356,486),(356,517),(322,517)
"67-67-"bounds: (627,506),(676,508),(675,520),(627,518)
"06"bounds: (686,508),(701,509),(701,519),(686,518)
"НT"bounds: (806,504),(841,503),(842,520),(807,521)
"8.2"bounds: (843,502),(871,501),(872,519),(844,520)
"773-"bounds: (635,538),(675,538),(675,555),(635,555)
"06"bounds: (683,536),(705,536),(705,559),(683,559)
"KH"bounds: (812,541),(827,540),(828,551),(813,552)
"79+89.15"bounds: (838,536),(903,532),(904,551),(839,555)
"4"bounds: (252,552),(264,552),(264,580),(252,580)
"本"bounds: (275,548),(290,548),(290,578),(275,578)
"T"bounds: (298,556),(313,556),(313,579),(298,579)
"了"bounds: (320,546),(336,546),(336,580),(320,580)
"28-39-06-73-"bounds: (577,574),(675,575),(675,585),(577,584)
"06"bounds: (686,575),(701,575),(701,585),(686,585)
"PK"bounds: (812,575),(828,575),(828,586),(812,586)
"Za"bounds: (837,570),(857,570),(857,588),(837,588)
"104"bounds: (864,569),(886,569),(886,586),(864,586)
"11d"bounds: (897,569),(920,568),(920,586),(897,587)
"724-73-"bounds: (610,604),(676,606),(675,624),(609,622)
"06"bounds: (685,608),(704,609),(704,625),(685,624)
"HT"bounds: (811,609),(827,608),(828,619),(812,620)
"135a.1"bounds: (838,603),(892,600),(893,619),(839,622)
"06-215-24-73-"bounds: (568,632),(676,634),(676,654),(568,652)
"06"bounds: (686,642),(703,642),(703,657),(686,657)
"HT"bounds: (811,641),(827,640),(828,652),(812,653)
"115a.2-31"bounds: (839,636),(909,633),(910,652),(840,655)
"08-81-73-"bounds: (602,675),(676,676),(676,687),(602,686)
"06"bounds: (686,676),(701,676),(701,686),(686,686)
"ZA"bounds: (813,675),(828,675),(828,686),(813,686)
"10a.1-23"bounds: (839,669),(903,668),(903,687),(839,688)
"ZA"bounds: (812,709),(827,708),(828,719),(813,720)
"10a.3-43"bounds: (838,704),(903,700),(904,718),(839,722)
"KN"bounds: (812,732),(828,731),(828,742),(812,743)
"Za"bounds: (838,727),(860,726),(861,745),(839,746)
"19.24"bounds: (865,725),(903,723),(904,742),(866,744)
"08-51-81-73-"bounds: (576,708),(676,709),(676,720),(576,719)
"06"bounds: (686,709),(701,709),(701,719),(686,719)
"7118-73-"bounds: (602,728),(676,728),(676,747),(602,747)
"06"bounds: (685,732),(703,732),(703,748),(685,748)
"77-"bounds: (654,766),(677,767),(676,778),(653,777)
"06"bounds: (686,766),(704,767),(703,782),(685,781)
"HT"bounds: (812,768),(828,767),(829,778),(813,779)
"23a.11"bounds: (838,762),(884,760),(885,778),(839,780)
"HT"bounds: (812,800),(828,799),(829,811),(813,812)
"123b.4"bounds: (837,794),(886,791),(887,813),(838,816)
"XHT"bounds: (813,829),(837,829),(837,845),(813,845)
"140.3'"bounds: (848,826),(893,825),(893,845),(848,846)
"77-"bounds: (654,800),(676,800),(676,810),(654,810)
"06"bounds: (686,800),(701,800),(701,812),(686,812)
"77-"bounds: (636,831),(676,831),(676,851),(636,851)
"06"bounds: (687,834),(702,834),(702,850),(687,850)
"26-79-"bounds: (629,867),(676,868),(676,878),(629,877)
"06"bounds: (686,868),(704,868),(704,882),(686,882)
"HT"bounds: (812,868),(828,867),(829,878),(813,879)
"11b.31"bounds: (840,861),(885,859),(886,879),(841,881)
"781-79-"bounds: (611,898),(676,898),(676,916),(611,916)
"06"bounds: (683,895),(706,895),(706,919),(683,919)
"HT"bounds: (812,900),(828,898),(829,910),(813,912)
"64.11"bounds: (838,896),(878,892),(880,910),(840,914)
"EYYls"bounds: (230,923),(313,923),(313,946),(230,946)
"XT"bounds: (321,924),(360,924),(360,944),(321,944)
"KN"bounds: (812,935),(828,934),(829,946),(813,947)
"Za"bounds: (838,935),(854,934),(855,945),(839,946)
"10a-b4"bounds: (865,929),(912,926),(913,945),(866,948)
"57-31-31-60-80-"bounds: (552,935),(676,935),(676,945),(552,945)
"06"bounds: (687,936),(702,936),(702,946),(687,946)
"01-81-"bounds: (628,968),(677,969),(677,980),(628,979)
"06"bounds: (687,968),(702,968),(702,979),(687,979)
"НT"bounds: (806,963),(844,962),(845,981),(807,982)
"103.41"bounds: (846,961),(884,960),(885,980),(847,981)
"ZA"bounds: (813,1002),(828,1001),(829,1012),(814,1013)
"15a.13"bounds: (840,996),(887,994),(888,1013),(841,1015)
"КH"bounds: (813,1028),(829,1027),(830,1038),(814,1039)
"5.33"bounds: (838,1022),(871,1019),(872,1037),(839,1040)
"47-81-"bounds: (629,1001),(677,1002),(677,1013),(629,1012)
"06"bounds: (687,1002),(702,1002),(702,1012),(687,1012)
"301-"bounds: (645,1027),(676,1027),(676,1037),(645,1037)
"06"bounds: (687,1028),(702,1028),(702,1038),(687,1038)
"发"bounds: (248,1049),(265,1049),(264,1074),(247,1074)
"帘"bounds: (272,1049),(289,1049),(288,1074),(271,1074)
"公"bounds: (296,1051),(315,1052),(314,1076),(295,1075)
"山"bounds: (321,1044),(338,1044),(337,1076),(320,1076)
"TC"bounds: (345,1053),(372,1054),(371,1079),(344,1078)
"нT"bounds: (804,1057),(846,1054),(847,1073),(805,1076)
"31.41"bounds: (848,1053),(880,1051),(881,1071),(849,1073)
"67-45-80-323-"bounds: (570,1061),(677,1062),(677,1073),(570,1072)
"06/"bounds: (687,1060),(720,1060),(720,1075),(687,1075)
"156"bounds: (64,1516),(99,1515),(99,1533),(64,1534)