Texts:

"400s
A 648
400VAS
+53
HP 110b.1
A 648
400VAS
XHT 110b.11
401as
A 649
401 VAS
KH 18.13 31.1 68.1
A 650
VAS
401
+08
*KH 83.23
A 651
VAS
401
KH 12.3.4 63.23 83.23 84.33 85.23 91.45
+26
A 652
VAS
401
KH 31.2 91.45
+60
MI 2.3
A 653
„VAS
401
HT 33.1' 82.2'
+304
KH 12.33
402 as
402
VAS
HT 31.2.5.5.6'
311
"bounds: (145,359),(1170,359),(1170,1538),(145,1538)
"400s"bounds: (590,365),(693,359),(695,395),(592,401)
"A"bounds: (145,550),(153,550),(153,565),(145,565)
"648"bounds: (152,552),(174,552),(174,564),(152,564)
"400VAS"bounds: (540,551),(593,538),(598,556),(544,569)
"+53"bounds: (605,551),(628,551),(628,567),(605,567)
"HP"bounds: (730,548),(746,547),(746,558),(730,559)
"110b.1"bounds: (756,541),(804,539),(805,559),(757,561)
"A"bounds: (147,582),(155,582),(155,597),(147,597)
"648"bounds: (153,585),(175,585),(175,596),(153,596)
"400VAS"bounds: (540,586),(593,571),(598,587),(545,602)
"XHT"bounds: (731,578),(756,578),(756,594),(731,594)
"110b.11"bounds: (767,574),(820,573),(820,593),(767,594)
"401as"bounds: (596,733),(689,727),(691,758),(598,764)
"A"bounds: (147,852),(156,852),(156,868),(147,868)
"649"bounds: (154,853),(177,852),(177,863),(154,864)
"401"bounds: (546,856),(571,849),(575,862),(550,869)
"VAS"bounds: (575,846),(597,840),(601,852),(579,858)
"KH"bounds: (735,850),(751,850),(751,862),(735,862)
"18.13"bounds: (762,841),(800,841),(800,860),(762,860)
"31.1"bounds: (812,840),(851,840),(851,868),(812,868)
"68.1"bounds: (862,840),(902,840),(902,867),(862,867)
"A"bounds: (145,885),(154,885),(154,901),(145,901)
"650"bounds: (155,887),(178,886),(178,897),(155,898)
"VAS"bounds: (571,877),(599,877),(599,890),(571,890)
"401"bounds: (550,886),(572,886),(572,896),(550,896)
"+08"bounds: (609,885),(632,885),(632,895),(609,895)
"*KH"bounds: (735,879),(759,878),(759,893),(735,894)
"83.23"bounds: (769,876),(809,875),(810,893),(770,894)
"A"bounds: (146,919),(155,919),(155,935),(146,935)
"651"bounds: (155,922),(176,922),(176,932),(155,932)
"VAS"bounds: (570,912),(599,912),(599,923),(570,923)
"401"bounds: (551,921),(572,921),(572,930),(551,930)
"KH"bounds: (736,918),(752,918),(752,929),(736,929)
"12.3.4"bounds: (757,907),(811,906),(811,932),(757,933)
"63.23"bounds: (829,908),(869,908),(869,928),(829,928)
"83.23"bounds: (879,908),(919,908),(919,927),(879,927)
"84.33"bounds: (930,907),(970,907),(970,927),(930,927)
"85.23"bounds: (981,908),(1021,908),(1021,928),(981,928)
"91.45"bounds: (1031,907),(1072,907),(1072,926),(1031,926)
"+26"bounds: (608,920),(633,920),(633,930),(608,930)
"A"bounds: (146,951),(156,951),(156,968),(146,968)
"652"bounds: (156,955),(179,955),(179,966),(156,966)
"VAS"bounds: (570,945),(600,945),(600,956),(570,956)
"401"bounds: (552,954),(573,954),(573,964),(552,964)
"KH"bounds: (736,952),(752,952),(752,962),(736,962)
"31.2"bounds: (762,944),(801,944),(801,963),(762,963)
"91.45"bounds: (813,943),(852,943),(852,961),(813,961)
"+60"bounds: (610,954),(633,954),(633,964),(610,964)
"MI"bounds: (736,986),(751,986),(751,996),(736,996)
"2.3"bounds: (764,977),(794,977),(794,996),(764,996)
"A"bounds: (147,1019),(155,1019),(155,1034),(147,1034)
"653"bounds: (157,1022),(179,1022),(179,1032),(157,1032)
"„VAS"bounds: (570,1013),(601,1013),(601,1026),(570,1026)
"401"bounds: (551,1021),(577,1021),(577,1034),(551,1034)
"HT"bounds: (737,1019),(753,1019),(753,1029),(737,1029)
"33.1'"bounds: (763,1010),(801,1010),(801,1030),(763,1030)
"82.2'"bounds: (814,1009),(851,1009),(851,1029),(814,1029)
"+304"bounds: (610,1021),(642,1021),(642,1032),(610,1032)
"KH"bounds: (737,1053),(753,1052),(754,1063),(738,1065)
"12.33"bounds: (764,1047),(802,1043),(803,1061),(766,1065)
"402"bounds: (585,1196),(673,1193),(674,1233),(586,1236)
"as"bounds: (676,1193),(707,1192),(708,1233),(677,1234)
"402"bounds: (554,1312),(581,1311),(581,1324),(554,1325)
"VAS"bounds: (572,1307),(605,1306),(605,1318),(572,1319)
"HT"bounds: (740,1313),(756,1312),(756,1322),(741,1323)
"31.2.5.5.6'"bounds: (766,1307),(855,1303),(856,1321),(767,1326)
"311"bounds: (1135,1519),(1170,1518),(1170,1537),(1135,1538)