Texts:

"73
54-61- 73
HT WC 30064?
7-44-65- 73
KN Za 19.14
08-27-69- 73
ZA 7a.2-33
08-87-77-08-61-70- 23 ]
ZA Wc 2.1-22
81- 73
XZA 27.23
平C
41-51-34-81- 73
HT 110a.11
7118- 73
ZA 21a.73
31-323- 73
HT 29.41
A 540
H
KN 28b.3'
58+ 73
A 548
+57
PH 3b.11
A 549
73 +57+.7
нT 60.11
A 550
HT 23a2,b.2' 32.21 35.2' 81.11
73 +57+26
KH 12.13 36.13 60.33
A 551
нт 34.51 37.11
73 +57+28
KH 81.23
A 552
HT 33.3' 34.1
73 +57+77
A 553
KH Wc 2064 20993
173''301'
A 605
'301''73'
KH 74.23 Wc 20543 20553
A 622
HT 14.1.4' 28a.2' 42/+_759.5' 50a.2'
58.2' 90.41 91.3.5' 100.5' 101.2.*6*
302+ 73
116a.3.51 125a.3' 137.2'
TY 3a.2.5,b.1.2
A 634
306+ 73
HT 115b.41
254
"bounds: (70,94),(1163,94),(1163,1528),(70,1528)
"73"bounds: (1146,94),(1163,94),(1163,107),(1146,107)
"54-61-"bounds: (637,164),(686,165),(686,177),(637,176)
"73"bounds: (695,165),(712,165),(712,179),(695,179)
"HT"bounds: (820,164),(837,163),(838,174),(821,175)
"WC"bounds: (846,163),(862,162),(863,175),(847,176)
"30064?"bounds: (872,158),(921,155),(922,172),(873,175)
"7-44-65-"bounds: (611,194),(685,195),(685,214),(611,213)
"73"bounds: (692,192),(714,192),(714,215),(692,215)
"KN"bounds: (821,197),(837,196),(838,207),(822,208)
"Za"bounds: (847,196),(862,195),(863,207),(848,208)
"19.14"bounds: (873,191),(912,189),(913,207),(874,209)
"08-27-69-"bounds: (611,232),(685,232),(685,242),(611,242)
"73"bounds: (695,230),(710,230),(710,246),(695,246)
"ZA"bounds: (822,232),(837,231),(838,242),(823,243)
"7a.2-33"bounds: (848,226),(904,223),(905,241),(849,244)
"08-87-77-08-61-70-"bounds: (527,259),(686,262),(686,287),(527,284)
"23"bounds: (694,267),(712,267),(712,281),(694,281)
"]"bounds: (719,261),(728,261),(728,284),(719,284)
"ZA"bounds: (822,266),(837,265),(838,276),(823,277)
"Wc"bounds: (846,265),(862,264),(863,276),(847,277)
"2.1-22"bounds: (873,259),(921,256),(922,275),(874,278)
"81-"bounds: (662,299),(685,299),(685,309),(662,309)
"73"bounds: (693,296),(713,296),(713,314),(693,314)
"XZA"bounds: (813,290),(855,289),(855,311),(813,312)
"27.23"bounds: (857,292),(896,291),(896,308),(857,309)
"平"bounds: (234,311),(279,312),(278,345),(233,344)
"C"bounds: (281,312),(325,313),(324,346),(280,345)
"41-51-34-81-"bounds: (583,331),(700,330),(700,345),(583,346)
"73"bounds: (703,330),(714,330),(714,345),(703,345)
"HT"bounds: (821,333),(837,332),(838,343),(822,344)
"110a.11"bounds: (849,327),(902,324),(903,342),(850,345)
"7118-"bounds: (637,363),(686,364),(686,385),(637,384)
"73"bounds: (694,362),(711,362),(711,384),(694,384)
"ZA"bounds: (822,366),(837,365),(838,377),(823,378)
"21a.73"bounds: (848,362),(896,358),(897,376),(849,380)
"31-323-"bounds: (629,399),(686,401),(686,412),(629,410)
"73"bounds: (695,400),(714,401),(713,416),(694,415)
"HT"bounds: (821,400),(838,399),(839,410),(822,411)
"29.41"bounds: (848,394),(886,392),(887,410),(849,412)
"A"bounds: (257,459),(264,459),(264,469),(257,469)
"540"bounds: (276,459),(299,459),(299,470),(276,470)
"H"bounds: (443,466),(451,466),(451,476),(443,476)
"KN"bounds: (821,466),(838,464),(839,477),(822,479)
"28b.3'"bounds: (848,463),(896,458),(898,476),(850,481)
"58+"bounds: (663,467),(686,467),(686,477),(663,477)
"73"bounds: (697,468),(711,468),(711,478),(697,478)
"A"bounds: (267,490),(274,490),(274,505),(267,505)
"548"bounds: (275,492),(297,492),(297,503),(275,503)
"+57"bounds: (722,501),(745,501),(745,511),(722,511)
"PH"bounds: (822,500),(838,498),(839,509),(823,511)
"3b.11"bounds: (847,496),(888,491),(890,508),(849,513)
"A"bounds: (265,523),(273,523),(273,538),(265,538)
"549"bounds: (275,525),(298,525),(298,537),(275,537)
"73"bounds: (698,535),(711,535),(711,551),(698,551)
"+57+.7"bounds: (722,531),(796,531),(796,551),(722,551)
"нT"bounds: (822,534),(838,533),(839,544),(823,545)
"60.11"bounds: (848,528),(887,526),(888,544),(849,546)
"A"bounds: (266,556),(274,556),(274,571),(266,571)
"550"bounds: (275,558),(299,558),(299,571),(275,571)
"HT"bounds: (822,567),(838,567),(838,578),(822,578)
"23a2,b.2'"bounds: (849,559),(920,558),(920,581),(849,582)
"32.21"bounds: (933,559),(971,558),(971,577),(933,578)
"35.2'"bounds: (983,559),(1021,558),(1021,577),(983,578)
"81.11"bounds: (1034,559),(1072,558),(1072,577),(1034,578)
"73"bounds: (698,568),(711,568),(711,578),(698,578)
"+57+26"bounds: (722,568),(770,568),(770,578),(722,578)
"KH"bounds: (823,600),(839,600),(839,611),(823,611)
"12.13"bounds: (850,592),(889,591),(889,610),(850,611)
"36.13"bounds: (900,592),(939,591),(939,611),(900,612)
"60.33"bounds: (950,593),(990,592),(990,610),(950,611)
"A"bounds: (267,623),(275,623),(275,636),(267,636)
"551"bounds: (275,625),(295,625),(295,636),(275,636)
"нт"bounds: (815,627),(852,626),(853,649),(816,650)
"34.51"bounds: (854,626),(892,625),(893,648),(855,649)
"37.11"bounds: (899,626),(937,625),(938,644),(900,645)
"73"bounds: (698,635),(711,635),(711,644),(698,644)
"+57+28"bounds: (722,635),(770,635),(770,644),(722,644)
"KH"bounds: (823,666),(838,665),(839,677),(824,678)
"81.23"bounds: (848,661),(888,658),(889,677),(850,680)
"A"bounds: (263,690),(272,690),(272,705),(263,705)
"552"bounds: (274,692),(296,692),(296,703),(274,703)
"HT"bounds: (823,699),(840,699),(840,711),(823,711)
"33.3'"bounds: (849,691),(887,692),(886,711),(848,710)
"34.1"bounds: (898,692),(933,693),(932,718),(897,717)
"73"bounds: (698,700),(711,700),(711,710),(698,710)
"+57+77"bounds: (723,700),(771,700),(771,710),(723,710)
"A"bounds: (268,722),(276,722),(276,737),(268,737)
"553"bounds: (278,722),(295,722),(295,737),(278,737)
"KH"bounds: (824,733),(840,733),(840,744),(824,744)
"Wc"bounds: (848,733),(864,733),(864,745),(848,745)
"2064"bounds: (874,725),(906,725),(906,747),(874,747)
"20993"bounds: (926,725),(965,725),(965,744),(926,745)
"173''301'"bounds: (692,733),(762,733),(762,744),(692,744)
"A"bounds: (267,757),(275,757),(275,772),(267,772)
"605"bounds: (273,759),(296,759),(296,771),(273,771)
"'301''73'"bounds: (650,765),(720,768),(719,784),(649,781)
"KH"bounds: (823,768),(839,768),(839,779),(823,779)
"74.23"bounds: (850,760),(889,759),(889,778),(850,779)
"Wc"bounds: (899,768),(914,768),(914,779),(899,779)
"20543"bounds: (926,760),(965,759),(965,777),(926,778)
"20553"bounds: (977,760),(1016,759),(1016,778),(977,779)
"A"bounds: (261,790),(271,790),(271,806),(261,806)
"622"bounds: (273,793),(296,793),(296,804),(273,804)
"HT"bounds: (824,802),(839,802),(839,811),(824,811)
"14.1.4'"bounds: (851,793),(904,793),(904,812),(851,812)
"28a.2'"bounds: (918,793),(963,793),(963,811),(918,811)
"42/+_759.5'"bounds: (976,794),(1073,794),(1073,816),(976,816)
"50a.2'"bounds: (1086,794),(1132,794),(1132,811),(1086,811)
"58.2'"bounds: (850,826),(887,826),(887,845),(850,845)
"90.41"bounds: (900,826),(938,826),(938,846),(900,846)
"91.3.5'"bounds: (951,827),(1005,827),(1005,846),(951,846)
"100.5'"bounds: (1020,827),(1065,827),(1065,846),(1020,846)
"101.2.*6*"bounds: (1079,826),(1149,827),(1149,847),(1079,846)
"302+"bounds: (656,801),(687,801),(687,811),(656,811)
"73"bounds: (698,802),(712,802),(712,812),(698,812)
"116a.3.51"bounds: (851,863),(921,863),(921,879),(851,879)
"125a.3'"bounds: (935,860),(989,860),(989,879),(935,879)
"137.2'"bounds: (1003,860),(1048,860),(1048,879),(1003,879)
"TY"bounds: (823,902),(839,902),(839,912),(823,912)
"3a.2.5,b.1.2"bounds: (845,894),(951,894),(951,924),(845,924)
"A"bounds: (265,924),(273,924),(273,939),(265,939)
"634"bounds: (273,927),(295,927),(295,938),(273,938)
"306+"bounds: (656,936),(687,936),(687,946),(656,946)
"73"bounds: (698,936),(712,936),(712,946),(698,946)
"HT"bounds: (823,935),(839,934),(839,946),(823,947)
"115b.41"bounds: (851,930),(904,928),(905,946),(852,948)
"254"bounds: (70,1511),(108,1511),(108,1528),(70,1528)