Texts:

"27
31- 27 -65
HI 20.41
KH 20.43
ZA 10a.5,b.1 20.1-2
751- 27 -17
51- 27 -17-09
751- 27 -17-09-73L *ZA 20.1-23
57- 27 -73
HT 87.31
堂平4
ZA la.1
HT 8a.5' 108.1 120.4-51
67- 27 -17
67- 27 -59-06
聖4CT
767- 27 -59-06
HT 2.3
67- 27 -66
HT 85b.1-2' 129.11
77- 27 -02
HT Wc 30032
780- 27 -53-73-45 PH 30.2
HT 117b.11
81- 27 -65
781- 27 -65
HT 39,21
85- 27 -04
KH 6.73
708-09- 27 -17E
KH 13.23
08-51- 27 -17
*KH 11.13
80-53- 27 -28
*HT 6b.2-31
]平目中平目
728-57- 27 -07-57
IO Za 55
40-60- 27 -73-04
ZA 9.63
08-27-39- 27 -06
ZA Zb 3.2*
平T目YGL
28-06-57- 27 -59/
AP Za 2.24
727
HT 66.4' 109.1
F
1-Y
7- 27
ARKH 4b.2°
KH 6.63
01- 27
HT 7a.4' 10a.2,b.1' 85a.5' 122b.41
06-01- 27
HT 117a,5'
41-01- 27
HT 17.31 122a.5'
57-73-01- 27
HT 122a.4
76-02- 27
ZA 10b.53
03- 27
HT 4.2'
[]lsTY
T sTY
760-06- 27
HT 47b.11
08-60-06- 27
HT 1.41
08- 27 /
THE Zb 44
7-306-37-77-08- 27
HT 4.11
61-58-16- 27
TL Za la
59-04-28-44-17- 27
KN Zf 314
7e1- 27
*ARKH 4b.23
03-59-01-51-29- 27
HT Zb 1604
4
57-06-67-04-04-51-29- 27
РK Za 8a'
目平业中非水出PC
57-07-67-04-04-51-29- 27
PK Za 154
186
"bounds: (66,99),(1153,99),(1153,1534),(66,1534)
"27"bounds: (1136,99),(1153,99),(1153,111),(1136,111)
"31-"bounds: (664,173),(686,173),(686,182),(664,182)
"27"bounds: (697,172),(712,172),(712,182),(697,182)
"-65"bounds: (722,173),(745,173),(745,183),(722,183)
"HI"bounds: (826,168),(853,166),(854,185),(827,187)
"20.41"bounds: (856,167),(894,164),(895,182),(857,185)
"KH"bounds: (829,205),(847,203),(848,215),(830,217)
"20.43"bounds: (856,202),(896,198),(898,216),(858,220)
"ZA"bounds: (832,231),(847,231),(847,241),(832,241)
"10a.5,b.1"bounds: (857,222),(931,222),(931,249),(857,249)
"20.1-2"bounds: (944,222),(999,222),(999,250),(944,250)
"751-"bounds: (646,202),(687,202),(687,220),(646,220)
"27"bounds: (695,207),(714,207),(714,221),(695,221)
"-17"bounds: (722,207),(745,207),(745,216),(722,216)
"51-"bounds: (663,231),(687,231),(687,241),(663,241)
"27"bounds: (697,231),(712,231),(712,241),(697,241)
"-17-09"bounds: (722,232),(770,232),(770,242),(722,242)
"751-"bounds: (645,260),(686,259),(686,278),(645,279)
"27"bounds: (697,264),(711,264),(711,281),(697,281)
"-17-09-73L"bounds: (721,262),(813,261),(813,280),(721,281)
"*ZA"bounds: (829,259),(855,259),(855,276),(829,276)
"20.1-23"bounds: (865,257),(921,256),(921,275),(865,276)
"57-"bounds: (663,298),(686,298),(686,307),(663,307)
"27"bounds: (697,297),(711,297),(711,308),(697,308)
"-73"bounds: (722,299),(745,299),(745,308),(722,308)
"HT"bounds: (830,297),(846,296),(847,308),(831,309)
"87.31"bounds: (852,292),(894,289),(895,307),(853,310)
"堂"bounds: (310,323),(326,323),(326,351),(310,351)
"平"bounds: (336,324),(353,324),(353,351),(336,351)
"4"bounds: (363,320),(376,320),(376,350),(363,350)
"ZA"bounds: (830,331),(845,330),(846,342),(831,343)
"la.1"bounds: (856,324),(890,321),(892,342),(858,345)
"HT"bounds: (830,365),(846,365),(846,375),(830,375)
"8a.5'"bounds: (856,356),(894,356),(894,375),(856,375)
"108.1"bounds: (906,356),(948,356),(948,379),(906,379)
"120.4-51"bounds: (967,357),(1028,356),(1028,375),(967,376)
"67-"bounds: (663,331),(686,331),(686,341),(663,341)
"27"bounds: (697,331),(711,331),(711,341),(697,341)
"-17"bounds: (721,331),(745,331),(745,341),(721,341)
"67-"bounds: (663,365),(686,365),(686,374),(663,374)
"27"bounds: (697,365),(711,365),(711,374),(697,374)
"-59-06"bounds: (721,364),(770,364),(770,375),(721,375)
"聖"bounds: (300,388),(327,388),(327,413),(300,413)
"4CT"bounds: (338,388),(399,389),(399,413),(338,412)
"767-"bounds: (646,395),(686,395),(686,412),(646,412)
"27"bounds: (695,398),(713,398),(713,413),(695,413)
"-59-06"bounds: (721,398),(770,398),(770,408),(721,408)
"HT"bounds: (830,398),(846,398),(846,409),(830,409)
"2.3"bounds: (857,392),(885,392),(885,409),(857,409)
"67-"bounds: (663,431),(686,431),(686,441),(663,441)
"27"bounds: (697,431),(711,431),(711,441),(697,441)
"-66"bounds: (721,431),(745,431),(745,441),(721,441)
"HT"bounds: (830,432),(846,432),(846,442),(830,442)
"85b.1-2'"bounds: (856,425),(919,424),(919,442),(856,443)
"129.11"bounds: (933,424),(978,423),(978,442),(933,443)
"77-"bounds: (664,465),(686,465),(686,475),(664,475)
"27"bounds: (695,465),(713,465),(713,479),(695,479)
"-02"bounds: (721,465),(745,465),(745,475),(721,475)
"HT"bounds: (830,464),(846,463),(847,475),(831,476)
"Wc"bounds: (855,465),(871,464),(872,476),(856,477)
"30032"bounds: (881,458),(921,456),(922,476),(882,478)
"780-"bounds: (645,495),(685,495),(685,513),(645,513)
"27"bounds: (695,498),(713,498),(713,514),(695,514)
"-53-73-45"bounds: (720,494),(794,493),(794,515),(720,516)
"PH"bounds: (831,499),(846,499),(846,509),(831,509)
"30.2"bounds: (852,493),(890,493),(890,514),(852,514)
"HT"bounds: (830,531),(846,530),(846,543),(830,544)
"117b.11"bounds: (857,525),(911,523),(912,543),(858,545)
"81-"bounds: (663,532),(686,532),(686,542),(663,542)
"27"bounds: (697,532),(711,532),(711,542),(697,542)
"-65"bounds: (722,532),(744,532),(744,542),(722,542)
"781-"bounds: (645,562),(686,562),(686,580),(645,580)
"27"bounds: (695,566),(713,566),(713,581),(695,581)
"-65"bounds: (722,566),(744,566),(744,575),(722,575)
"HT"bounds: (830,566),(846,565),(847,576),(831,577)
"39,21"bounds: (856,560),(894,558),(895,576),(857,578)
"85-"bounds: (663,599),(685,599),(685,608),(663,608)
"27"bounds: (697,599),(711,599),(711,608),(697,608)
"-04"bounds: (722,599),(744,599),(744,608),(722,608)
"KH"bounds: (830,599),(846,598),(847,610),(831,611)
"6.73"bounds: (856,593),(888,591),(889,608),(857,610)
"708-09-"bounds: (620,629),(686,629),(686,647),(620,647)
"27"bounds: (695,632),(712,632),(712,648),(695,648)
"-17E"bounds: (721,630),(761,630),(761,647),(721,647)
"KH"bounds: (830,632),(846,631),(847,642),(831,643)
"13.23"bounds: (858,628),(897,625),(898,641),(860,645)
"08-51-"bounds: (637,665),(686,665),(686,675),(637,675)
"27"bounds: (697,665),(711,665),(711,675),(697,675)
"-17"bounds: (721,665),(745,665),(745,676),(721,676)
"*KH"bounds: (830,660),(855,659),(855,675),(830,676)
"11.13"bounds: (865,658),(905,657),(905,676),(865,677)
"80-53-"bounds: (638,695),(686,697),(686,708),(638,706)
"27"bounds: (697,698),(711,698),(711,708),(697,708)
"-28"bounds: (721,697),(745,698),(745,708),(721,707)
"*HT"bounds: (829,695),(855,694),(856,709),(830,710)
"6b.2-31"bounds: (864,693),(919,691),(920,709),(865,711)
"]"bounds: (275,723),(284,723),(284,744),(275,744)
"平"bounds: (292,719),(305,719),(305,744),(292,744)
"目"bounds: (317,722),(329,722),(329,744),(317,744)
"中平"bounds: (340,721),(378,721),(378,744),(340,744)
"目"bounds: (388,721),(400,721),(400,743),(388,743)
"728-57-"bounds: (620,725),(686,725),(686,744),(620,744)
"27"bounds: (695,730),(713,730),(713,745),(695,745)
"-07-57"bounds: (721,730),(770,730),(770,740),(721,740)
"IO"bounds: (831,731),(846,730),(847,742),(832,743)
"Za"bounds: (858,726),(875,725),(876,743),(859,744)
"55"bounds: (882,725),(897,724),(898,740),(883,741)
"40-60-"bounds: (638,764),(685,765),(685,776),(638,775)
"27"bounds: (697,765),(711,765),(711,775),(697,775)
"-73-04"bounds: (721,765),(769,766),(769,776),(721,775)
"ZA"bounds: (830,766),(845,765),(846,777),(831,778)
"9.63"bounds: (856,761),(888,759),(889,776),(857,778)
"08-27-39-"bounds: (612,797),(686,798),(686,808),(612,807)
"27"bounds: (697,798),(711,798),(711,808),(697,808)
"-06"bounds: (722,799),(745,799),(745,808),(722,808)
"ZA"bounds: (826,796),(859,795),(860,812),(827,813)
"Zb"bounds: (861,794),(877,793),(878,811),(862,812)
"3.2*"bounds: (881,794),(913,793),(914,810),(882,811)
"平"bounds: (265,815),(295,815),(295,850),(265,850)
"T"bounds: (297,815),(319,815),(319,850),(297,850)
"目"bounds: (318,820),(329,820),(329,844),(318,844)
"YGL"bounds: (338,820),(392,821),(392,852),(338,851)
"28-06-57-"bounds: (613,831),(686,832),(686,843),(613,842)
"27"bounds: (695,832),(712,832),(712,846),(695,846)
"-59/"bounds: (721,829),(761,830),(761,848),(721,847)
"AP"bounds: (829,834),(846,833),(847,844),(830,845)
"Za"bounds: (856,833),(870,832),(871,844),(857,845)
"2.24"bounds: (882,827),(913,825),(914,844),(883,846)
"727"bounds: (679,863),(712,863),(712,881),(679,881)
"HT"bounds: (830,866),(846,866),(846,877),(830,877)
"66.4'"bounds: (857,858),(894,859),(894,879),(857,878)
"109.1"bounds: (904,858),(945,859),(945,885),(904,884)
"F"bounds: (451,866),(458,866),(458,876),(451,876)
"1-Y"bounds: (322,888),(354,888),(354,912),(322,912)
"7-"bounds: (661,896),(685,896),(685,914),(661,914)
"27"bounds: (696,898),(711,898),(711,909),(696,909)
"ARKH"bounds: (830,901),(863,901),(863,912),(830,912)
"4b.2°"bounds: (873,895),(913,894),(913,916),(873,917)
"KH"bounds: (830,934),(846,932),(847,945),(831,947)
"6.63"bounds: (855,930),(887,927),(889,944),(857,948)
"01-"bounds: (662,968),(685,968),(685,977),(662,977)
"27"bounds: (694,967),(712,967),(712,981),(694,981)
"HT"bounds: (830,968),(846,968),(846,978),(830,978)
"7a.4'"bounds: (857,960),(894,960),(894,979),(857,979)
"10a.2,b.1'"bounds: (908,961),(986,961),(986,982),(908,982)
"85a.5'"bounds: (1000,960),(1045,960),(1045,979),(1000,979)
"122b.41"bounds: (1059,961),(1113,961),(1113,979),(1059,979)
"06-01-"bounds: (637,998),(686,1001),(685,1013),(636,1010)
"27"bounds: (695,999),(714,1000),(713,1017),(694,1016)
"HT"bounds: (830,1002),(846,1001),(846,1012),(831,1013)
"117a,5'"bounds: (857,996),(911,993),(912,1012),(858,1015)
"41-01-"bounds: (637,1033),(686,1034),(686,1045),(637,1044)
"27"bounds: (695,1035),(712,1035),(712,1048),(695,1048)
"HT"bounds: (830,1036),(846,1036),(846,1047),(830,1047)
"17.31"bounds: (857,1029),(894,1028),(894,1046),(857,1047)
"122a.5'"bounds: (908,1028),(961,1027),(961,1047),(908,1048)
"57-73-01-"bounds: (612,1067),(685,1068),(685,1078),(612,1077)
"27"bounds: (696,1068),(710,1068),(710,1078),(696,1078)
"HT"bounds: (830,1069),(846,1068),(847,1080),(831,1081)
"122a.4"bounds: (855,1063),(907,1059),(908,1079),(856,1083)
"76-02-"bounds: (638,1100),(686,1101),(686,1113),(638,1112)
"27"bounds: (697,1102),(711,1102),(711,1115),(697,1115)
"ZA"bounds: (830,1103),(845,1102),(846,1114),(831,1115)
"10b.53"bounds: (857,1097),(904,1094),(905,1113),(858,1116)
"03-"bounds: (662,1135),(685,1135),(685,1145),(662,1145)
"27"bounds: (692,1131),(711,1131),(711,1150),(692,1150)
"HT"bounds: (829,1136),(846,1135),(847,1147),(830,1148)
"4.2'"bounds: (855,1131),(885,1129),(886,1147),(856,1149)
"[]lsTY"bounds: (259,1152),(355,1153),(355,1177),(259,1176)
"T"bounds: (271,1187),(287,1187),(287,1211),(271,1211)
"sTY"bounds: (296,1187),(357,1187),(357,1211),(296,1211)
"760-06-"bounds: (621,1162),(688,1162),(688,1183),(621,1183)
"27"bounds: (694,1162),(710,1162),(710,1183),(694,1183)
"HT"bounds: (829,1170),(846,1169),(846,1180),(830,1181)
"47b.11"bounds: (855,1164),(902,1162),(903,1181),(856,1183)
"08-60-06-"bounds: (611,1201),(685,1202),(685,1213),(611,1212)
"27"bounds: (694,1202),(713,1202),(713,1217),(694,1217)
"HT"bounds: (829,1204),(845,1203),(846,1215),(830,1216)
"1.41"bounds: (857,1198),(885,1196),(886,1214),(858,1216)
"08-"bounds: (661,1237),(685,1237),(685,1247),(661,1247)
"27"bounds: (696,1236),(710,1236),(710,1246),(696,1246)
"/"bounds: (720,1233),(736,1233),(736,1248),(720,1248)
"THE"bounds: (830,1237),(854,1235),(855,1249),(831,1251)
"Zb"bounds: (864,1238),(879,1237),(880,1249),(865,1250)
"44"bounds: (889,1233),(905,1232),(906,1249),(890,1250)
"7-306-37-77-08-"bounds: (552,1265),(685,1264),(685,1287),(552,1288)
"27"bounds: (692,1264),(714,1264),(714,1287),(692,1287)
"HT"bounds: (829,1272),(846,1271),(847,1284),(830,1285)
"4.11"bounds: (855,1267),(885,1265),(886,1283),(856,1285)
"61-58-16-"bounds: (612,1303),(685,1304),(685,1316),(612,1315)
"27"bounds: (696,1304),(710,1304),(710,1314),(696,1314)
"TL"bounds: (829,1306),(845,1305),(846,1317),(830,1318)
"Za"bounds: (855,1306),(870,1305),(871,1317),(856,1318)
"la"bounds: (879,1301),(895,1300),(896,1317),(880,1318)
"59-04-28-44-17-"bounds: (561,1330),(685,1330),(685,1340),(561,1340)
"27"bounds: (696,1330),(710,1330),(710,1340),(696,1340)
"KN"bounds: (829,1332),(846,1331),(847,1342),(830,1344)
"Zf"bounds: (855,1331),(871,1330),(872,1343),(856,1344)
"314"bounds: (880,1327),(904,1325),(905,1341),(881,1343)
"7e1-"bounds: (636,1355),(685,1356),(685,1383),(636,1382)
"27"bounds: (696,1364),(710,1364),(710,1383),(696,1383)
"*ARKH"bounds: (829,1360),(871,1360),(871,1376),(829,1376)
"4b.23"bounds: (881,1358),(920,1358),(920,1377),(881,1377)
"03-59-01-51-29-"bounds: (552,1396),(676,1398),(676,1410),(552,1408)
"27"bounds: (694,1395),(709,1395),(709,1411),(694,1411)
"HT"bounds: (829,1400),(845,1399),(846,1410),(830,1411)
"Zb"bounds: (855,1399),(869,1398),(870,1410),(856,1411)
"1604"bounds: (881,1393),(911,1391),(912,1409),(882,1411)
"4"bounds: (893,1426),(903,1426),(903,1438),(893,1438)
"57-06-67-04-04-51-29-"bounds: (501,1431),(676,1432),(676,1445),(501,1444)
"27"bounds: (695,1432),(709,1432),(709,1443),(695,1443)
"РK"bounds: (827,1430),(857,1431),(856,1448),(827,1447)
"Za"bounds: (856,1434),(870,1434),(870,1446),(856,1446)
"8a'"bounds: (880,1432),(901,1433),(901,1447),(880,1446)
"目"bounds: (179,1457),(194,1457),(194,1481),(179,1481)
"平"bounds: (200,1454),(216,1454),(216,1481),(200,1481)
"业"bounds: (223,1456),(238,1456),(238,1481),(223,1481)
"中非"bounds: (248,1452),(288,1452),(288,1482),(248,1482)
"水"bounds: (293,1450),(310,1450),(310,1486),(293,1486)
"出"bounds: (315,1449),(331,1449),(331,1480),(315,1480)
"PC"bounds: (340,1453),(369,1453),(369,1479),(340,1479)
"57-07-67-04-04-51-29-"bounds: (501,1468),(676,1469),(676,1480),(501,1479)
"27"bounds: (692,1465),(708,1465),(708,1482),(692,1482)
"PK"bounds: (829,1471),(845,1470),(845,1481),(829,1482)
"Za"bounds: (855,1471),(870,1470),(870,1482),(855,1483)
"154"bounds: (881,1466),(903,1465),(904,1482),(882,1483)
"186"bounds: (66,1517),(101,1517),(101,1534),(66,1534)