Texts:

"XIV
INSCRIPTIONS EN LINÉAIRE A
C. Davaras, A. Ioannidou-Karetsou, A. Lembessi, I. Sakellarakis,
M. Tsipopoulou, I. Tzedakis, D. Valianou et M. Vlasaki nous ont porté
secours dans les labyrinthes des musées grecs sans eux, en serions-nous
sortis ?
C. Antonelli, A. Barbato, M. Meekers, H. Moestermans, M. Ooms et
C. Seydel nous ont soulagés d'une partie non négligeable des travaux de
découpage et de collage des signes ainsi que de dactylographie notre
tension nerveuse et artérielle leur en gardera un souvenir ému.
Enfin, O. Picard nous édita : nous aimons à croire qu'il s'en remettra.
Bruxelles, le 31 août 1984.
Note de correction:
La vignette de la p. v reproduit la Minoenne qui figure sur l'empreinte de sceau imprimée
sur le pourtour de la rondelle de Khania trouvée en 1982 (KH Wc 2117).
Rome, le 12 juin 1985.
"bounds: (258,185),(1062,185),(1062,1337),(258,1337)
"XIV"bounds: (258,194),(287,194),(287,203),(258,203)
"INSCRIPTIONS"bounds: (525,192),(641,191),(641,200),(525,201)
"EN"bounds: (655,191),(676,191),(676,200),(655,200)
"LINÉAIRE"bounds: (690,186),(770,185),(770,199),(690,200)
"A"bounds: (784,191),(791,191),(791,200),(784,200)
"C."bounds: (305,239),(341,239),(341,264),(305,264)
"Davaras,"bounds: (346,242),(437,242),(437,263),(346,263)
"A."bounds: (456,241),(475,241),(475,257),(456,257)
"Ioannidou-Karetsou,"bounds: (496,241),(712,240),(712,261),(496,262)
"A."bounds: (731,240),(751,240),(751,256),(731,256)
"Lembessi,"bounds: (772,238),(871,238),(871,260),(772,260)
"I."bounds: (889,236),(908,236),(908,261),(889,261)
"Sakellarakis,"bounds: (922,237),(1054,236),(1054,258),(922,259)
"M."bounds: (260,274),(283,274),(283,290),(260,290)
"Tsipopoulou,"bounds: (297,274),(431,273),(431,294),(297,295)
"I."bounds: (449,271),(471,271),(471,294),(449,294)
"Tzedakis,"bounds: (476,271),(573,270),(573,292),(476,293)
"D."bounds: (588,272),(609,272),(609,288),(588,288)
"Valianou"bounds: (625,270),(715,269),(715,287),(625,288)
"et"bounds: (732,274),(750,274),(750,287),(732,287)
"M."bounds: (765,271),(788,271),(788,287),(765,287)
"Vlasaki"bounds: (803,270),(878,270),(878,287),(803,287)
"nous"bounds: (892,276),(938,276),(938,286),(892,286)
"ont"bounds: (952,273),(984,273),(984,286),(952,286)
"porté"bounds: (1000,270),(1054,270),(1054,291),(1000,291)
"secours"bounds: (260,311),(333,311),(333,321),(260,321)
"dans"bounds: (347,304),(392,304),(392,320),(347,320)
"les"bounds: (405,304),(430,304),(430,320),(405,320)
"labyrinthes"bounds: (443,303),(560,302),(560,323),(443,324)
"des"bounds: (574,302),(604,302),(604,319),(574,319)
"musées"bounds: (618,303),(689,303),(689,318),(618,318)
"grecs"bounds: (703,307),(753,307),(753,322),(703,322)
"sans"bounds: (783,307),(825,307),(825,318),(783,318)
"eux,"bounds: (839,307),(879,307),(879,321),(839,321)
"en"bounds: (894,307),(915,307),(915,317),(894,317)
"serions-nous"bounds: (929,299),(1055,298),(1055,316),(929,317)
"sortis"bounds: (260,336),(314,336),(314,352),(260,352)
"?"bounds: (326,335),(332,335),(332,351),(326,351)
"C."bounds: (307,364),(339,364),(339,388),(307,388)
"Antonelli,"bounds: (342,365),(444,364),(444,386),(342,387)
"A."bounds: (458,365),(478,365),(478,381),(458,381)
"Barbato,"bounds: (492,364),(581,363),(581,384),(492,385)
"M."bounds: (596,364),(619,364),(619,380),(596,380)
"Meekers,"bounds: (634,364),(722,363),(722,384),(634,385)
"H."bounds: (739,363),(759,363),(759,379),(739,379)
"Moestermans,"bounds: (774,363),(915,362),(915,383),(774,384)
"M."bounds: (930,362),(953,362),(953,378),(930,378)
"Ooms"bounds: (968,362),(1024,362),(1024,378),(968,378)
"et"bounds: (1038,365),(1055,365),(1055,378),(1038,378)
"C."bounds: (258,397),(290,397),(290,421),(258,421)
"Seydel"bounds: (294,397),(360,396),(360,418),(294,419)
"nous"bounds: (375,403),(420,403),(420,413),(375,413)
"ont"bounds: (435,400),(468,400),(468,413),(435,413)
"soulagés"bounds: (482,396),(566,395),(566,417),(482,418)
"d'une"bounds: (580,395),(636,395),(636,411),(580,411)
"partie"bounds: (650,394),(709,394),(709,417),(650,417)
"non"bounds: (724,401),(760,401),(760,410),(724,410)
"négligeable"bounds: (774,393),(889,392),(889,415),(774,416)
"des"bounds: (899,393),(930,393),(930,409),(899,409)
"travaux"bounds: (941,396),(1023,395),(1023,409),(941,410)
"de"bounds: (1035,393),(1056,393),(1056,409),(1035,409)
"découpage"bounds: (261,428),(369,427),(369,449),(261,450)
"et"bounds: (385,431),(402,431),(402,444),(385,444)
"de"bounds: (418,428),(439,428),(439,444),(418,444)
"collage"bounds: (456,427),(524,427),(524,448),(456,448)
"des"bounds: (541,427),(571,427),(571,443),(541,443)
"signes"bounds: (587,426),(646,426),(646,448),(587,448)
"ainsi"bounds: (662,425),(707,425),(707,442),(662,442)
"que"bounds: (724,432),(759,432),(759,447),(724,447)
"de"bounds: (775,425),(796,425),(796,442),(775,442)
"dactylographie"bounds: (812,424),(967,423),(967,446),(812,447)
"notre"bounds: (1002,427),(1056,427),(1056,440),(1002,440)
"tension"bounds: (261,458),(335,457),(335,475),(261,476)
"nerveuse"bounds: (347,465),(437,464),(437,475),(347,476)
"et"bounds: (449,462),(466,462),(466,474),(449,474)
"artérielle"bounds: (478,458),(568,457),(568,474),(478,475)
"leur"bounds: (581,457),(618,457),(618,473),(581,473)
"en"bounds: (630,464),(651,464),(651,473),(630,473)
"gardera"bounds: (663,456),(740,455),(740,475),(663,476)
"un"bounds: (752,463),(776,463),(776,472),(752,472)
"souvenir"bounds: (787,455),(875,454),(875,471),(787,472)
"ému."bounds: (886,456),(933,456),(933,471),(886,471)
"Enfin,"bounds: (312,490),(374,490),(374,510),(312,510)
"O."bounds: (386,490),(406,490),(406,506),(386,506)
"Picard"bounds: (418,489),(484,489),(484,506),(418,506)
"nous"bounds: (495,496),(541,496),(541,506),(495,506)
"édita"bounds: (552,488),(602,488),(602,505),(552,505)
":"bounds: (613,487),(622,487),(622,508),(613,508)
"nous"bounds: (627,495),(673,495),(673,505),(627,505)
"aimons"bounds: (684,487),(756,487),(756,505),(684,505)
"à"bounds: (767,489),(775,489),(775,503),(767,503)
"croire"bounds: (787,487),(844,487),(844,504),(787,504)
"qu'il"bounds: (855,486),(899,486),(899,506),(855,506)
"s'en"bounds: (910,486),(948,486),(948,503),(910,503)
"remettra."bounds: (960,489),(1056,488),(1056,502),(960,503)
"Bruxelles,"bounds: (711,545),(812,544),(812,565),(711,566)
"le"bounds: (827,544),(843,544),(843,560),(827,560)
"31"bounds: (858,544),(878,544),(878,560),(858,560)
"août"bounds: (895,544),(939,543),(939,560),(895,561)
"1984."bounds: (955,543),(1006,542),(1006,559),(955,560)
"Note"bounds: (266,1241),(298,1241),(298,1251),(266,1251)
"de"bounds: (307,1240),(321,1240),(321,1251),(307,1251)
"correction:"bounds: (330,1239),(409,1239),(409,1251),(330,1251)
"La"bounds: (314,1276),(332,1276),(332,1287),(314,1287)
"vignette"bounds: (344,1275),(404,1274),(404,1288),(344,1289)
"de"bounds: (415,1275),(430,1275),(430,1286),(415,1286)
"la"bounds: (441,1274),(452,1274),(452,1285),(441,1285)
"p."bounds: (464,1277),(476,1277),(476,1288),(464,1288)
"v"bounds: (488,1277),(495,1277),(495,1285),(488,1285)
"reproduit"bounds: (506,1273),(576,1272),(576,1287),(506,1288)
"la"bounds: (589,1273),(600,1273),(600,1284),(589,1284)
"Minoenne"bounds: (612,1272),(683,1271),(683,1283),(612,1284)
"qui"bounds: (697,1271),(719,1271),(719,1286),(697,1286)
"figure"bounds: (731,1271),(772,1271),(772,1285),(731,1285)
"sur"bounds: (783,1273),(806,1273),(806,1282),(783,1282)
"l'empreinte"bounds: (818,1270),(903,1269),(903,1283),(818,1284)
"de"bounds: (914,1269),(930,1269),(930,1279),(914,1279)
"sceau"bounds: (941,1271),(981,1271),(981,1280),(941,1280)
"imprimée"bounds: (992,1268),(1062,1267),(1062,1282),(992,1283)
"sur"bounds: (266,1300),(288,1300),(288,1307),(266,1307)
"le"bounds: (299,1296),(309,1296),(309,1306),(299,1306)
"pourtour"bounds: (320,1296),(386,1295),(386,1309),(320,1310)
"de"bounds: (396,1295),(412,1295),(412,1306),(396,1306)
"la"bounds: (422,1295),(434,1295),(434,1305),(422,1305)
"rondelle"bounds: (445,1294),(505,1293),(505,1305),(445,1306)
"de"bounds: (516,1294),(531,1294),(531,1305),(516,1305)
"Khania"bounds: (543,1293),(597,1292),(597,1304),(543,1305)
"trouvée"bounds: (609,1292),(664,1291),(664,1303),(609,1304)
"en"bounds: (675,1295),(691,1295),(691,1302),(675,1302)
"1982"bounds: (704,1291),(735,1291),(735,1302),(704,1302)
"(KH"bounds: (747,1290),(779,1290),(779,1304),(747,1304)
"Wc"bounds: (789,1290),(814,1290),(814,1303),(789,1303)
"2117)."bounds: (823,1289),(867,1288),(867,1302),(823,1303)
"Rome,"bounds: (808,1323),(854,1322),(854,1336),(808,1337)
"le"bounds: (865,1323),(876,1323),(876,1333),(865,1333)
"12"bounds: (889,1322),(903,1322),(903,1333),(889,1333)
"juin"bounds: (913,1322),(942,1322),(942,1335),(913,1335)
"1985."bounds: (955,1321),(991,1320),(991,1332),(955,1333)