Texts:

"КН 37
.[6.40] x C3,10] x 0,6o Cm.
KH 38
-[2,20]*[3,00] x[0.40] cm.
ΚΗ 39
-[3,10]x [4,20] x 1,00 cm.
66
"bounds: (75,62),(1193,62),(1193,1522),(75,1522)
"КН"bounds: (86,62),(139,62),(139,83),(86,83)
"37"bounds: (142,63),(158,63),(158,84),(142,84)
".[6.40]"bounds: (830,405),(956,407),(956,428),(830,426)
"x"bounds: (958,405),(970,405),(970,430),(958,430)
"C3,10]"bounds: (971,408),(1053,409),(1053,429),(971,428)
"x"bounds: (1068,415),(1079,415),(1079,426),(1068,426)
"0,6o"bounds: (1094,411),(1145,412),(1145,429),(1094,428)
"Cm."bounds: (1153,416),(1193,417),(1193,429),(1153,428)
"KH"bounds: (76,590),(114,590),(114,607),(76,607)
"38"bounds: (130,591),(154,591),(154,608),(130,608)
"-[2,20]*[3,00]"bounds: (799,867),(936,870),(936,894),(799,891)
"x[0.40]"bounds: (942,872),(1013,873),(1013,894),(942,893)
"cm."bounds: (1019,882),(1049,883),(1049,893),(1019,892)
"ΚΗ"bounds: (75,1122),(113,1122),(113,1139),(75,1139)
"39"bounds: (129,1123),(153,1123),(153,1140),(129,1140)
"-[3,10]x"bounds: (793,1400),(868,1406),(866,1426),(791,1421)
"[4,20]"bounds: (875,1407),(927,1411),(925,1431),(874,1427)
"x"bounds: (933,1421),(939,1421),(938,1428),(932,1428)
"1,00"bounds: (948,1414),(986,1417),(985,1432),(947,1429)
"cm."bounds: (992,1422),(1017,1424),(1016,1433),(991,1431)
"66"bounds: (75,1506),(98,1506),(98,1522),(75,1522)