Texts:

"VI. Zf INSCRIPTIONS SUR SUPPORTS MÉTALLIQUES
1. ARKALOKHORI
"bounds: (260,368),(947,368),(947,749),(260,749)
"VI."bounds: (260,372),(303,372),(303,395),(260,395)
"Zf"bounds: (313,371),(343,371),(343,395),(313,395)
"INSCRIPTIONS"bounds: (348,375),(535,374),(535,392),(348,393)
"SUR"bounds: (551,374),(601,374),(601,391),(551,391)
"SUPPORTS"bounds: (616,372),(748,371),(748,390),(616,391)
"MÉTALLIQUES"bounds: (763,369),(947,368),(947,391),(763,392)
"1."bounds: (403,709),(454,709),(454,749),(403,749)
"ARKALOKHORI"bounds: (461,714),(767,714),(767,744),(461,744)