Texts:

"INTRODUCTION
XXIII
Brice
Platon
Date de
Lieu de
No d'inventaire
GORILA
1975
1975
trouvaille
trouvaille
HM
ZA 18a
1963
1631+1634+1635+
1643+1646+1647+
14 frr.
[+]1632+ 2 frr.
1633+ fr.
Y, 8, e
16
ZA 186
ZA 19
ZA 20
1963
1963
Fr. a
Fr. b
17
1963
XVI A*
1636
ZA 21
1637+1640[+]1638
[+]1639
1641+ 11 frr.
1642
18
1963
1963
1963
ZA 22
Fr. e
ZA 23
Fr. d
ZA 24
Fr. g
1963
1644+ 2 frr.
ZA 25
1963
1645
ZA 26
Fr. f
1963
1652
ZA 27
Fr. c
1963
1653
ZA 28
ZA 29
Fr. i
1963
Fr. h
Fr. j
1963
1963
ZA 30
ZA 31
Fr. k
1963
ZA 32
Fr. 1
1963
ZA 33
1963
* : l'astérisque indique qu'il y a doute sur la provenance exacte d'une des sept tablettes qui en
est affectée (cf. ci-dessus, p. XIV).
VI. PRÉSENTATION DU RECUEIL
On se reportera, ainsi qu'il a été suggéré ci-dessus dans l'Avant-propos,
à l'Introduction du volume 1, p. XXXI-XXXVI.
Mallia, le 1er juin 1976.
"bounds: (167,187),(963,187),(963,1149),(167,1149)
"INTRODUCTION"bounds: (497,188),(625,188),(625,197),(497,197)
"XXIII"bounds: (914,188),(959,187),(959,198),(914,199)
"Brice"bounds: (323,265),(360,265),(360,275),(323,275)
"Platon"bounds: (431,264),(480,266),(479,278),(430,276)
"Date"bounds: (538,265),(573,265),(573,276),(538,276)
"de"bounds: (584,266),(600,266),(600,276),(584,276)
"Lieu"bounds: (654,265),(685,266),(685,277),(654,276)
"de"bounds: (697,265),(712,265),(712,276),(697,276)
"No"bounds: (780,262),(821,262),(821,277),(780,277)
"d'inventaire"bounds: (824,262),(907,263),(907,279),(824,278)
"GORILA"bounds: (197,271),(252,273),(252,284),(197,282)
"1975"bounds: (327,285),(359,285),(359,296),(327,296)
"1975"bounds: (440,285),(472,285),(472,296),(440,296)
"trouvaille"bounds: (532,285),(604,284),(604,295),(532,296)
"trouvaille"bounds: (645,284),(717,283),(717,295),(645,296)
"HM"bounds: (837,285),(862,285),(862,296),(837,296)
"ZA"bounds: (191,350),(219,351),(219,365),(191,364)
"18a"bounds: (227,350),(256,351),(256,366),(227,365)
"1963"bounds: (551,350),(589,349),(589,364),(551,365)
"1631+1634+1635+"bounds: (751,350),(934,351),(934,369),(751,368)
"1643+1646+1647+"bounds: (751,375),(934,375),(934,392),(751,392)
"14"bounds: (751,400),(769,401),(769,414),(751,413)
"frr."bounds: (778,399),(804,400),(803,420),(777,419)
"[+]1632+"bounds: (750,424),(843,424),(843,442),(750,442)
"2"bounds: (854,424),(863,424),(863,438),(854,438)
"frr."bounds: (871,424),(897,424),(897,443),(871,443)
"1633+"bounds: (751,447),(809,449),(808,466),(750,464)
"fr."bounds: (819,447),(837,448),(836,468),(818,467)
"Y,"bounds: (309,353),(345,351),(346,370),(310,372)
"8,"bounds: (347,351),(361,350),(362,369),(348,370)
"e"bounds: (362,357),(369,357),(370,366),(363,366)
"16"bounds: (448,351),(465,351),(465,365),(448,365)
"ZA"bounds: (191,423),(219,423),(219,438),(191,438)
"186"bounds: (227,424),(256,424),(256,438),(227,438)
"ZA"bounds: (192,448),(219,448),(219,462),(192,462)
"19"bounds: (228,447),(247,447),(247,462),(228,462)
"ZA"bounds: (192,472),(220,472),(220,486),(192,486)
"20"bounds: (227,472),(247,472),(247,487),(227,487)
"1963"bounds: (551,423),(589,422),(589,437),(551,438)
"1963"bounds: (551,447),(589,448),(589,463),(551,462)
"Fr."bounds: (433,423),(457,424),(456,438),(432,437)
"a"bounds: (466,429),(473,429),(473,438),(466,438)
"Fr."bounds: (432,448),(457,448),(457,462),(432,462)
"b"bounds: (466,448),(475,448),(475,462),(466,462)
"17"bounds: (449,473),(465,473),(465,486),(449,486)
"1963"bounds: (551,473),(589,473),(589,486),(551,486)
"XVI"bounds: (645,473),(683,473),(683,486),(645,486)
"A*"bounds: (693,473),(714,473),(714,487),(693,487)
"1636"bounds: (751,473),(790,473),(790,486),(751,486)
"ZA"bounds: (192,496),(220,496),(220,511),(192,511)
"21"bounds: (228,497),(247,497),(247,512),(228,512)
"1637+1640[+]1638"bounds: (751,496),(929,497),(929,516),(751,515)
"[+]1639"bounds: (750,521),(824,521),(824,540),(750,540)
"1641+"bounds: (751,546),(809,546),(809,562),(751,562)
"11"bounds: (820,546),(835,546),(835,559),(820,559)
"frr."bounds: (846,546),(872,546),(872,564),(846,564)
"1642"bounds: (752,570),(790,570),(790,585),(752,585)
"18"bounds: (449,497),(466,497),(466,511),(449,511)
"1963"bounds: (552,497),(589,496),(589,510),(552,511)
"1963"bounds: (551,545),(590,544),(590,559),(551,560)
"1963"bounds: (552,569),(590,568),(590,583),(552,584)
"ZA"bounds: (192,545),(220,545),(220,559),(192,559)
"22"bounds: (228,545),(247,545),(247,560),(228,560)
"Fr."bounds: (435,545),(460,546),(459,560),(434,559)
"e"bounds: (469,550),(476,550),(476,559),(469,559)
"ZA"bounds: (193,570),(220,570),(220,583),(193,583)
"23"bounds: (228,570),(248,570),(248,584),(228,584)
"Fr."bounds: (436,570),(460,570),(460,584),(436,584)
"d"bounds: (469,571),(478,571),(478,584),(469,584)
"ZA"bounds: (193,594),(220,594),(220,608),(193,608)
"24"bounds: (228,594),(248,594),(248,608),(228,608)
"Fr."bounds: (437,594),(462,597),(460,611),(435,608)
"g"bounds: (469,599),(478,600),(476,613),(467,612)
"1963"bounds: (552,594),(590,593),(590,608),(552,609)
"1644+"bounds: (752,594),(809,595),(809,612),(752,611)
"2"bounds: (818,595),(827,595),(827,609),(818,609)
"frr."bounds: (836,594),(862,594),(862,613),(836,613)
"ZA"bounds: (193,618),(220,618),(220,632),(193,632)
"25"bounds: (228,618),(248,618),(248,632),(228,632)
"1963"bounds: (553,619),(590,618),(590,632),(553,633)
"1645"bounds: (752,619),(790,618),(790,632),(752,633)
"ZA"bounds: (193,643),(221,643),(221,657),(193,657)
"26"bounds: (229,643),(248,643),(248,657),(229,657)
"Fr."bounds: (436,643),(460,643),(460,657),(436,657)
"f"bounds: (470,643),(474,643),(474,657),(470,657)
"1963"bounds: (553,642),(590,641),(590,657),(553,658)
"1652"bounds: (752,643),(791,642),(791,657),(752,658)
"ZA"bounds: (193,667),(221,667),(221,681),(193,681)
"27"bounds: (229,667),(248,667),(248,681),(229,681)
"Fr."bounds: (439,664),(468,666),(467,684),(438,682)
"c"bounds: (469,673),(476,673),(475,681),(468,681)
"1963"bounds: (552,668),(591,667),(591,681),(552,682)
"1653"bounds: (752,668),(790,667),(790,681),(752,682)
"ZA"bounds: (193,691),(221,692),(221,706),(193,705)
"28"bounds: (229,691),(248,691),(248,706),(229,706)
"ZA"bounds: (193,715),(221,716),(221,730),(193,729)
"29"bounds: (229,715),(248,715),(248,730),(229,730)
"Fr."bounds: (436,692),(460,692),(460,706),(436,706)
"i"bounds: (470,692),(473,692),(473,705),(470,705)
"1963"bounds: (552,691),(591,690),(591,705),(552,706)
"Fr."bounds: (436,716),(460,716),(460,730),(436,730)
"h"bounds: (468,714),(475,714),(475,732),(468,732)
"Fr."bounds: (438,740),(461,743),(459,757),(436,755)
"j"bounds: (471,740),(475,740),(473,758),(469,758)
"1963"bounds: (553,716),(590,714),(591,730),(554,732)
"1963"bounds: (553,740),(591,738),(592,754),(554,756)
"ZA"bounds: (193,740),(221,740),(221,754),(193,754)
"30"bounds: (229,740),(248,740),(248,754),(229,754)
"ZA"bounds: (194,764),(221,764),(221,778),(194,778)
"31"bounds: (229,764),(248,764),(248,778),(229,778)
"Fr."bounds: (436,765),(461,765),(461,778),(436,778)
"k"bounds: (470,765),(479,765),(479,778),(470,778)
"1963"bounds: (553,765),(591,765),(591,778),(553,778)
"ZA"bounds: (194,788),(221,788),(221,802),(194,802)
"32"bounds: (230,788),(249,788),(249,803),(230,803)
"Fr."bounds: (437,789),(461,789),(461,803),(437,803)
"1"bounds: (470,788),(473,788),(473,802),(470,802)
"1963"bounds: (553,788),(592,789),(591,805),(552,804)
"ZA"bounds: (194,813),(221,813),(221,827),(194,827)
"33"bounds: (230,813),(249,813),(249,827),(230,827)
"1963"bounds: (553,814),(591,813),(591,827),(553,828)
"*"bounds: (218,885),(236,885),(236,895),(218,895)
":"bounds: (238,881),(245,881),(245,900),(238,900)
"l'astérisque"bounds: (245,885),(330,885),(330,899),(245,899)
"indique"bounds: (339,885),(394,885),(394,899),(339,899)
"qu'il"bounds: (402,885),(435,885),(435,899),(402,899)
"y"bounds: (443,888),(451,888),(451,899),(443,899)
"a"bounds: (460,888),(466,888),(466,895),(460,895)
"doute"bounds: (475,885),(516,885),(516,895),(475,895)
"sur"bounds: (524,888),(546,888),(546,895),(524,895)
"la"bounds: (554,885),(566,885),(566,895),(554,895)
"provenance"bounds: (575,888),(660,888),(660,899),(575,899)
"exacte"bounds: (669,885),(716,885),(716,895),(669,895)
"d'une"bounds: (725,885),(765,885),(765,895),(725,895)
"des"bounds: (774,885),(796,885),(796,895),(774,895)
"sept"bounds: (805,885),(834,885),(834,898),(805,898)
"tablettes"bounds: (843,884),(908,884),(908,895),(843,895)
"qui"bounds: (916,884),(939,884),(939,898),(916,898)
"en"bounds: (948,888),(963,888),(963,895),(948,895)
"est"bounds: (167,905),(187,905),(187,915),(167,915)
"affectée"bounds: (196,904),(252,905),(252,917),(196,916)
"(cf."bounds: (262,904),(283,904),(283,918),(262,918)
"ci-dessus,"bounds: (293,905),(363,906),(363,917),(293,916)
"p."bounds: (373,908),(385,908),(385,919),(373,919)
"XIV)."bounds: (396,905),(429,905),(429,916),(396,916)
"VI."bounds: (397,1000),(438,1001),(438,1020),(397,1019)
"PRÉSENTATION"bounds: (440,1002),(594,1004),(594,1020),(440,1018)
"DU"bounds: (611,1008),(636,1008),(636,1018),(611,1018)
"RECUEIL"bounds: (653,1007),(738,1008),(738,1019),(653,1018)
"On"bounds: (220,1051),(253,1051),(253,1076),(220,1076)
"se"bounds: (255,1060),(273,1060),(273,1070),(255,1070)
"reportera,"bounds: (282,1057),(384,1057),(384,1075),(282,1075)
"ainsi"bounds: (395,1053),(441,1053),(441,1070),(395,1070)
"qu'il"bounds: (451,1053),(496,1053),(496,1075),(451,1075)
"a"bounds: (506,1060),(515,1060),(515,1070),(506,1070)
"été"bounds: (526,1054),(554,1054),(554,1070),(526,1070)
"suggéré"bounds: (564,1054),(641,1054),(641,1075),(564,1075)
"ci-dessus"bounds: (651,1053),(741,1053),(741,1069),(651,1069)
"dans"bounds: (751,1053),(797,1053),(797,1069),(751,1069)
"l'Avant-propos,"bounds: (806,1053),(963,1053),(963,1075),(806,1075)
"à"bounds: (175,1075),(188,1075),(188,1093),(175,1093)
"l'Introduction"bounds: (190,1076),(330,1077),(330,1095),(190,1094)
"du"bounds: (343,1077),(367,1077),(367,1094),(343,1094)
"volume"bounds: (381,1077),(454,1078),(454,1095),(381,1094)
"1,"bounds: (469,1077),(483,1077),(483,1096),(469,1096)
"p."bounds: (497,1085),(513,1085),(513,1096),(497,1096)
"XXXI-XXXVI."bounds: (529,1083),(659,1084),(659,1095),(529,1094)
"Mallia,"bounds: (667,1128),(735,1127),(735,1148),(667,1149)
"le"bounds: (747,1128),(762,1128),(762,1144),(747,1144)
"1er"bounds: (774,1128),(801,1128),(801,1144),(774,1144)
"juin"bounds: (810,1128),(851,1128),(851,1149),(810,1149)
"1976."bounds: (863,1127),(914,1127),(914,1144),(863,1144)