Texts:

"4. CONCORDANCE TYPOLOGIQUE
Colonne 1 Type de document (tablette, Wa-Wc, Za-Zg).
Colonne 2 : GORILA (volume).
Colonne 3 Provenance (résolution des abréviations dans la « Concordance
géographique »).
Colonne 4 : Nombre de documents par site (dans un volume donné).
Colonne 5 : Nombre de documents par volume.
Colonne 6 : Nombre de documents par type.
GORILA 1
HT
:
147
KE
1
KN
MA
PK
1
190
РА
1
PH
:
26
PYR
TY
1
Tablettes..........
ZA
1
318
GORILA 3
ARKH
7
KH
85
122
ZA
30
GORILA 5
KH
:
MA
1
6
MI
:
1
PYR
:
1
GORILA 2
HT
861
862
Nodules (Wa)..
PH
1
:
882
GORILA 3
KH
:
20
20
GORILA 2
HT
2
Scellés (Wb)..
KN
1
7
7
PH
4
.. .. .. .... ..
"bounds: (266,410),(1061,410),(1061,1326),(266,1326)
"4."bounds: (450,410),(487,410),(487,435),(450,435)
"CONCORDANCE"bounds: (488,413),(677,415),(677,433),(488,431)
"TYPOLOGIQUE"bounds: (692,414),(875,416),(875,438),(692,436)
"Colonne"bounds: (266,515),(347,515),(347,532),(266,532)
"1"bounds: (363,516),(370,516),(370,532),(363,532)
"Type"bounds: (405,516),(456,516),(456,537),(405,537)
"de"bounds: (468,516),(489,516),(489,532),(468,532)
"document"bounds: (501,516),(603,517),(603,534),(501,533)
"(tablette,"bounds: (612,514),(710,515),(710,539),(612,538)
"Wa-Wc,"bounds: (716,514),(814,515),(814,540),(716,539)
"Za-Zg)."bounds: (820,517),(903,517),(903,539),(820,539)
"Colonne"bounds: (266,550),(347,551),(347,569),(266,568)
"2"bounds: (362,551),(371,551),(371,566),(362,566)
":"bounds: (388,558),(389,558),(389,567),(388,567)
"GORILA"bounds: (406,550),(481,551),(481,568),(406,567)
"(volume)."bounds: (494,551),(589,552),(589,575),(494,574)
"Colonne"bounds: (266,586),(348,586),(348,603),(266,603)
"3"bounds: (362,586),(372,586),(372,603),(362,603)
"Provenance"bounds: (406,586),(527,586),(527,603),(406,603)
"(résolution"bounds: (537,587),(646,587),(646,608),(537,608)
"des"bounds: (656,587),(686,587),(686,604),(656,604)
"abréviations"bounds: (696,587),(823,587),(823,604),(696,604)
"dans"bounds: (833,588),(878,588),(878,604),(833,604)
"la"bounds: (887,588),(904,588),(904,605),(887,605)
"«"bounds: (913,593),(919,593),(919,604),(913,604)
"Concordance"bounds: (929,588),(1061,588),(1061,605),(929,605)
"géographique"bounds: (406,617),(545,617),(545,640),(406,640)
"»)."bounds: (553,618),(573,618),(573,639),(553,639)
"Colonne"bounds: (266,652),(347,653),(347,670),(266,669)
"4"bounds: (362,653),(372,653),(372,669),(362,669)
":"bounds: (386,650),(395,650),(395,672),(386,672)
"Nombre"bounds: (406,652),(488,653),(488,670),(406,669)
"de"bounds: (506,653),(528,653),(528,669),(506,669)
"documents"bounds: (546,653),(657,654),(657,670),(546,669)
"par"bounds: (675,660),(708,660),(708,674),(675,674)
"site"bounds: (725,653),(759,653),(759,670),(725,670)
"(dans"bounds: (778,654),(831,654),(831,675),(778,675)
"un"bounds: (849,661),(873,661),(873,670),(849,670)
"volume"bounds: (891,655),(966,656),(966,672),(891,671)
"donné)."bounds: (984,655),(1059,656),(1059,678),(984,677)
"Colonne"bounds: (266,692),(348,693),(348,710),(266,709)
"5"bounds: (363,692),(372,692),(372,709),(363,709)
":"bounds: (387,689),(396,689),(396,711),(387,711)
"Nombre"bounds: (407,691),(489,692),(489,710),(407,709)
"de"bounds: (504,692),(526,692),(526,710),(504,710)
"documents"bounds: (541,693),(652,694),(652,710),(541,709)
"par"bounds: (667,700),(700,700),(700,714),(667,714)
"volume."bounds: (714,694),(795,695),(795,711),(714,710)
"Colonne"bounds: (266,727),(348,728),(348,744),(266,743)
"6"bounds: (363,727),(373,727),(373,743),(363,743)
":"bounds: (387,725),(395,725),(395,746),(387,746)
"Nombre"bounds: (407,727),(489,728),(489,745),(407,744)
"de"bounds: (504,728),(526,728),(526,744),(504,744)
"documents"bounds: (541,728),(652,730),(652,746),(541,744)
"par"bounds: (667,735),(700,736),(700,752),(667,751)
"type."bounds: (714,732),(765,733),(765,752),(714,751)
"GORILA"bounds: (562,826),(617,827),(617,839),(562,838)
"1"bounds: (627,826),(634,826),(634,838),(627,838)
"HT"bounds: (705,827),(728,827),(728,839),(705,839)
":"bounds: (785,831),(786,831),(786,838),(785,838)
"147"bounds: (827,827),(850,826),(850,838),(827,839)
"KE"bounds: (704,847),(728,847),(728,858),(704,858)
"1"bounds: (845,848),(849,848),(849,858),(845,858)
"KN"bounds: (704,867),(728,867),(728,879),(704,879)
"MA"bounds: (704,886),(730,886),(730,898),(704,898)
"PK"bounds: (704,907),(727,907),(727,918),(704,918)
"1"bounds: (846,908),(849,908),(849,918),(846,918)
"190"bounds: (921,918),(944,918),(944,928),(921,928)
"РА"bounds: (704,927),(726,927),(726,938),(704,938)
"1"bounds: (846,928),(848,928),(848,938),(846,938)
"PH"bounds: (704,947),(728,947),(728,959),(704,959)
":"bounds: (785,951),(786,951),(786,958),(785,958)
"26"bounds: (835,948),(851,948),(851,958),(835,958)
"PYR"bounds: (704,967),(739,966),(739,979),(704,980)
"TY"bounds: (704,987),(726,987),(726,999),(704,999)
"1"bounds: (846,968),(850,968),(850,978),(846,978)
"Tablettes.........."bounds: (320,989),(465,994),(465,1005),(320,1000)
"ZA"bounds: (706,1007),(729,1007),(729,1019),(706,1019)
"1"bounds: (846,1008),(850,1008),(850,1018),(846,1018)
"318"bounds: (1031,1025),(1055,1025),(1055,1035),(1031,1035)
"GORILA"bounds: (562,1034),(617,1034),(617,1044),(562,1044)
"3"bounds: (627,1034),(635,1034),(635,1045),(627,1045)
"ARKH"bounds: (704,1034),(758,1034),(758,1046),(704,1046)
"7"bounds: (845,1035),(851,1035),(851,1045),(845,1045)
"KH"bounds: (704,1054),(731,1054),(731,1065),(704,1065)
"85"bounds: (835,1055),(851,1055),(851,1065),(835,1065)
"122"bounds: (921,1055),(944,1055),(944,1065),(921,1065)
"ZA"bounds: (706,1074),(728,1074),(728,1085),(706,1085)
"30"bounds: (836,1074),(852,1074),(852,1085),(836,1085)
"GORILA"bounds: (562,1100),(617,1101),(617,1112),(562,1111)
"5"bounds: (628,1100),(635,1100),(635,1112),(628,1112)
"KH"bounds: (705,1100),(732,1100),(732,1112),(705,1112)
":"bounds: (785,1104),(787,1104),(787,1111),(785,1111)
"MA"bounds: (705,1120),(731,1120),(731,1132),(705,1132)
"1"bounds: (846,1121),(850,1121),(850,1131),(846,1131)
"6"bounds: (938,1131),(945,1131),(945,1141),(938,1141)
"MI"bounds: (704,1140),(725,1140),(725,1152),(704,1152)
":"bounds: (786,1144),(787,1144),(787,1151),(786,1151)
"1"bounds: (847,1141),(850,1141),(850,1151),(847,1151)
"PYR"bounds: (704,1160),(740,1160),(740,1173),(704,1173)
":"bounds: (786,1164),(787,1164),(787,1171),(786,1171)
"1"bounds: (847,1161),(850,1161),(850,1171),(847,1171)
"GORILA"bounds: (562,1193),(617,1194),(617,1206),(562,1205)
"2"bounds: (627,1193),(635,1193),(635,1205),(627,1205)
"HT"bounds: (705,1193),(728,1193),(728,1205),(705,1205)
"861"bounds: (826,1194),(849,1194),(849,1205),(826,1205)
"862"bounds: (920,1204),(945,1204),(945,1215),(920,1215)
"Nodules"bounds: (318,1215),(376,1216),(376,1228),(318,1227)
"(Wa).."bounds: (392,1214),(440,1215),(440,1231),(392,1230)
"PH"bounds: (704,1213),(728,1213),(728,1225),(704,1225)
"1"bounds: (846,1214),(850,1214),(850,1224),(846,1224)
":"bounds: (785,1217),(787,1217),(787,1224),(785,1224)
"882"bounds: (1031,1217),(1056,1217),(1056,1228),(1031,1228)
"GORILA"bounds: (562,1240),(617,1240),(617,1251),(562,1251)
"3"bounds: (628,1240),(635,1240),(635,1252),(628,1252)
"KH"bounds: (704,1240),(732,1240),(732,1252),(704,1252)
":"bounds: (785,1244),(787,1244),(787,1251),(785,1251)
"20"bounds: (835,1240),(852,1240),(852,1252),(835,1252)
"20"bounds: (929,1241),(945,1241),(945,1252),(929,1252)
"GORILA"bounds: (562,1274),(616,1274),(616,1285),(562,1285)
"2"bounds: (627,1274),(635,1274),(635,1286),(627,1286)
"HT"bounds: (705,1274),(728,1274),(728,1286),(705,1286)
"2"bounds: (844,1275),(851,1275),(851,1285),(844,1285)
"Scellés"bounds: (327,1288),(369,1289),(369,1307),(327,1306)
"(Wb).."bounds: (374,1289),(423,1290),(423,1307),(374,1306)
"KN"bounds: (704,1294),(728,1294),(728,1306),(704,1306)
"1"bounds: (846,1295),(848,1295),(848,1304),(846,1304)
"7"bounds: (938,1295),(945,1295),(945,1306),(938,1306)
"7"bounds: (1049,1295),(1056,1295),(1056,1306),(1049,1306)
"PH"bounds: (704,1314),(729,1314),(729,1326),(704,1326)
"4"bounds: (844,1315),(851,1315),(851,1325),(844,1325)
".."bounds: (792,828),(792,853),(781,853),(781,828)
".."bounds: (792,855),(792,869),(781,869),(781,855)
".."bounds: (786,871),(786,878),(785,878),(785,871)
"...."bounds: (786,891),(786,918),(785,918),(785,891)
".."bounds: (786,931),(786,937),(785,937),(785,931)