Texts:

"ÉCOLE FRANÇAISE D'ATHENES
ÉTUDES CRÉTOISES, XXI
RECUEIL DES INSCRIPTIONS
EN LINÉAIRE A
VOLUME 1
TABLETTES ÉDITÉES AVANT 1970
PAR
LOUIS GODART ET JEAN-PIERRE OLIVIER
Dépositaire :
LIBRAIRIE ORIENTALISTE PAUL GEUTHNER
12, RUE VAVIN, PARIS VIe
1976
"bounds: (182,191),(931,191),(931,1346),(182,1346)
"ÉCOLE"bounds: (327,192),(416,192),(416,210),(327,210)
"FRANÇAISE"bounds: (441,194),(602,194),(602,213),(441,213)
"D'ATHENES"bounds: (627,191),(786,191),(786,210),(627,210)
"ÉTUDES"bounds: (386,244),(490,244),(490,267),(386,267)
"CRÉTOISES,"bounds: (509,244),(660,244),(660,270),(509,270)
"XXI"bounds: (676,248),(728,248),(728,266),(676,266)
"RECUEIL"bounds: (182,476),(405,476),(405,513),(182,513)
"DES"bounds: (432,476),(525,476),(525,513),(432,513)
"INSCRIPTIONS"bounds: (556,474),(931,474),(931,513),(556,513)
"EN"bounds: (357,554),(428,553),(428,590),(357,591)
"LINÉAIRE"bounds: (456,547),(697,545),(697,589),(456,591)
"A"bounds: (727,552),(761,552),(761,589),(727,589)
"VOLUME"bounds: (484,664),(603,664),(603,682),(484,682)
"1"bounds: (620,664),(631,664),(631,682),(620,682)
"TABLETTES"bounds: (267,760),(458,759),(458,784),(267,785)
"ÉDITÉES"bounds: (481,754),(621,753),(621,782),(481,783)
"AVANT"bounds: (644,757),(767,756),(767,782),(644,783)
"1970"bounds: (790,756),(852,756),(852,781),(790,781)
"PAR"bounds: (542,819),(577,818),(577,831),(542,832)
"LOUIS"bounds: (313,865),(380,865),(380,881),(313,881)
"GODART"bounds: (398,864),(496,863),(496,880),(398,881)
"ET"bounds: (513,864),(539,864),(539,879),(513,879)
"JEAN-PIERRE"bounds: (557,863),(700,862),(700,878),(557,879)
"OLIVIER"bounds: (718,861),(809,861),(809,878),(718,878)
"Dépositaire"bounds: (497,1205),(612,1205),(612,1228),(497,1228)
":"bounds: (619,1212),(623,1212),(623,1221),(619,1221)
"LIBRAIRIE"bounds: (265,1246),(399,1245),(399,1261),(265,1262)
"ORIENTALISTE"bounds: (419,1244),(609,1242),(609,1259),(419,1261)
"PAUL"bounds: (629,1242),(695,1241),(695,1258),(629,1259)
"GEUTHNER"bounds: (714,1240),(856,1239),(856,1257),(714,1258)
"12,"bounds: (422,1277),(449,1277),(449,1294),(422,1294)
"RUE"bounds: (465,1280),(503,1279),(503,1288),(465,1289)
"VAVIN,"bounds: (520,1279),(586,1278),(586,1292),(520,1293)
"PARIS"bounds: (603,1278),(657,1277),(657,1288),(603,1289)
"VIe"bounds: (673,1273),(701,1273),(701,1287),(673,1287)
"1976"bounds: (539,1329),(585,1329),(585,1346),(539,1346)