Texts:

"HT 109
109
HM4833 - [6.90] x [7,30]x 4,20 cm.; C+] 10g þossible
main finalemant þeu Comvaincant.
176
"bounds: (64,68),(837,68),(837,1525),(64,1525)
"HT"bounds: (69,70),(104,69),(104,86),(69,87)
"109"bounds: (121,69),(156,68),(156,85),(121,86)
"109"bounds: (671,646),(705,643),(707,665),(673,668)
"HM4833"bounds: (426,1354),(489,1354),(489,1369),(426,1369)
"-"bounds: (496,1362),(502,1362),(502,1364),(496,1364)
"[6.90]"bounds: (510,1354),(557,1354),(557,1370),(510,1370)
"x"bounds: (567,1352),(577,1352),(577,1370),(567,1370)
"[7,30]x"bounds: (577,1354),(634,1354),(634,1370),(577,1370)
"4,20"bounds: (643,1353),(682,1353),(682,1371),(643,1371)
"cm.;"bounds: (684,1353),(717,1353),(717,1371),(684,1371)
"C+]"bounds: (719,1359),(744,1359),(744,1369),(719,1369)
"10g"bounds: (751,1356),(777,1356),(777,1370),(751,1370)
"þossible"bounds: (786,1354),(837,1354),(837,1372),(786,1372)
"main"bounds: (422,1386),(460,1386),(460,1397),(422,1397)
"finalemant"bounds: (477,1381),(571,1380),(571,1404),(477,1405)
"þeu"bounds: (589,1383),(616,1383),(616,1404),(589,1404)
"Comvaincant."bounds: (630,1386),(736,1385),(736,1397),(630,1398)
"176"bounds: (65,1506),(100,1508),(99,1525),(64,1523)