Texts:

"SY Za 3
éch. 1:1
HM 3757. "Gable à libations".
66
"bounds: (64,69),(910,69),(910,1532),(64,1532)
"SY"bounds: (64,69),(94,69),(94,86),(64,86)
"Za"bounds: (108,69),(136,69),(136,86),(108,86)
"3"bounds: (150,69),(160,69),(160,86),(150,86)
"éch."bounds: (606,768),(640,768),(640,786),(606,786)
"1:1"bounds: (646,768),(685,768),(685,786),(646,786)
"HM"bounds: (389,1429),(445,1430),(445,1463),(389,1462)
"3757."bounds: (470,1430),(572,1431),(572,1461),(470,1460)
""Gable"bounds: (590,1430),(693,1431),(693,1465),(590,1464)
"à"bounds: (709,1438),(730,1438),(730,1463),(709,1463)
"libations"."bounds: (751,1430),(910,1432),(910,1467),(751,1465)
"66"bounds: (64,1516),(87,1516),(87,1532),(64,1532)