Texts:

"VI. TABLE DES MATIÈRES GÉNÉRALE
GORILA 1: TABLETTES ÉDITÉES AVANT 1970
1. HAGHIA TRIADA..
1-251
2. КЕA...
253-254
3. KNossos..
255-265
4. MALLIA..
5. PALAIKASTRO.
267-278
279-281
6. PAPOURA...
283-284
7. РНAISTOS..
285-319
8. PYRGOS..
321-322
9. TYLISSOS..
323-329
10. ZAKROS..
331-333
GORILA 2: NODULES, SCELLÉS ET RONDELLES ÉDITÉS AVANT 1970
1. GOURNIA...
1-2
2. HAGHIA TRIADA
I. NODULES..
II. SCELLÉS..
III. RONDELLES.
3-67
69-70
71-78
3. KÉA.....
79-80
4. KNossos
I. SCELLÉ...
II. RONDELLES..
81-82
83-85
5. MALLIA..
87-88
"bounds: (165,397),(971,397),(971,1343),(165,1343)
"VI."bounds: (294,404),(329,404),(329,424),(294,424)
"TABLE"bounds: (347,403),(438,402),(438,424),(347,425)
"DES"bounds: (456,403),(509,403),(509,424),(456,424)
"MATIÈRES"bounds: (527,398),(673,397),(673,425),(527,426)
"GÉNÉRALE"bounds: (692,399),(848,398),(848,424),(692,425)
"GORILA"bounds: (326,520),(401,520),(401,537),(326,537)
"1:"bounds: (415,519),(450,519),(450,540),(415,540)
"TABLETTES"bounds: (456,519),(574,519),(574,540),(456,540)
"ÉDITÉES"bounds: (590,521),(673,521),(673,537),(590,537)
"AVANT"bounds: (689,527),(753,527),(753,537),(689,537)
"1970"bounds: (769,520),(815,520),(815,537),(769,537)
"1."bounds: (176,574),(220,574),(220,597),(176,597)
"HAGHIA"bounds: (219,578),(300,578),(300,594),(219,594)
"TRIADA.."bounds: (310,578),(408,578),(408,595),(310,595)
"1-251"bounds: (915,578),(968,577),(968,595),(915,596)
"2."bounds: (187,609),(203,609),(203,625),(187,625)
"КЕA..."bounds: (220,609),(293,609),(293,625),(220,625)
"253-254"bounds: (890,608),(970,609),(970,627),(890,626)
"3."bounds: (187,640),(203,640),(203,657),(187,657)
"KNossos.."bounds: (220,640),(329,639),(329,657),(220,658)
"255-265"bounds: (891,640),(969,639),(969,657),(891,658)
"4."bounds: (175,668),(224,668),(224,691),(175,691)
"MALLIA.."bounds: (219,671),(314,671),(314,688),(219,688)
"5."bounds: (176,700),(219,700),(219,721),(176,721)
"PALAIKASTRO."bounds: (219,702),(366,703),(366,720),(219,719)
"267-278"bounds: (891,671),(970,671),(970,688),(891,688)
"279-281"bounds: (891,702),(969,701),(969,719),(891,720)
"6."bounds: (187,732),(203,732),(203,750),(187,750)
"PAPOURA..."bounds: (220,733),(343,735),(343,752),(220,750)
"283-284"bounds: (890,733),(970,732),(970,750),(890,751)
"7."bounds: (188,764),(203,764),(203,780),(188,780)
"РНAISTOS.."bounds: (219,764),(336,764),(336,781),(219,781)
"285-319"bounds: (891,764),(970,764),(970,781),(891,781)
"8."bounds: (187,794),(203,794),(203,811),(187,811)
"PYRGOS.."bounds: (219,794),(317,795),(317,812),(219,811)
"321-322"bounds: (891,795),(970,795),(970,812),(891,812)
"9."bounds: (187,825),(203,825),(203,842),(187,842)
"TYLISSOS.."bounds: (219,825),(332,825),(332,842),(219,842)
"323-329"bounds: (892,826),(971,826),(971,843),(892,843)
"10."bounds: (165,854),(221,854),(221,877),(165,877)
"ZAKROS.."bounds: (220,857),(316,857),(316,874),(220,874)
"331-333"bounds: (892,857),(971,857),(971,874),(892,874)
"GORILA"bounds: (226,970),(301,970),(301,987),(226,987)
"2:"bounds: (312,970),(335,970),(335,986),(312,986)
"NODULES,"bounds: (348,970),(449,970),(449,990),(348,990)
"SCELLÉS"bounds: (462,971),(543,971),(543,986),(462,986)
"ET"bounds: (555,977),(578,977),(578,986),(555,986)
"RONDELLES"bounds: (589,976),(704,976),(704,986),(589,986)
"ÉDITÉS"bounds: (716,971),(786,971),(786,986),(716,986)
"AVANT"bounds: (798,976),(863,976),(863,986),(798,986)
"1970"bounds: (876,970),(922,970),(922,986),(876,986)
"1."bounds: (177,1024),(222,1024),(222,1046),(177,1046)
"GOURNIA..."bounds: (221,1027),(342,1028),(342,1046),(221,1045)
"1-2"bounds: (918,1027),(946,1027),(946,1044),(918,1044)
"2."bounds: (188,1063),(204,1063),(204,1079),(188,1079)
"HAGHIA"bounds: (221,1063),(301,1063),(301,1079),(221,1079)
"TRIADA"bounds: (316,1063),(393,1063),(393,1079),(316,1079)
"I."bounds: (287,1091),(318,1091),(318,1114),(287,1114)
"NODULES.."bounds: (321,1093),(433,1093),(433,1110),(321,1110)
"II."bounds: (275,1122),(315,1122),(315,1145),(275,1145)
"SCELLÉS.."bounds: (321,1124),(424,1124),(424,1141),(321,1141)
"III."bounds: (267,1152),(314,1152),(314,1175),(267,1175)
"RONDELLES."bounds: (322,1155),(450,1156),(450,1173),(322,1172)
"3-67"bounds: (917,1093),(959,1093),(959,1109),(917,1109)
"69-70"bounds: (905,1123),(960,1123),(960,1140),(905,1140)
"71-78"bounds: (906,1154),(960,1154),(960,1171),(906,1171)
"3."bounds: (189,1190),(204,1191),(203,1208),(188,1208)
"KÉA....."bounds: (222,1190),(315,1193),(314,1210),(221,1207)
"79-80"bounds: (906,1190),(960,1190),(960,1207),(906,1207)
"4."bounds: (179,1223),(222,1223),(222,1246),(179,1246)
"KNossos"bounds: (221,1226),(314,1226),(314,1242),(221,1242)
"I."bounds: (290,1254),(321,1254),(321,1277),(290,1277)
"SCELLÉ..."bounds: (322,1257),(425,1257),(425,1274),(322,1274)
"II."bounds: (279,1285),(315,1285),(315,1306),(279,1306)
"RONDELLES.."bounds: (322,1288),(460,1289),(460,1306),(322,1305)
"81-82"bounds: (906,1256),(960,1257),(960,1274),(906,1273)
"83-85"bounds: (904,1286),(960,1287),(960,1306),(904,1305)
"5."bounds: (178,1319),(223,1319),(223,1341),(178,1341)
"MALLIA.."bounds: (229,1319),(311,1320),(311,1343),(229,1342)
"87-88"bounds: (905,1323),(960,1323),(960,1339),(905,1339)