Texts:

"INSCRIPTIONS EN LINÉAIRE A
Wa 1196
Wa 1197
Wa 1198
HM 443.20
HM 443.21
HM 443.22
Wa 1199
Wa 1200
Wa 1201
HM 443.23
HM 443.24
HM 443.25
Wa 1202
Wa 1203
Wa 1204
中
HM 443.26
HM 443.27
HM 443.28
Wa 1205
Wa 1206
Wa 1207
HM 443. 2g
HM 443.30
HM 443.31
Wa 1208
Wa 1209
Wa 1210
中
HM 443. 32
HM 44 3.33
HM 443.34
22
"bounds: (72,64),(1172,64),(1172,1519),(72,1519)
"INSCRIPTIONS"bounds: (506,66),(630,66),(630,77),(506,77)
"EN"bounds: (642,67),(663,67),(663,77),(642,77)
"LINÉAIRE"bounds: (675,64),(759,64),(759,78),(675,78)
"A"bounds: (770,68),(780,68),(780,78),(770,78)
"Wa"bounds: (227,142),(258,141),(258,155),(227,156)
"1196"bounds: (272,141),(313,140),(313,156),(272,157)
"Wa"bounds: (597,143),(628,143),(628,157),(597,157)
"1197"bounds: (642,143),(683,143),(683,156),(642,156)
"Wa"bounds: (958,144),(990,145),(990,159),(958,158)
"1198"bounds: (1004,144),(1045,145),(1045,160),(1004,159)
"HM"bounds: (336,340),(363,340),(363,354),(336,354)
"443.20"bounds: (380,339),(455,338),(455,353),(380,354)
"HM"bounds: (686,342),(718,341),(718,356),(686,357)
"443.21"bounds: (730,341),(816,339),(816,354),(730,356)
"HM"bounds: (1043,343),(1071,343),(1071,355),(1043,355)
"443.22"bounds: (1082,341),(1161,341),(1161,356),(1082,356)
"Wa"bounds: (232,411),(262,411),(262,425),(232,425)
"1199"bounds: (277,410),(318,410),(318,425),(277,425)
"Wa"bounds: (598,411),(629,412),(629,426),(598,425)
"1200"bounds: (644,411),(684,412),(684,427),(644,426)
"Wa"bounds: (964,413),(995,412),(995,426),(964,427)
"1201"bounds: (1009,412),(1048,411),(1048,426),(1009,427)
"HM"bounds: (346,611),(373,611),(373,625),(346,625)
"443.23"bounds: (384,608),(457,607),(457,623),(384,624)
"HM"bounds: (686,610),(713,610),(713,623),(686,623)
"443.24"bounds: (728,610),(810,611),(810,625),(728,624)
"HM"bounds: (1041,609),(1072,609),(1072,624),(1041,624)
"443.25"bounds: (1083,608),(1162,608),(1162,624),(1083,624)
"Wa"bounds: (233,679),(263,679),(263,693),(233,693)
"1202"bounds: (278,679),(318,679),(318,693),(278,693)
"Wa"bounds: (603,682),(634,683),(634,697),(603,696)
"1203"bounds: (648,681),(689,682),(689,698),(648,697)
"Wa"bounds: (962,680),(992,680),(992,694),(962,694)
"1204"bounds: (1007,680),(1047,680),(1047,694),(1007,694)
"中"bounds: (346,806),(405,804),(407,869),(348,871)
"HM"bounds: (336,876),(367,876),(367,892),(336,892)
"443.26"bounds: (376,875),(449,874),(449,890),(376,891)
"HM"bounds: (687,878),(718,877),(718,891),(687,892)
"443.27"bounds: (733,876),(807,874),(807,889),(733,891)
"HM"bounds: (1048,881),(1073,881),(1073,895),(1048,895)
"443.28"bounds: (1088,880),(1160,879),(1160,894),(1088,895)
"Wa"bounds: (233,951),(263,951),(263,965),(233,965)
"1205"bounds: (278,951),(318,951),(318,966),(278,966)
"Wa"bounds: (605,952),(635,952),(635,965),(605,965)
"1206"bounds: (650,951),(691,951),(691,965),(650,965)
"Wa"bounds: (965,953),(997,954),(997,969),(965,968)
"1207"bounds: (1011,953),(1051,954),(1051,969),(1011,968)
"HM"bounds: (345,1153),(370,1153),(370,1166),(345,1166)
"443."bounds: (386,1148),(429,1148),(429,1165),(386,1165)
"2g"bounds: (434,1148),(453,1148),(453,1165),(434,1165)
"HM"bounds: (690,1147),(717,1148),(717,1162),(690,1161)
"443.30"bounds: (734,1148),(806,1150),(806,1163),(734,1161)
"HM"bounds: (1055,1151),(1083,1151),(1083,1166),(1055,1166)
"443.31"bounds: (1097,1150),(1172,1151),(1172,1166),(1097,1165)
"Wa"bounds: (230,1225),(261,1225),(261,1238),(230,1238)
"1208"bounds: (276,1224),(317,1224),(317,1238),(276,1238)
"Wa"bounds: (606,1225),(637,1225),(637,1239),(606,1239)
"1209"bounds: (652,1225),(693,1225),(693,1240),(652,1240)
"Wa"bounds: (964,1225),(995,1225),(995,1239),(964,1239)
"1210"bounds: (1010,1225),(1050,1225),(1050,1240),(1010,1240)
"中"bounds: (1070,1326),(1123,1326),(1122,1397),(1069,1397)
"HM"bounds: (328,1420),(355,1420),(355,1434),(328,1434)
"443."bounds: (366,1420),(410,1421),(410,1436),(366,1435)
"32"bounds: (421,1422),(442,1422),(442,1435),(421,1435)
"HM"bounds: (698,1424),(724,1424),(724,1438),(698,1438)
"44"bounds: (736,1422),(759,1422),(759,1440),(736,1440)
"3.33"bounds: (764,1422),(806,1422),(806,1440),(764,1440)
"HM"bounds: (1051,1427),(1075,1427),(1075,1440),(1051,1440)
"443.34"bounds: (1087,1427),(1167,1427),(1167,1440),(1087,1440)
"22"bounds: (74,1499),(97,1501),(95,1519),(72,1517)