Texts:

"XL
INSCRIPTIONS EN LINÉAIRE A
AB 74
HT Wa 1286 HT Wa 1302 HTWA 1283 HT Wa 1311 HTWA 1291 (KH 43.1)
HT Wa 1296 HT Wa 1295 HT 46.4
AB 76
HT 1.1
HT90.1
AB 77
HT WC 3005a MA WE(S)a2 KE 1.1 IO Za 6 HT106.3 HT Wa1328
HT Wa 1451
АВ 78
HT9A.3 HT1.1 ZA4.5 ZA 14.4
MA 1a HT111A.2 ZA15A.2
AB 79
产
KH5.3 HT26 b.3 KN Zc 6.3 HT1.2
ARKH 2.3 ZAYA.5 HT 97a.5
"bounds: (202,81),(1143,81),(1143,1408),(202,1408)
"XL"bounds: (256,88),(278,88),(278,97),(256,97)
"INSCRIPTIONS"bounds: (523,87),(639,85),(639,95),(523,97)
"EN"bounds: (653,86),(673,86),(673,95),(653,95)
"LINÉAIRE"bounds: (687,82),(768,81),(768,95),(687,96)
"A"bounds: (781,86),(789,86),(789,95),(781,95)
"AB"bounds: (467,200),(553,200),(553,235),(467,235)
"74"bounds: (556,200),(589,200),(589,235),(556,235)
"HT"bounds: (202,325),(244,325),(244,350),(202,350)
"Wa"bounds: (251,326),(287,326),(287,351),(251,351)
"1286"bounds: (297,329),(351,329),(351,352),(297,352)
"HT"bounds: (367,329),(406,329),(406,351),(367,351)
"Wa"bounds: (412,324),(452,324),(452,350),(412,350)
"1302"bounds: (458,328),(522,328),(522,355),(458,355)
"HTWA"bounds: (532,323),(602,323),(602,350),(532,350)
"1283"bounds: (609,329),(669,329),(669,349),(609,349)
"HT"bounds: (686,325),(725,325),(725,349),(686,349)
"Wa"bounds: (732,320),(768,320),(768,346),(732,346)
"1311"bounds: (775,327),(825,327),(825,346),(775,346)
"HTWA"bounds: (844,323),(925,322),(925,345),(844,346)
"1291"bounds: (934,328),(993,328),(993,346),(934,346)
"(KH"bounds: (1016,318),(1064,318),(1064,352),(1016,352)
"43.1)"bounds: (1078,318),(1143,318),(1143,351),(1078,351)
"HT"bounds: (202,445),(240,445),(240,471),(202,471)
"Wa"bounds: (255,443),(294,443),(294,467),(255,467)
"1296"bounds: (305,447),(371,446),(371,469),(305,470)
"HT"bounds: (398,446),(440,446),(440,465),(398,465)
"Wa"bounds: (449,441),(490,441),(490,464),(449,464)
"1295"bounds: (499,446),(562,445),(562,465),(499,466)
"HT"bounds: (602,440),(645,440),(645,469),(602,469)
"46.4"bounds: (647,439),(705,438),(705,467),(647,468)
"AB"bounds: (476,527),(518,527),(518,554),(476,554)
"76"bounds: (529,527),(571,527),(571,554),(529,554)
"HT"bounds: (206,646),(249,646),(249,669),(206,669)
"1.1"bounds: (258,650),(293,650),(293,669),(258,669)
"HT90.1"bounds: (344,645),(466,647),(466,671),(344,669)
"AB"bounds: (472,729),(515,730),(514,757),(471,756)
"77"bounds: (526,734),(561,735),(560,758),(525,757)
"HT"bounds: (206,856),(242,855),(242,876),(206,877)
"WC"bounds: (252,854),(292,853),(293,884),(253,885)
"3005a"bounds: (294,853),(372,852),(373,884),(295,885)
"MA"bounds: (376,853),(414,852),(414,873),(376,874)
"WE(S)a2"bounds: (423,853),(517,851),(518,881),(424,883)
"KE"bounds: (547,853),(585,852),(585,873),(547,874)
"1.1"bounds: (600,852),(640,851),(640,869),(600,870)
"IO"bounds: (653,849),(702,848),(702,871),(653,872)
"Za"bounds: (722,845),(751,844),(752,876),(723,877)
"6"bounds: (756,849),(770,849),(770,871),(756,871)
"HT106.3"bounds: (796,844),(923,842),(923,870),(796,872)
"HT"bounds: (946,842),(1012,841),(1013,872),(947,873)
"Wa1328"bounds: (1014,840),(1108,838),(1109,870),(1015,872)
"HT"bounds: (208,971),(243,971),(243,994),(208,994)
"Wa"bounds: (256,968),(299,968),(299,992),(256,992)
"1451"bounds: (308,971),(369,971),(369,991),(308,991)
"АВ"bounds: (479,1048),(549,1049),(549,1080),(479,1079)
"78"bounds: (551,1049),(576,1049),(576,1080),(551,1080)
"HT9A.3"bounds: (211,1177),(326,1176),(326,1198),(211,1199)
"HT1.1"bounds: (350,1175),(437,1174),(437,1194),(350,1195)
"ZA4.5"bounds: (465,1172),(577,1171),(577,1195),(465,1196)
"ZA"bounds: (622,1169),(663,1169),(663,1196),(622,1196)
"14.4"bounds: (671,1168),(731,1167),(731,1195),(671,1196)
"MA"bounds: (767,1168),(818,1168),(818,1192),(767,1192)
"1a"bounds: (826,1170),(865,1170),(865,1188),(826,1188)
"HT111A.2"bounds: (888,1168),(1023,1167),(1023,1188),(888,1189)
"ZA15A.2"bounds: (1036,1163),(1140,1162),(1140,1191),(1036,1192)
"AB"bounds: (478,1260),(531,1258),(532,1284),(479,1286)
"79"bounds: (548,1258),(581,1257),(582,1282),(549,1283)
"产"bounds: (234,1296),(285,1296),(285,1367),(234,1367)
"KH5.3"bounds: (217,1387),(296,1386),(296,1407),(217,1408)
"HT26"bounds: (328,1385),(406,1384),(406,1405),(328,1406)
"b.3"bounds: (419,1379),(453,1379),(453,1405),(419,1405)
"KN"bounds: (477,1384),(513,1384),(513,1404),(477,1404)
"Zc"bounds: (526,1385),(554,1385),(554,1404),(526,1404)
"6.3"bounds: (562,1384),(595,1384),(595,1406),(562,1406)
"HT1.2"bounds: (625,1382),(707,1381),(707,1400),(625,1401)
"ARKH"bounds: (741,1380),(809,1379),(809,1400),(741,1401)
"2.3"bounds: (819,1380),(857,1379),(857,1399),(819,1400)
"ZAYA.5"bounds: (887,1379),(991,1377),(991,1397),(887,1399)
"HT"bounds: (1013,1373),(1045,1372),(1045,1398),(1013,1399)
"97a.5"bounds: (1065,1372),(1118,1371),(1118,1397),(1065,1398)