Texts:

"XVIII
INSCRIPTIONS EN LINÉAIRE A
П. NOMBRE
Dans ce volume, nous présentons le texte de 190 tablettes et fragments
de tablettes, tous édités avant 1970, à l'exception de :
KE 1 (Caskey 1970).
PYR 1 (Morpurgo-Cadogan 1971).
PH (?) 30 (Raison-Pope 1971 : mais seulement la face a, et encore sous
la forme de groupes de signes et d'idéogrammes à trouver dans cet
« Index » avant les références HT ? 170; la face b était, jusqu'à
aujourd'hui entièrement inédite :
de nous avoir permis de publier ce document).
nous remercions M. St. Alexiou
III. PROVENANCE
Ces tablettes proviennent de dix sites différents, tous crétois, sauf
un (Kéa).
La répartition des tablettes entre les sites se présente comme suit
(en tenant évidemment compte de tous les raccords et quasi-raccords
effectués parmi les documents d'Haghia Triada et Phaistos) :
[HT]1
[KE]
[KN]
[MA]
[PK]
[PA]
[PH]
[PYR]
[TY]
[ZA]
.1 Haghia Triada..
147
.2 Kéa..
1
.3 Knossos.
.4 Mallia..
.5 Palaikastro..
1
.6 Раpoura.
.7 Phaistos..
.8 Pyrgos.
.9 Tylissos.
1
26
1
.10 Zakros..
1
190
(1) Nous conservons les abréviations de Raison-Pope 1971, sauf pour Pyrgos, où nous préférons
PYR (PY est exclu à cause du PY(los) des textes en linéaire B, mais PU ne satisfait guère l'esprit).
"bounds: (260,183),(1060,183),(1060,1332),(260,1332)
"XVIII"bounds: (261,186),(304,186),(304,195),(261,195)
"INSCRIPTIONS"bounds: (525,186),(640,186),(640,195),(525,195)
"EN"bounds: (654,187),(675,187),(675,195),(654,195)
"LINÉAIRE"bounds: (689,183),(768,183),(768,195),(689,195)
"A"bounds: (782,187),(790,187),(790,195),(782,195)
"П."bounds: (595,260),(627,260),(627,281),(595,281)
"NOMBRE"bounds: (636,261),(721,261),(721,279),(636,279)
"Dans"bounds: (312,313),(361,313),(361,330),(312,330)
"ce"bounds: (372,320),(390,320),(390,330),(372,330)
"volume,"bounds: (399,313),(480,313),(480,334),(399,334)
"nous"bounds: (491,319),(537,319),(537,329),(491,329)
"présentons"bounds: (547,314),(656,314),(656,335),(547,335)
"le"bounds: (666,313),(681,313),(681,329),(666,329)
"texte"bounds: (691,316),(742,316),(742,329),(691,329)
"de"bounds: (752,313),(773,313),(773,329),(752,329)
"190"bounds: (784,313),(817,313),(817,329),(784,329)
"tablettes"bounds: (826,313),(916,313),(916,330),(826,330)
"et"bounds: (926,317),(944,317),(944,329),(926,329)
"fragments"bounds: (953,313),(1056,313),(1056,335),(953,335)
"de"bounds: (262,345),(284,345),(284,361),(262,361)
"tablettes,"bounds: (293,345),(390,345),(390,365),(293,365)
"tous"bounds: (400,348),(442,348),(442,361),(400,361)
"édités"bounds: (453,344),(511,344),(511,360),(453,360)
"avant"bounds: (521,348),(580,348),(580,360),(521,360)
"1970,"bounds: (591,343),(642,343),(642,364),(591,364)
"à"bounds: (653,345),(662,345),(662,360),(653,360)
"l'exception"bounds: (672,344),(786,344),(786,365),(672,365)
"de"bounds: (796,344),(818,344),(818,360),(796,360)
":"bounds: (829,351),(831,351),(831,360),(829,360)
"KE"bounds: (260,386),(295,386),(295,403),(260,403)
"1"bounds: (309,386),(319,386),(319,404),(309,404)
"(Caskey"bounds: (335,386),(414,387),(414,409),(335,408)
"1970)."bounds: (430,386),(489,387),(489,409),(430,408)
"PYR"bounds: (261,428),(310,428),(310,446),(261,446)
"1"bounds: (324,427),(334,427),(334,445),(324,445)
"(Morpurgo-Cadogan"bounds: (350,427),(557,428),(557,452),(350,451)
"1971)."bounds: (573,428),(633,428),(633,450),(573,450)
"PH"bounds: (261,471),(295,471),(295,488),(261,488)
"(?)"bounds: (310,471),(334,471),(334,492),(310,492)
"30"bounds: (349,471),(372,471),(372,488),(349,488)
"(Raison-Pope"bounds: (387,471),(527,471),(527,492),(387,492)
"1971"bounds: (541,470),(583,470),(583,487),(541,487)
":"bounds: (601,469),(611,469),(611,492),(601,492)
"mais"bounds: (617,471),(663,471),(663,487),(617,487)
"seulement"bounds: (676,471),(780,471),(780,487),(676,487)
"la"bounds: (792,471),(809,471),(809,487),(792,487)
"face"bounds: (823,471),(862,471),(862,487),(823,487)
"a,"bounds: (875,478),(891,478),(891,491),(875,491)
"et"bounds: (905,475),(923,475),(923,487),(905,487)
"encore"bounds: (936,477),(1001,477),(1001,487),(936,487)
"sous"bounds: (1014,477),(1056,477),(1056,487),(1014,487)
"la"bounds: (311,502),(327,502),(327,518),(311,518)
"forme"bounds: (341,502),(400,502),(400,518),(341,518)
"de"bounds: (414,502),(435,502),(435,518),(414,518)
"groupes"bounds: (450,508),(528,508),(528,523),(450,523)
"de"bounds: (543,502),(564,502),(564,518),(543,518)
"signes"bounds: (578,501),(638,501),(638,523),(578,523)
"et"bounds: (653,505),(670,505),(670,518),(653,518)
"d'idéogrammes"bounds: (684,501),(840,501),(840,523),(684,523)
"à"bounds: (855,503),(864,503),(864,518),(855,518)
"trouver"bounds: (878,505),(955,505),(955,518),(878,518)
"dans"bounds: (969,502),(1015,502),(1015,518),(969,518)
"cet"bounds: (1029,505),(1057,505),(1057,518),(1029,518)
"«"bounds: (311,538),(317,538),(317,549),(311,549)
"Index"bounds: (327,530),(387,530),(387,554),(327,554)
"»"bounds: (393,530),(408,530),(408,554),(393,554)
"avant"bounds: (419,536),(477,536),(477,549),(419,549)
"les"bounds: (494,533),(519,533),(519,549),(494,549)
"références"bounds: (538,533),(639,533),(639,549),(538,549)
"HT"bounds: (658,532),(691,532),(691,548),(658,548)
"?"bounds: (702,532),(709,532),(709,548),(702,548)
"170;"bounds: (729,532),(774,532),(774,553),(729,553)
"la"bounds: (792,533),(809,533),(809,549),(792,549)
"face"bounds: (827,533),(866,533),(866,549),(827,549)
"b"bounds: (885,533),(893,533),(893,549),(885,549)
"était,"bounds: (911,533),(963,533),(963,553),(911,553)
"jusqu'à"bounds: (982,532),(1057,532),(1057,554),(982,554)
"aujourd'hui"bounds: (311,564),(432,563),(432,585),(311,586)
"entièrement"bounds: (449,563),(573,562),(573,580),(449,581)
"inédite"bounds: (590,563),(660,562),(660,580),(590,581)
":"bounds: (676,559),(686,559),(686,583),(676,583)
"de"bounds: (312,595),(333,595),(333,611),(312,611)
"nous"bounds: (346,601),(392,601),(392,611),(346,611)
"avoir"bounds: (406,595),(458,595),(458,611),(406,611)
"permis"bounds: (471,594),(538,594),(538,617),(471,617)
"de"bounds: (552,595),(573,595),(573,611),(552,611)
"publier"bounds: (587,594),(659,594),(659,616),(587,616)
"ce"bounds: (672,601),(691,601),(691,610),(672,610)
"document)."bounds: (704,594),(820,594),(820,616),(704,616)
"nous"bounds: (699,570),(745,570),(745,580),(699,580)
"remercions"bounds: (763,564),(874,563),(874,580),(763,581)
"M."bounds: (893,564),(915,564),(915,580),(893,580)
"St."bounds: (934,563),(960,563),(960,580),(934,580)
"Alexiou"bounds: (979,563),(1056,562),(1056,579),(979,580)
"III."bounds: (564,669),(609,669),(609,691),(564,691)
"PROVENANCE"bounds: (617,672),(753,672),(753,687),(617,687)
"Ces"bounds: (312,723),(344,723),(344,739),(312,739)
"tablettes"bounds: (359,723),(449,723),(449,739),(359,739)
"proviennent"bounds: (466,722),(591,722),(591,743),(466,743)
"de"bounds: (607,722),(628,722),(628,738),(607,738)
"dix"bounds: (644,722),(675,722),(675,738),(644,738)
"sites"bounds: (691,722),(734,722),(734,738),(691,738)
"différents,"bounds: (751,722),(853,722),(853,743),(751,743)
"tous"bounds: (869,726),(912,726),(912,738),(869,738)
"crétois,"bounds: (928,722),(1001,722),(1001,743),(928,743)
"sauf"bounds: (1017,722),(1059,722),(1059,738),(1017,738)
"un"bounds: (264,761),(287,761),(287,771),(264,771)
"(Kéa)."bounds: (300,754),(362,753),(362,775),(300,776)
"La"bounds: (312,785),(337,785),(337,801),(312,801)
"répartition"bounds: (353,785),(465,785),(465,807),(353,807)
"des"bounds: (480,785),(511,785),(511,801),(480,801)
"tablettes"bounds: (527,785),(616,785),(616,801),(527,801)
"entre"bounds: (633,788),(684,788),(684,800),(633,800)
"les"bounds: (699,785),(724,785),(724,800),(699,800)
"sites"bounds: (740,784),(783,784),(783,800),(740,800)
"se"bounds: (799,791),(816,791),(816,800),(799,800)
"présente"bounds: (832,785),(918,785),(918,806),(832,806)
"comme"bounds: (934,791),(1006,791),(1006,800),(934,800)
"suit"bounds: (1021,784),(1058,784),(1058,800),(1021,800)
"(en"bounds: (264,817),(293,817),(293,837),(264,837)
"tenant"bounds: (310,820),(377,820),(377,832),(310,832)
"évidemment"bounds: (394,816),(522,816),(522,832),(394,832)
"compte"bounds: (539,819),(613,819),(613,837),(539,837)
"de"bounds: (631,815),(652,815),(652,831),(631,831)
"tous"bounds: (669,819),(711,819),(711,831),(669,831)
"les"bounds: (728,815),(753,815),(753,831),(728,831)
"raccords"bounds: (770,815),(856,815),(856,831),(770,831)
"et"bounds: (874,819),(891,819),(891,831),(874,831)
"quasi-raccords"bounds: (908,815),(1058,815),(1058,837),(908,837)
"effectués"bounds: (263,847),(351,847),(351,864),(263,864)
"parmi"bounds: (367,847),(426,847),(426,868),(367,868)
"les"bounds: (441,847),(465,847),(465,863),(441,863)
"documents"bounds: (481,847),(592,847),(592,863),(481,863)
"d'Haghia"bounds: (608,846),(702,846),(702,868),(608,868)
"Triada"bounds: (718,846),(786,846),(786,863),(718,863)
"et"bounds: (802,850),(819,850),(819,862),(802,862)
"Phaistos)"bounds: (834,846),(928,846),(928,868),(834,868)
":"bounds: (942,843),(952,843),(952,868),(942,868)
"[HT]1"bounds: (760,888),(818,886),(819,909),(761,911)
"[KE]"bounds: (760,919),(810,918),(810,941),(760,942)
"[KN]"bounds: (760,950),(811,949),(811,972),(760,973)
"[MA]"bounds: (761,981),(810,980),(810,1003),(761,1004)
"[PK]"bounds: (761,1011),(809,1012),(809,1035),(761,1034)
"[PA]"bounds: (760,1043),(806,1042),(807,1066),(761,1067)
"[PH]"bounds: (761,1074),(809,1074),(809,1097),(761,1097)
"[PYR]"bounds: (761,1105),(827,1105),(827,1127),(761,1127)
"[TY]"bounds: (760,1136),(807,1136),(807,1159),(760,1159)
"[ZA]"bounds: (762,1166),(806,1167),(805,1191),(761,1190)
".1"bounds: (363,888),(408,887),(408,911),(363,912)
"Haghia"bounds: (411,889),(484,888),(484,911),(411,912)
"Triada.."bounds: (499,888),(585,887),(585,906),(499,907)
"147"bounds: (928,888),(961,888),(961,905),(928,905)
".2"bounds: (376,920),(394,920),(394,937),(376,937)
"Kéa.."bounds: (411,920),(469,920),(469,937),(411,937)
"1"bounds: (953,919),(960,919),(960,935),(953,935)
".3"bounds: (377,951),(395,951),(395,968),(377,968)
"Knossos."bounds: (411,951),(501,952),(501,968),(411,967)
".4"bounds: (377,982),(395,982),(395,999),(377,999)
"Mallia.."bounds: (410,982),(490,982),(490,999),(410,999)
".5"bounds: (377,1013),(395,1013),(395,1030),(377,1030)
"Palaikastro.."bounds: (410,1013),(546,1013),(546,1030),(410,1030)
"1"bounds: (953,1012),(961,1012),(961,1028),(953,1028)
".6"bounds: (376,1044),(396,1045),(395,1062),(375,1061)
"Раpoura."bounds: (410,1044),(504,1047),(503,1068),(409,1065)
".7"bounds: (368,1072),(411,1072),(411,1095),(368,1095)
"Phaistos.."bounds: (410,1075),(515,1075),(515,1092),(410,1092)
".8"bounds: (377,1106),(396,1106),(396,1123),(377,1123)
"Pyrgos."bounds: (410,1107),(488,1109),(488,1130),(410,1128)
".9"bounds: (377,1137),(395,1137),(395,1155),(377,1155)
"Tylissos."bounds: (410,1136),(499,1137),(499,1161),(410,1160)
"1"bounds: (953,1043),(961,1043),(961,1059),(953,1059)
"26"bounds: (940,1074),(962,1074),(962,1091),(940,1091)
"1"bounds: (953,1105),(960,1105),(960,1122),(954,1122)
".10"bounds: (365,1169),(396,1169),(396,1186),(365,1186)
"Zakros.."bounds: (411,1168),(498,1169),(498,1187),(411,1186)
"1"bounds: (953,1167),(961,1167),(961,1184),(953,1184)
"190"bounds: (927,1212),(961,1212),(961,1228),(927,1228)
"(1)"bounds: (314,1300),(331,1300),(331,1312),(314,1312)
"Nous"bounds: (343,1300),(380,1300),(380,1310),(343,1310)
"conservons"bounds: (389,1303),(470,1303),(470,1310),(389,1310)
"les"bounds: (478,1300),(496,1300),(496,1310),(478,1310)
"abréviations"bounds: (505,1299),(597,1299),(597,1310),(505,1310)
"de"bounds: (605,1299),(621,1299),(621,1309),(605,1309)
"Raison-Pope"bounds: (630,1299),(725,1299),(725,1312),(630,1312)
"1971,"bounds: (735,1298),(770,1298),(770,1312),(735,1312)
"sauf"bounds: (780,1298),(810,1298),(810,1309),(780,1309)
"pour"bounds: (818,1301),(851,1301),(851,1312),(818,1312)
"Pyrgos,"bounds: (860,1298),(915,1298),(915,1312),(860,1312)
"où"bounds: (924,1298),(941,1298),(941,1308),(924,1308)
"nous"bounds: (950,1301),(983,1301),(983,1308),(950,1308)
"préférons"bounds: (992,1298),(1060,1298),(1060,1312),(992,1312)
"PYR"bounds: (265,1320),(301,1320),(301,1330),(265,1330)
"(PY"bounds: (310,1314),(338,1314),(338,1332),(310,1332)
"est"bounds: (346,1320),(365,1320),(365,1330),(346,1330)
"exclu"bounds: (373,1320),(410,1320),(410,1330),(373,1330)
"à"bounds: (418,1320),(425,1320),(425,1330),(418,1330)
"cause"bounds: (432,1322),(472,1322),(472,1330),(432,1330)
"du"bounds: (479,1320),(496,1320),(496,1330),(479,1330)
"PY(los)"bounds: (505,1319),(558,1319),(558,1332),(505,1332)
"des"bounds: (567,1319),(590,1319),(590,1329),(567,1329)
"textes"bounds: (597,1319),(641,1319),(641,1329),(597,1329)
"en"bounds: (648,1322),(664,1322),(664,1329),(648,1329)
"linéaire"bounds: (671,1318),(725,1318),(725,1329),(671,1329)
"B,"bounds: (732,1319),(747,1319),(747,1332),(732,1332)
"mais"bounds: (755,1318),(788,1318),(788,1329),(755,1329)
"PU"bounds: (796,1318),(818,1318),(818,1329),(796,1329)
"ne"bounds: (826,1321),(841,1321),(841,1328),(826,1328)
"satisfait"bounds: (849,1318),(908,1318),(908,1329),(849,1329)
"guère"bounds: (915,1318),(954,1318),(954,1331),(915,1331)
"l'esprit)."bounds: (962,1317),(1023,1317),(1023,1332),(962,1332)