Texts:

"313a
HT 89.3' 100.2'
A 570
H
100/102+ 313a
31 3b
A 571
HT 94a.21
H
100/102+ 313b
KH 7a.3.4.5
313.
A 572
100/102+ 313c
HT 127h.5'
294
T.
"bounds: (63,340),(939,340),(939,1520),(63,1520)
"313a"bounds: (681,340),(758,345),(756,378),(679,373)
"HT"bounds: (814,524),(830,523),(830,534),(815,535)
"89.3'"bounds: (840,517),(879,515),(880,533),(841,535)
"100.2'"bounds: (892,517),(938,515),(939,533),(893,535)
"A"bounds: (204,521),(211,521),(211,531),(204,531)
"570"bounds: (223,521),(246,521),(246,531),(223,531)
"H"bounds: (443,524),(451,524),(451,534),(443,534)
"100/102+"bounds: (563,524),(628,525),(628,538),(563,537)
"313a"bounds: (637,524),(672,525),(672,541),(637,540)
"31"bounds: (683,640),(718,641),(717,671),(682,670)
"3b"bounds: (731,640),(761,641),(760,671),(730,670)
"A"bounds: (210,783),(220,783),(220,800),(210,800)
"571"bounds: (223,787),(243,787),(243,798),(223,798)
"HT"bounds: (814,791),(831,790),(832,802),(815,803)
"94a.21"bounds: (841,786),(888,783),(889,800),(842,803)
"H"bounds: (444,791),(451,791),(451,801),(444,801)
"100/102+"bounds: (564,792),(628,792),(628,804),(564,804)
"313b"bounds: (639,792),(670,792),(670,802),(639,802)
"KH"bounds: (816,824),(832,824),(832,836),(816,836)
"7a.3.4.5"bounds: (842,817),(915,817),(915,844),(842,844)
"313."bounds: (682,974),(760,974),(760,1003),(682,1003)
"A"bounds: (212,1085),(221,1085),(221,1100),(212,1100)
"572"bounds: (223,1088),(245,1088),(245,1099),(223,1099)
"100/102+"bounds: (564,1086),(629,1086),(629,1099),(564,1099)
"313c"bounds: (640,1086),(671,1086),(671,1097),(640,1097)
"HT"bounds: (816,1085),(832,1085),(832,1097),(816,1097)
"127h.5'"bounds: (843,1080),(897,1079),(897,1097),(843,1098)
"294"bounds: (63,1502),(101,1502),(101,1520),(63,1520)
"T."bounds: (609,643),(609,668),(584,668),(584,643)