Texts:

"INSCRIPTIONS EN LINÉAIRE A
Wb 2001
HMT129.1
Wb 2002
HM Ad
70
"bounds: (75,63),(785,63),(785,1514),(75,1514)
"INSCRIPTIONS"bounds: (511,64),(636,64),(636,76),(511,76)
"EN"bounds: (647,66),(669,66),(669,76),(647,76)
"LINÉAIRE"bounds: (680,63),(765,63),(765,77),(680,77)
"A"bounds: (775,67),(785,67),(785,77),(775,77)
"Wb"bounds: (217,135),(249,136),(249,151),(217,150)
"2001"bounds: (262,137),(303,138),(303,152),(262,151)
"HMT129.1"bounds: (521,406),(646,414),(644,433),(520,425)
"Wb"bounds: (219,591),(248,591),(248,611),(219,611)
"2002"bounds: (256,596),(300,597),(300,611),(256,610)
"HM"bounds: (520,864),(554,866),(553,886),(519,884)
"Ad"bounds: (573,865),(608,867),(607,888),(572,886)
"70"bounds: (75,1498),(98,1498),(98,1514),(75,1514)