Texts:

"甲
66
A L2_7
HT 11a.5'
66
66 /
кн 29.13
C
66 -37-04
PK 1.31
66 -59-27
РК 1.21
E
PH Wc 452
38- 66 -78
766
HT 137.21
F
G
10- 66
HT 103.1
07-07-70-60-13L-166
ZA 11a.13
727-66
HT 125b.3'
タ平甲
67-27- 66
HT 85h.1-2' 129.1
67-53- 66
HT 114a.1 121.11
41-26-80-53- 66
нT 90.2-31
7306-67- 66
HT 122b.21
312- 66
ZA 6b.23
A 532
41+ 66
KH 9.63
H
A 543
Кн 60.23
'66''303'
245
"bounds: (193,366),(1164,366),(1164,1540),(193,1540)
"甲"bounds: (488,366),(507,366),(506,395),(487,395)
"66"bounds: (600,366),(639,366),(639,397),(600,397)
"A"bounds: (362,548),(371,548),(371,558),(362,558)
"L2_7"bounds: (380,545),(420,544),(420,564),(380,565)
"HT"bounds: (733,549),(750,548),(751,559),(734,560)
"11a.5'"bounds: (761,542),(806,540),(807,560),(762,562)
"66"bounds: (584,550),(598,550),(598,560),(584,560)
"66"bounds: (584,583),(598,583),(598,593),(584,593)
"/"bounds: (608,580),(619,580),(619,595),(608,595)
"кн"bounds: (732,576),(761,575),(762,596),(733,597)
"29.13"bounds: (761,575),(800,574),(800,593),(762,594)
"C"bounds: (363,582),(370,582),(370,593),(363,593)
"66"bounds: (584,617),(599,617),(599,627),(584,627)
"-37-04"bounds: (609,617),(657,617),(657,628),(609,628)
"PK"bounds: (734,616),(750,615),(751,627),(735,628)
"1.31"bounds: (762,610),(790,608),(791,626),(763,628)
"66"bounds: (584,650),(599,650),(599,660),(584,660)
"-59-27"bounds: (609,650),(657,650),(657,661),(609,661)
"РК"bounds: (735,649),(750,648),(751,659),(736,660)
"1.21"bounds: (761,644),(791,641),(792,658),(763,661)
"E"bounds: (364,683),(371,683),(371,693),(364,693)
"PH"bounds: (734,683),(751,682),(752,693),(735,694)
"Wc"bounds: (759,683),(774,682),(775,693),(760,694)
"452"bounds: (785,676),(808,674),(809,693),(786,695)
"38-"bounds: (550,684),(573,684),(573,694),(550,694)
"66"bounds: (584,683),(599,683),(599,694),(584,694)
"-78"bounds: (609,684),(632,684),(632,694),(609,694)
"766"bounds: (568,713),(601,715),(600,734),(567,732)
"HT"bounds: (734,716),(751,714),(752,726),(735,728)
"137.21"bounds: (761,713),(808,709),(809,726),(763,730)
"F"bounds: (364,716),(371,716),(371,727),(364,727)
"G"bounds: (364,749),(371,749),(371,760),(364,760)
"10-"bounds: (551,750),(573,750),(573,760),(551,760)
"66"bounds: (583,749),(601,749),(601,765),(583,765)
"HT"bounds: (734,748),(750,747),(750,759),(735,760)
"103.1"bounds: (758,745),(801,743),(802,760),(759,762)
"07-07-70-60-13L-166"bounds: (440,782),(601,783),(601,798),(440,797)
"ZA"bounds: (735,781),(751,780),(752,791),(736,792)
"11a.13"bounds: (762,776),(809,774),(810,791),(763,793)
"727-66"bounds: (533,814),(600,814),(600,833),(533,833)
"HT"bounds: (734,817),(751,816),(751,827),(734,828)
"125b.3'"bounds: (762,810),(816,808),(817,828),(763,830)
"タ"bounds: (211,840),(225,840),(225,864),(211,864)
"平"bounds: (236,840),(250,840),(250,863),(236,863)
"甲"bounds: (259,839),(272,839),(272,863),(259,863)
"67-27-"bounds: (526,851),(574,851),(574,861),(526,861)
"66"bounds: (585,851),(600,851),(600,865),(585,865)
"HT"bounds: (735,850),(751,850),(751,861),(735,861)
"85h.1-2'"bounds: (761,842),(824,841),(824,861),(761,862)
"129.1"bounds: (838,841),(883,840),(883,860),(838,861)
"67-53-"bounds: (526,884),(574,885),(574,896),(526,895)
"66"bounds: (585,884),(601,884),(601,899),(585,899)
"HT"bounds: (735,883),(751,882),(751,894),(735,895)
"114a.1"bounds: (763,877),(816,875),(817,894),(764,896)
"121.11"bounds: (830,876),(875,875),(876,895),(831,896)
"41-26-80-53-"bounds: (475,919),(574,919),(574,929),(475,929)
"66"bounds: (585,919),(599,919),(599,928),(585,928)
"нT"bounds: (728,914),(766,912),(767,931),(729,933)
"90.2-31"bounds: (761,912),(816,909),(817,928),(762,931)
"7306-67-"bounds: (500,948),(575,947),(575,966),(500,967)
"66"bounds: (583,953),(602,953),(602,968),(583,968)
"HT"bounds: (735,951),(752,950),(752,962),(735,963)
"122b.21"bounds: (763,946),(816,944),(817,962),(764,964)
"312-"bounds: (543,986),(575,987),(575,997),(543,996)
"66"bounds: (585,985),(601,985),(601,1000),(585,1000)
"ZA"bounds: (736,986),(751,985),(752,995),(737,996)
"6b.23"bounds: (761,979),(801,977),(802,996),(762,998)
"A"bounds: (193,1051),(202,1051),(202,1066),(193,1066)
"532"bounds: (203,1054),(226,1054),(226,1065),(203,1065)
"41+"bounds: (552,1049),(575,1050),(575,1064),(552,1063)
"66"bounds: (586,1052),(600,1052),(600,1062),(586,1062)
"KH"bounds: (734,1051),(750,1051),(750,1061),(734,1061)
"9.63"bounds: (760,1042),(791,1042),(791,1061),(760,1061)
"H"bounds: (357,1053),(365,1053),(365,1063),(357,1063)
"A"bounds: (194,1084),(202,1084),(202,1099),(194,1099)
"543"bounds: (204,1087),(226,1087),(226,1098),(204,1098)
"Кн"bounds: (735,1086),(750,1085),(751,1097),(736,1098)
"60.23"bounds: (760,1079),(800,1075),(802,1095),(762,1099)
"'66''303'"bounds: (580,1086),(650,1085),(650,1096),(580,1097)
"245"bounds: (1128,1523),(1164,1523),(1164,1540),(1128,1540)