Texts:

"31
AYYI
40-31- 31 -24
KH 5.23
BY Y S[
57-31- 31 -60/-13
IO Za 2b-c.15
57-31- 31 -60-13
I0 Za 65
PL Zf 1"
PS Za 2.24
TL Za 1b4
KN Za 10a-b4
57-31- 31 -60-80-06
1互Y王C
14 W Y Is
-1TAY FA+-
平上月WY2
JFY
* TY
73-67- 31 -24/
ARKH 1a.63
728-73- 31 -60
HT 27a.3'
-81-16-54- 31 -05-80-02-
KO (?) Zf 24
28-01-56-28- 31 -53
PH 6.41
G
705- 31
PK Za 164
47-81-06- 31
*ZA 15a.13
08- 31
*THE Zb 44
26- 31
HT 96a.3'
69-26- 31
KO Za 1b4
28-37-30- 31
ZA 15a.33
EY YC
57-31- 31 /
IO Za 95
РK Za 14ь4
НТ 31.11
28-37- 31
本Y
本Y
39- 31
HT 123b.2
39- 31
KH 6.63
14 Y
740- 31
нT 113.21
I YC
57- 31
MA Zb 8-
РK Za 8b
4
O YC
77- 31 /
KE 1.11
716-118- 31
HT 70.21
A 521
H/J
31 +23+81
нT 34.61
A 522
YFA
'31'131a'
HT 114b.11
ZA 15a.13
A 589 1
131a+ 31
нT 131Ь.31
A 600
180+ 31 'B'
MA 4al
A 601
180+ 31 'L'
MA 4a!
A 644 3
330+ 31
нT 65.21
198
"bounds: (61,88),(1150,88),(1150,1529),(61,1529)
"31"bounds: (1136,88),(1150,88),(1150,100),(1136,100)
"AYYI"bounds: (243,150),(324,150),(324,173),(243,173)
"40-31-"bounds: (564,163),(612,164),(612,176),(564,175)
"31"bounds: (621,165),(639,165),(639,178),(621,178)
"-24"bounds: (647,165),(670,166),(670,175),(647,174)
"KH"bounds: (806,164),(823,163),(824,175),(807,176)
"5.23"bounds: (832,158),(864,156),(865,174),(833,176)
"BY"bounds: (242,183),(301,183),(301,206),(242,206)
"Y"bounds: (303,178),(310,178),(310,212),(303,212)
"S["bounds: (310,181),(359,181),(359,208),(310,208)
"57-31-"bounds: (563,198),(611,198),(611,208),(563,208)
"31"bounds: (620,199),(639,199),(639,213),(620,213)
"-60/-13"bounds: (647,195),(704,195),(704,213),(647,213)
"IO"bounds: (802,194),(833,193),(834,212),(803,213)
"Za"bounds: (832,198),(847,197),(847,208),(832,209)
"2b-c.15"bounds: (858,192),(915,189),(916,208),(859,211)
"57-31-"bounds: (564,231),(611,231),(611,241),(564,241)
"31"bounds: (621,232),(638,232),(638,246),(621,246)
"-60-13"bounds: (647,232),(695,232),(695,241),(647,241)
"I0"bounds: (801,225),(839,225),(839,242),(801,242)
"Za"bounds: (841,225),(854,225),(854,242),(841,242)
"65"bounds: (858,225),(872,225),(872,242),(858,242)
"PL"bounds: (807,264),(822,264),(822,274),(807,274)
"Zf"bounds: (833,264),(848,264),(848,274),(833,274)
"1""bounds: (859,259),(872,259),(872,275),(859,275)
"PS"bounds: (806,297),(821,296),(822,307),(807,308)
"Za"bounds: (830,292),(855,291),(856,310),(831,311)
"2.24"bounds: (858,290),(889,288),(890,307),(859,309)
"TL"bounds: (806,332),(821,331),(822,342),(807,343)
"Za"bounds: (832,332),(846,331),(847,342),(833,343)
"1b4"bounds: (858,324),(880,322),(881,340),(859,342)
"KN"bounds: (806,355),(822,354),(822,366),(807,367)
"Za"bounds: (832,356),(847,355),(847,367),(833,368)
"10a-b4"bounds: (858,350),(905,348),(906,367),(859,369)
"57-31-"bounds: (563,357),(611,357),(611,367),(563,367)
"31"bounds: (622,357),(636,357),(636,367),(622,367)
"-60-80-06"bounds: (647,357),(721,357),(721,367),(647,367)
"1"bounds: (210,375),(243,375),(243,410),(210,410)
"互"bounds: (265,378),(281,378),(281,403),(265,403)
"Y"bounds: (289,379),(303,379),(303,402),(289,402)
"王"bounds: (312,379),(324,379),(324,401),(312,401)
"C"bounds: (330,378),(340,378),(340,401),(330,401)
"14"bounds: (228,410),(255,410),(255,435),(228,435)
"W"bounds: (266,412),(299,412),(299,436),(266,436)
"Y"bounds: (304,409),(317,409),(317,443),(304,443)
"Is"bounds: (319,409),(334,409),(334,443),(319,443)
"-1TAY"bounds: (202,445),(302,444),(302,469),(202,470)
"FA+-"bounds: (313,444),(388,444),(388,468),(313,468)
"平"bounds: (195,479),(211,479),(211,504),(195,504)
"上"bounds: (224,481),(231,481),(231,501),(224,501)
"月"bounds: (236,476),(268,476),(268,509),(236,509)
"WY2"bounds: (270,476),(324,476),(324,509),(270,509)
"JFY"bounds: (254,511),(302,512),(302,536),(254,535)
"*"bounds: (220,542),(234,542),(234,569),(220,569)
"TY"bounds: (244,546),(302,546),(302,568),(244,568)
"73-67-"bounds: (546,386),(611,387),(611,406),(546,405)
"31"bounds: (620,390),(638,390),(638,405),(620,405)
"-24/"bounds: (647,387),(687,388),(687,406),(647,405)
"ARKH"bounds: (805,390),(839,388),(840,401),(806,403)
"1a.63"bounds: (850,384),(888,381),(889,400),(851,403)
"728-73-"bounds: (545,420),(611,421),(611,439),(545,438)
"31"bounds: (620,423),(638,423),(638,439),(620,439)
"-60"bounds: (647,424),(671,424),(671,434),(647,434)
"HT"bounds: (806,424),(822,423),(823,434),(807,435)
"27a.3'"bounds: (832,418),(879,415),(880,434),(833,437)
"-81-16-54-"bounds: (528,457),(611,457),(611,467),(528,467)
"31"bounds: (620,458),(638,458),(638,471),(620,471)
"-05-80-02-"bounds: (646,458),(729,458),(729,467),(646,467)
"KO"bounds: (806,457),(822,456),(823,467),(807,468)
"(?)"bounds: (825,457),(844,456),(845,470),(826,471)
"Zf"bounds: (857,457),(872,456),(873,468),(858,469)
"24"bounds: (881,449),(897,448),(898,466),(882,467)
"28-01-56-28-"bounds: (513,489),(611,490),(611,501),(513,500)
"31"bounds: (622,491),(638,491),(638,505),(622,505)
"-53"bounds: (647,491),(670,491),(670,501),(647,501)
"PH"bounds: (806,489),(822,488),(823,500),(807,501)
"6.41"bounds: (832,485),(862,483),(863,500),(833,503)
"G"bounds: (444,522),(451,522),(451,532),(444,532)
"705-"bounds: (572,520),(612,522),(611,541),(571,539)
"31"bounds: (621,523),(639,524),(638,541),(620,540)
"PK"bounds: (806,524),(822,522),(823,533),(807,535)
"Za"bounds: (831,524),(846,522),(847,534),(832,536)
"164"bounds: (858,518),(879,516),(881,532),(860,534)
"47-81-06-"bounds: (538,556),(611,558),(611,570),(538,568)
"31"bounds: (622,557),(638,557),(638,571),(622,571)
"*ZA"bounds: (806,552),(831,552),(831,568),(806,568)
"15a.13"bounds: (842,550),(889,550),(889,568),(842,568)
"08-"bounds: (587,591),(611,591),(611,601),(587,601)
"31"bounds: (622,591),(635,591),(635,602),(622,602)
"*THE"bounds: (806,586),(838,586),(838,601),(806,601)
"Zb"bounds: (849,591),(863,591),(863,601),(849,601)
"44"bounds: (875,584),(889,584),(889,601),(875,601)
"26-"bounds: (589,623),(611,625),(610,636),(588,634)
"31"bounds: (621,623),(639,624),(638,640),(620,639)
"HT"bounds: (806,625),(821,624),(822,634),(807,635)
"96a.3'"bounds: (832,621),(878,618),(879,634),(833,637)
"69-26-"bounds: (563,657),(611,659),(611,669),(563,667)
"31"bounds: (622,658),(638,659),(638,673),(622,672)
"KO"bounds: (796,655),(833,652),(834,671),(797,674)
"Za"bounds: (832,658),(847,657),(848,668),(833,669)
"1b4"bounds: (857,651),(880,649),(881,667),(858,669)
"28-37-30-"bounds: (538,689),(611,691),(611,703),(538,701)
"31"bounds: (620,692),(638,693),(638,706),(620,705)
"ZA"bounds: (806,691),(820,690),(821,701),(807,702)
"15a.33"bounds: (833,686),(880,683),(881,701),(834,704)
"EY"bounds: (246,713),(278,713),(278,735),(246,735)
"YC"bounds: (289,712),(316,712),(316,737),(289,737)
"57-31-"bounds: (562,723),(611,723),(611,733),(562,733)
"31"bounds: (620,722),(637,722),(637,737),(620,737)
"/"bounds: (646,720),(661,720),(661,737),(646,737)
"IO"bounds: (801,719),(835,717),(836,735),(802,737)
"Za"bounds: (837,717),(854,716),(855,734),(838,735)
"95"bounds: (857,716),(872,715),(873,733),(858,734)
"РK"bounds: (803,755),(833,753),(834,772),(804,774)
"Za"bounds: (831,759),(846,758),(847,768),(832,769)
"14ь4"bounds: (858,752),(889,750),(890,768),(859,770)
"НТ"bounds: (798,780),(837,778),(838,795),(799,797)
"31.11"bounds: (839,778),(870,777),(871,795),(840,796)
"28-37-"bounds: (563,782),(611,784),(611,794),(563,792)
"31"bounds: (622,784),(638,785),(637,798),(621,797)
"本"bounds: (262,801),(280,802),(278,838),(260,837)
"Y"bounds: (285,807),(301,808),(300,834),(284,833)
"本"bounds: (263,836),(279,837),(276,869),(260,868)
"Y"bounds: (286,842),(308,844),(306,869),(284,867)
"39-"bounds: (588,816),(611,817),(611,828),(588,827)
"31"bounds: (621,817),(638,818),(637,832),(620,831)
"HT"bounds: (806,816),(821,816),(821,828),(806,828)
"123b.2"bounds: (830,812),(882,811),(882,829),(830,830)
"39-"bounds: (588,850),(611,850),(611,860),(588,860)
"31"bounds: (619,847),(636,847),(636,865),(619,865)
"KH"bounds: (805,850),(821,849),(822,861),(806,862)
"6.63"bounds: (831,845),(863,843),(864,860),(832,862)
"14"bounds: (248,877),(277,878),(276,901),(247,900)
"Y"bounds: (285,878),(299,878),(298,901),(284,901)
"740-"bounds: (570,880),(611,881),(611,899),(570,898)
"31"bounds: (620,885),(638,885),(638,899),(620,899)
"нT"bounds: (797,880),(835,878),(836,898),(798,900)
"113.21"bounds: (837,877),(878,875),(879,895),(838,897)
"I"bounds: (278,906),(297,906),(297,937),(278,937)
"YC"bounds: (299,906),(324,906),(324,938),(299,938)
"57-"bounds: (588,917),(611,918),(611,928),(588,927)
"31"bounds: (617,913),(639,914),(638,934),(616,933)
"MA"bounds: (805,918),(821,918),(821,929),(805,929)
"Zb"bounds: (832,918),(846,918),(846,929),(832,929)
"8-"bounds: (857,912),(871,912),(871,929),(857,929)
"РK"bounds: (803,949),(835,949),(835,964),(803,964)
"Za"bounds: (837,949),(851,949),(851,964),(837,964)
"8b"bounds: (857,951),(871,951),(871,962),(857,962)
"4"bounds: (867,944),(879,943),(880,957),(868,958)
"O"bounds: (261,976),(280,977),(279,999),(260,998)
"YC"bounds: (289,977),(317,978),(316,1006),(288,1005)
"77-"bounds: (588,986),(611,986),(611,995),(588,995)
"31"bounds: (622,986),(634,986),(634,996),(622,996)
"/"bounds: (646,982),(658,982),(658,997),(646,997)
"KE"bounds: (806,984),(821,984),(821,996),(806,996)
"1.11"bounds: (833,980),(861,979),(861,995),(833,996)
"716-118-"bounds: (536,1015),(610,1016),(610,1036),(536,1035)
"31"bounds: (619,1020),(638,1020),(638,1035),(619,1035)
"HT"bounds: (805,1019),(821,1018),(822,1030),(806,1031)
"70.21"bounds: (832,1012),(869,1009),(870,1028),(833,1031)
"A"bounds: (229,1079),(238,1079),(238,1095),(229,1095)
"521"bounds: (236,1082),(256,1082),(256,1093),(236,1093)
"H/J"bounds: (443,1083),(468,1083),(468,1099),(443,1099)
"31"bounds: (621,1087),(635,1087),(635,1097),(621,1097)
"+23+81"bounds: (646,1086),(693,1086),(693,1097),(646,1097)
"нT"bounds: (805,1086),(821,1085),(822,1096),(806,1097)
"34.61"bounds: (830,1081),(869,1079),(870,1097),(831,1099)
"A"bounds: (227,1111),(237,1111),(237,1128),(227,1128)
"522"bounds: (236,1115),(258,1115),(258,1126),(236,1126)
"YFA"bounds: (291,1113),(320,1113),(320,1132),(291,1132)
"'31'131a'"bounds: (616,1119),(693,1118),(693,1134),(616,1135)
"HT"bounds: (805,1120),(821,1119),(822,1130),(806,1131)
"114b.11"bounds: (833,1117),(886,1114),(887,1130),(834,1133)
"ZA"bounds: (805,1153),(821,1152),(821,1164),(805,1165)
"15a.13"bounds: (832,1150),(879,1148),(879,1163),(832,1165)
"A"bounds: (218,1184),(225,1184),(225,1194),(218,1194)
"589"bounds: (237,1183),(258,1183),(258,1194),(237,1194)
"1"bounds: (288,1179),(303,1179),(303,1200),(288,1200)
"131a+"bounds: (571,1188),(610,1188),(610,1198),(571,1198)
"31"bounds: (619,1189),(634,1189),(634,1202),(619,1202)
"нT"bounds: (804,1188),(821,1187),(822,1198),(805,1199)
"131Ь.31"bounds: (832,1183),(886,1180),(887,1198),(833,1201)
"A"bounds: (220,1213),(233,1213),(233,1234),(220,1234)
"600"bounds: (236,1213),(266,1213),(266,1234),(236,1234)
"180+"bounds: (579,1222),(610,1222),(610,1232),(579,1232)
"31"bounds: (619,1223),(637,1223),(637,1236),(619,1236)
"'B'"bounds: (649,1222),(668,1222),(668,1232),(649,1232)
"MA"bounds: (803,1222),(820,1221),(821,1233),(804,1234)
"4al"bounds: (830,1218),(852,1216),(853,1232),(831,1234)
"A"bounds: (224,1248),(234,1248),(234,1265),(224,1265)
"601"bounds: (236,1251),(257,1251),(257,1262),(236,1262)
"180+"bounds: (580,1255),(610,1257),(609,1268),(579,1266)
"31"bounds: (620,1256),(638,1257),(637,1272),(619,1271)
"'L'"bounds: (649,1256),(668,1257),(667,1274),(648,1273)
"MA"bounds: (802,1256),(819,1253),(821,1267),(804,1270)
"4a!"bounds: (828,1251),(851,1247),(853,1264),(831,1268)
"A"bounds: (219,1285),(225,1285),(225,1295),(219,1295)
"644"bounds: (236,1284),(259,1284),(259,1296),(236,1296)
"3"bounds: (274,1279),(306,1280),(306,1302),(274,1301)
"330+"bounds: (579,1289),(611,1291),(610,1302),(578,1300)
"31"bounds: (620,1289),(638,1290),(637,1305),(619,1304)
"нT"bounds: (804,1290),(820,1289),(821,1300),(805,1301)
"65.21"bounds: (830,1284),(868,1282),(869,1300),(831,1302)
"198"bounds: (61,1511),(95,1511),(95,1529),(61,1529)