Texts:

"67
H平 5
08-41- 67 -60
КН 20.25
08-301- 67 -59-08
TY Zh 44
中平ト堂0キ3
GH举登了
08-07-01- 67 -37-03-81
KN Zc 6.24
59-55-30- 67 -06
PL Zf 14
01- 67
HT 6b.5'
G
半堂
HT 13.3' 122a.31
04- 67
707- 62
ZA 27.2
60-61-07- 67
PH 2.1-21
710- 67
НT 58.41
全堂[
16- 67 L
KN Wb 33a?
728- 67
IT 49b.21
03-28- 67 /
HT 73/+_762.2!
08-28-30- 67
*HT 115h.4'
中4Y位
*HT 115h.4
08-28-31- 67
16-37- 67
KH 7a.43
ZA 4a.6-73 Sb.23 15a.s
41-39- 67
JFT2堂
目星[
710-07-53- 67
PH 7a.21
57- 67 /
ZA 26a,23
4
I[.J-69-09-58- 67
HT Zb 158a'
03-01-26-65- 67
TY 2.3
77- 67
НT 37.1.5
07-77- 67 /
HT 52a.2
A 514
*24''L 762'
TY 3a.1-21
H
A 531
41+13 '67'
HT 24b.11
TY 3a.7
HT 26b.3' 127h.5[.6]'
A 544
767 + 7
A 545
67 +23
A 546
'67'80+26
HT 24a.1
A 617
HT 44a.2'
302'67'
HT 8a.1 18.1' 28a.2' 42/+_759.1.2.6'
sra.2,b.2' 56b.1' 91.2' 101.2.5'
A 618
302+ 67
116a.3' 125a.2' 129.41 140.21
TY 3a.1.3,b.21
ZA 18a.2
A 619
302+ 67'10'
TY 3a.31
A 620
302+ 67'13'
TY 3a.41
A 640
KH Wa 1001x3 1002«3
317'67.
A 641
KH 7a.13
'317'67''334'
248
"bounds: (58,94),(1144,94),(1144,1531),(58,1531)
"67"bounds: (1128,94),(1144,94),(1144,107),(1128,107)
"H"bounds: (251,154),(265,154),(265,177),(251,177)
"平"bounds: (271,154),(296,154),(296,178),(271,178)
"5"bounds: (323,155),(337,155),(337,177),(323,177)
"08-41-"bounds: (570,160),(619,161),(619,171),(570,170)
"67"bounds: (629,161),(645,161),(645,174),(629,174)
"-60"bounds: (654,161),(678,161),(678,170),(654,170)
"КН"bounds: (797,158),(813,157),(814,170),(798,171)
"20.25"bounds: (822,154),(862,151),(863,169),(823,172)
"08-301-"bounds: (561,194),(619,194),(619,204),(561,204)
"67"bounds: (628,195),(645,195),(645,208),(628,208)
"-59-08"bounds: (654,193),(703,193),(703,205),(654,205)
"TY"bounds: (797,193),(813,192),(814,203),(798,204)
"Zh"bounds: (822,192),(837,191),(838,202),(823,203)
"44"bounds: (848,186),(862,185),(863,201),(849,202)
"中平"bounds: (229,220),(265,220),(265,242),(229,242)
"ト"bounds: (276,223),(285,223),(285,243),(276,243)
"堂"bounds: (299,222),(312,222),(312,244),(299,244)
"0"bounds: (322,222),(334,222),(334,244),(322,244)
"キ"bounds: (343,221),(357,221),(357,242),(343,242)
"3"bounds: (367,220),(379,220),(379,242),(367,242)
"GH"bounds: (232,255),(264,255),(264,278),(232,278)
"举"bounds: (272,255),(290,255),(290,277),(272,277)
"登"bounds: (298,256),(309,256),(309,278),(298,278)
"了"bounds: (320,256),(334,256),(334,275),(320,275)
"08-07-01-"bounds: (545,228),(619,228),(619,238),(545,238)
"67"bounds: (630,228),(644,228),(644,237),(630,237)
"-37-03-81"bounds: (654,228),(727,228),(727,238),(654,238)
"KN"bounds: (797,225),(813,224),(813,236),(798,237)
"Zc"bounds: (822,221),(845,220),(846,238),(823,239)
"6.24"bounds: (848,220),(879,219),(880,237),(849,238)
"59-55-30-"bounds: (546,261),(619,261),(619,271),(546,271)
"67"bounds: (630,261),(644,261),(644,271),(630,271)
"-06"bounds: (655,261),(678,261),(678,271),(655,271)
"PL"bounds: (797,259),(812,258),(813,270),(798,271)
"Zf"bounds: (823,259),(838,258),(839,269),(824,270)
"14"bounds: (849,253),(863,252),(864,269),(850,270)
"01-"bounds: (596,295),(619,295),(619,304),(596,304)
"67"bounds: (630,295),(644,295),(644,304),(630,304)
"HT"bounds: (796,293),(813,291),(814,302),(797,304)
"6b.5'"bounds: (822,288),(862,284),(863,302),(824,306)
"G"bounds: (436,299),(444,299),(444,309),(436,309)
"半"bounds: (271,320),(288,320),(288,342),(271,342)
"堂"bounds: (295,320),(311,320),(311,343),(295,343)
"HT"bounds: (797,326),(813,326),(813,337),(797,337)
"13.3'"bounds: (824,320),(861,319),(861,336),(825,337)
"122a.31"bounds: (876,320),(929,318),(930,336),(877,338)
"04-"bounds: (596,328),(619,328),(619,338),(596,338)
"67"bounds: (631,328),(645,328),(645,337),(631,337)
"707-"bounds: (579,358),(619,358),(619,382),(579,382)
"62"bounds: (628,361),(646,361),(646,376),(628,376)
"ZA"bounds: (798,360),(813,359),(813,370),(798,371)
"27.2"bounds: (824,353),(863,351),(864,370),(825,372)
"60-61-07-"bounds: (547,393),(620,395),(620,408),(547,406)
"67"bounds: (629,395),(648,396),(648,411),(629,410)
"PH"bounds: (799,393),(814,392),(815,404),(800,405)
"2.1-21"bounds: (824,388),(870,385),(871,403),(825,406)
"710-"bounds: (580,425),(620,425),(620,443),(580,443)
"67"bounds: (631,429),(645,429),(645,445),(631,445)
"НT"bounds: (797,425),(814,424),(815,437),(798,438)
"58.41"bounds: (824,421),(863,418),(864,437),(825,440)
"全"bounds: (272,452),(290,452),(290,477),(272,477)
"堂"bounds: (295,448),(310,448),(310,482),(295,482)
"["bounds: (316,453),(323,453),(323,478),(316,478)
"16-"bounds: (598,460),(621,462),(620,475),(597,473)
"67"bounds: (631,461),(645,462),(643,482),(629,481)
"L"bounds: (657,459),(665,460),(663,478),(655,477)
"KN"bounds: (798,461),(814,460),(815,471),(799,472)
"Wb"bounds: (823,460),(838,459),(839,471),(824,472)
"33a?"bounds: (849,454),(881,452),(882,471),(850,473)
"728-"bounds: (580,492),(620,492),(620,509),(580,509)
"67"bounds: (631,496),(645,496),(645,505),(631,505)
"IT"bounds: (798,494),(814,493),(815,504),(799,505)
"49b.21"bounds: (824,489),(870,486),(871,504),(825,507)
"03-28-"bounds: (572,528),(621,528),(621,539),(572,539)
"67"bounds: (632,528),(646,528),(646,539),(632,539)
"/"bounds: (656,526),(667,526),(667,542),(656,542)
"HT"bounds: (799,527),(815,527),(815,538),(799,538)
"73/+_762.2!"bounds: (825,521),(922,519),(922,542),(825,544)
"08-28-30-"bounds: (547,562),(620,561),(620,572),(547,573)
"67"bounds: (631,563),(646,563),(646,572),(631,572)
"*HT"bounds: (799,556),(823,556),(823,572),(799,572)
"115h.4'"bounds: (834,553),(888,552),(888,572),(834,573)
"中"bounds: (231,585),(244,585),(244,609),(231,609)
"4Y"bounds: (254,586),(287,586),(287,615),(254,615)
"位"bounds: (297,586),(310,586),(310,615),(297,615)
"*HT"bounds: (799,590),(823,590),(823,606),(799,606)
"115h.4"bounds: (835,587),(888,586),(888,606),(835,607)
"08-28-31-"bounds: (547,596),(621,596),(621,606),(547,606)
"67"bounds: (632,596),(646,596),(646,606),(632,606)
"16-37-"bounds: (574,628),(622,630),(621,642),(573,640)
"67"bounds: (632,629),(646,630),(646,640),(632,639)
"KH"bounds: (800,627),(815,627),(815,638),(800,639)
"7a.43"bounds: (825,621),(865,620),(866,638),(826,639)
"ZA"bounds: (795,650),(822,650),(822,677),(795,677)
"4a.6-73"bounds: (826,653),(882,654),(882,673),(826,672)
"Sb.23"bounds: (894,652),(933,652),(933,671),(894,671)
"15a.s"bounds: (941,651),(985,651),(985,679),(941,679)
"41-39-"bounds: (573,662),(622,663),(622,673),(573,672)
"67"bounds: (632,663),(646,663),(646,672),(632,672)
"JFT2"bounds: (209,681),(297,682),(297,713),(209,712)
"堂"bounds: (299,682),(318,682),(318,713),(299,713)
"目"bounds: (276,717),(287,717),(287,738),(276,738)
"星"bounds: (297,717),(309,717),(309,740),(297,740)
"["bounds: (316,716),(324,716),(324,741),(316,741)
"710-07-53-"bounds: (531,693),(621,693),(621,711),(531,711)
"67"bounds: (627,690),(650,690),(650,714),(627,714)
"PH"bounds: (799,696),(816,695),(817,706),(800,707)
"7a.21"bounds: (826,691),(864,688),(865,704),(827,707)
"57-"bounds: (598,729),(622,729),(622,739),(598,739)
"67"bounds: (632,728),(647,728),(647,738),(632,738)
"/"bounds: (656,724),(666,724),(666,740),(656,740)
"ZA"bounds: (800,727),(815,726),(816,738),(801,739)
"26a,23"bounds: (826,721),(875,718),(876,736),(827,739)
"4"bounds: (874,754),(891,754),(891,767),(874,767)
"I[.J-69-09-58-"bounds: (481,760),(622,760),(622,782),(481,782)
"67"bounds: (631,763),(649,763),(649,778),(631,778)
"HT"bounds: (800,762),(816,762),(816,773),(800,773)
"Zb"bounds: (826,761),(841,761),(841,773),(826,773)
"158a'"bounds: (853,759),(886,758),(886,772),(853,773)
"03-01-26-65-"bounds: (523,797),(622,797),(622,806),(523,806)
"67"bounds: (632,796),(647,796),(647,809),(632,809)
"TY"bounds: (800,796),(816,796),(816,805),(800,805)
"2.3"bounds: (827,790),(849,790),(849,807),(827,807)
"77-"bounds: (600,830),(622,830),(622,840),(600,840)
"67"bounds: (632,829),(649,829),(649,843),(632,843)
"НT"bounds: (793,825),(831,824),(831,843),(793,844)
"37.1.5"bounds: (833,824),(878,823),(878,842),(833,843)
"07-77-"bounds: (574,863),(623,864),(623,874),(574,873)
"67"bounds: (633,863),(647,863),(647,873),(633,873)
"/"bounds: (657,862),(665,862),(665,877),(657,877)
"HT"bounds: (800,863),(817,862),(817,872),(800,873)
"52a.2"bounds: (826,857),(866,855),(867,873),(827,875)
"A"bounds: (204,924),(211,924),(211,937),(204,937)
"514"bounds: (211,926),(232,926),(232,937),(211,937)
"*24''L"bounds: (553,927),(606,927),(606,945),(553,945)
"762'"bounds: (616,927),(655,927),(655,946),(616,946)
"TY"bounds: (801,930),(816,929),(816,940),(801,941)
"3a.1-21"bounds: (826,923),(881,921),(882,940),(827,942)
"H"bounds: (438,932),(445,932),(445,942),(438,942)
"A"bounds: (203,958),(211,958),(211,973),(203,973)
"531"bounds: (211,960),(231,960),(231,971),(211,971)
"41+13"bounds: (583,965),(622,965),(622,975),(583,975)
"'67'"bounds: (629,964),(656,964),(656,979),(629,979)
"HT"bounds: (800,963),(817,962),(817,974),(800,975)
"24b.11"bounds: (827,958),(873,956),(874,973),(828,975)
"TY"bounds: (801,997),(817,997),(817,1008),(801,1008)
"3a.7"bounds: (822,990),(861,990),(861,1015),(822,1015)
"HT"bounds: (801,1032),(817,1032),(817,1042),(801,1042)
"26b.3'"bounds: (828,1023),(874,1023),(874,1042),(828,1042)
"127h.5[.6]'"bounds: (888,1022),(975,1021),(975,1042),(888,1043)
"A"bounds: (201,991),(209,991),(209,1006),(201,1006)
"544"bounds: (211,994),(233,994),(233,1004),(211,1004)
"767"bounds: (616,994),(650,993),(650,1014),(616,1015)
"+"bounds: (658,995),(682,995),(682,1013),(658,1013)
"7"bounds: (692,994),(710,994),(710,1013),(692,1013)
"A"bounds: (204,1025),(212,1025),(212,1040),(204,1040)
"545"bounds: (211,1027),(233,1027),(233,1038),(211,1038)
"67"bounds: (634,1033),(648,1033),(648,1042),(634,1042)
"+23"bounds: (659,1033),(682,1033),(682,1042),(659,1042)
"A"bounds: (201,1059),(209,1059),(209,1074),(201,1074)
"546"bounds: (211,1061),(233,1061),(233,1072),(211,1072)
"'67'80+26"bounds: (623,1058),(698,1059),(698,1082),(623,1081)
"HT"bounds: (801,1065),(817,1064),(818,1075),(802,1076)
"24a.1"bounds: (826,1060),(868,1058),(869,1077),(827,1079)
"A"bounds: (201,1092),(210,1092),(210,1108),(201,1108)
"617"bounds: (211,1095),(233,1095),(233,1105),(211,1105)
"HT"bounds: (801,1099),(817,1098),(818,1109),(802,1110)
"44a.2'"bounds: (827,1093),(875,1090),(876,1108),(828,1111)
"302'67'"bounds: (601,1100),(656,1100),(656,1109),(601,1109)
"HT"bounds: (802,1132),(818,1132),(818,1143),(802,1143)
"8a.1"bounds: (828,1124),(865,1124),(865,1143),(828,1143)
"18.1'"bounds: (880,1124),(916,1124),(916,1142),(880,1142)
"28a.2'"bounds: (930,1124),(975,1124),(975,1142),(930,1142)
"42/+_759.1.2.6'"bounds: (988,1123),(1119,1123),(1119,1147),(988,1147)
"sra.2,b.2'"bounds: (829,1157),(908,1157),(908,1179),(829,1179)
"56b.1'"bounds: (922,1158),(967,1158),(967,1176),(922,1176)
"91.2'"bounds: (980,1155),(1018,1155),(1018,1175),(980,1175)
"101.2.5'"bounds: (1040,1157),(1102,1157),(1102,1181),(1040,1181)
"A"bounds: (204,1126),(212,1126),(212,1141),(204,1141)
"618"bounds: (211,1129),(232,1129),(232,1140),(211,1140)
"302+"bounds: (593,1133),(624,1133),(624,1143),(593,1143)
"67"bounds: (635,1133),(649,1133),(649,1143),(635,1143)
"116a.3'"bounds: (829,1191),(883,1190),(883,1209),(829,1210)
"125a.2'"bounds: (897,1191),(950,1190),(950,1209),(897,1210)
"129.41"bounds: (964,1192),(1009,1191),(1009,1209),(964,1210)
"140.21"bounds: (1023,1190),(1068,1189),(1068,1209),(1023,1210)
"TY"bounds: (802,1234),(818,1234),(818,1244),(802,1244)
"3a.1.3,b.21"bounds: (828,1226),(916,1224),(917,1246),(829,1248)
"ZA"bounds: (800,1264),(826,1263),(827,1281),(801,1282)
"18a.2"bounds: (829,1262),(876,1260),(877,1278),(830,1280)
"A"bounds: (201,1294),(210,1294),(210,1310),(201,1310)
"619"bounds: (211,1297),(233,1297),(233,1308),(211,1308)
"302+"bounds: (593,1303),(624,1303),(624,1313),(593,1313)
"67'10'"bounds: (633,1302),(682,1302),(682,1316),(633,1316)
"TY"bounds: (802,1302),(818,1301),(819,1313),(803,1314)
"3a.31"bounds: (827,1294),(866,1292),(867,1312),(828,1314)
"A"bounds: (202,1327),(211,1327),(211,1343),(202,1343)
"620"bounds: (211,1331),(234,1331),(234,1341),(211,1341)
"302+"bounds: (593,1336),(625,1337),(625,1348),(593,1347)
"67'13'"bounds: (635,1335),(682,1336),(682,1347),(635,1346)
"TY"bounds: (802,1336),(818,1335),(819,1347),(803,1348)
"3a.41"bounds: (826,1330),(866,1328),(867,1347),(827,1349)
"A"bounds: (202,1361),(211,1361),(211,1377),(202,1377)
"640"bounds: (211,1364),(234,1364),(234,1375),(211,1375)
"KH"bounds: (802,1369),(818,1368),(818,1380),(802,1381)
"Wa"bounds: (827,1369),(843,1368),(843,1380),(827,1381)
"1001x3"bounds: (854,1362),(902,1360),(903,1379),(855,1381)
"1002«3"bounds: (913,1361),(960,1359),(961,1379),(914,1381)
"317'67."bounds: (601,1369),(656,1368),(656,1380),(601,1381)
"A"bounds: (200,1395),(208,1395),(208,1410),(200,1410)
"641"bounds: (210,1397),(231,1397),(231,1409),(210,1409)
"KH"bounds: (802,1404),(818,1403),(819,1414),(803,1415)
"7a.13"bounds: (828,1398),(868,1395),(869,1412),(829,1415)
"'317'67''334'"bounds: (596,1403),(708,1403),(708,1414),(596,1414)
"248"bounds: (58,1514),(94,1514),(94,1531),(58,1531)