Texts:

"13
A 531
41+ 13 '67'
HT 24b.11
A S61
80+26 '13'
нг 24а.2.3.4'
A 620 W
302+67 '13'
TY 3a.41
171
"bounds: (135,101),(1161,101),(1161,1548),(135,1548)
"13"bounds: (1050,101),(1067,101),(1067,115),(1050,115)
"A"bounds: (135,237),(143,237),(143,252),(135,252)
"531"bounds: (144,238),(165,238),(165,250),(144,250)
"41+"bounds: (504,236),(527,235),(527,246),(504,247)
"13"bounds: (538,236),(553,235),(553,246),(538,247)
"'67'"bounds: (566,236),(594,235),(594,246),(566,247)
"HT"bounds: (722,238),(738,237),(739,249),(723,250)
"24b.11"bounds: (749,232),(796,228),(797,246),(750,250)
"A"bounds: (135,269),(145,269),(145,285),(135,285)
"S61"bounds: (145,272),(165,272),(165,284),(145,284)
"80+26"bounds: (480,268),(520,269),(520,281),(480,280)
"'13'"bounds: (533,269),(560,270),(560,286),(533,285)
"нг"bounds: (715,265),(753,265),(753,289),(715,289)
"24а.2.3.4'"bounds: (755,265),(832,265),(832,289),(755,289)
"A"bounds: (139,302),(149,302),(150,320),(140,320)
"620"bounds: (151,301),(168,300),(169,319),(152,320)
"W"bounds: (203,299),(224,298),(225,316),(204,317)
"302+67"bounds: (473,304),(520,304),(520,315),(473,315)
"'13'"bounds: (533,303),(560,303),(560,314),(533,314)
"TY"bounds: (722,306),(739,305),(739,316),(722,317)
"3a.41"bounds: (748,298),(787,296),(788,316),(749,318)
"171"bounds: (1129,1531),(1161,1531),(1161,1548),(1129,1548)