Texts:

"INSCRIPTIONS EN LINÉAIRE A
KE Wc 2
a
K 4.346 -2,80x 2,90x 1,60cm.
80
"bounds: (77,65),(771,65),(771,1525),(77,1525)
"INSCRIPTIONS"bounds: (497,70),(621,69),(621,81),(497,82)
"EN"bounds: (633,70),(654,70),(654,81),(633,81)
"LINÉAIRE"bounds: (667,66),(751,65),(751,81),(667,82)
"A"bounds: (762,71),(771,71),(771,81),(762,81)
"KE"bounds: (238,417),(269,417),(269,431),(238,431)
"Wc"bounds: (276,417),(306,417),(306,431),(276,431)
"2"bounds: (319,417),(328,417),(328,431),(319,431)
"a"bounds: (334,559),(342,559),(342,568),(334,568)
"K"bounds: (281,1206),(295,1206),(295,1228),(281,1228)
"4.346"bounds: (297,1206),(345,1206),(345,1228),(297,1228)
"-2,80x"bounds: (353,1210),(410,1210),(410,1227),(353,1227)
"2,90x"bounds: (417,1210),(459,1210),(459,1226),(417,1226)
"1,60cm."bounds: (468,1209),(532,1209),(532,1224),(468,1224)
"80"bounds: (77,1509),(100,1509),(100,1525),(77,1525)