Texts:

"INSCRIPTIONS EN LINÉAIRE A
Wa 1696
Wa 1697
Wa 1695
HM 435.72
HM 435. 73
HM435.74
Wa 1698
Wa 1699
Wa 1700
HM 435.77
HM 435.76
HM 435.75
Wa 1701
Wa 1702
Wa 1703
HM 435.78
HM 435.79
HM 435. 80
Wa 1704
Wa 1705
Wa 1706
HM 435.82
HM 435.83
HM 435.81
Wa 1707
Wa 1708
Wa 1709
HM 435.86
HM 435. 84
HM 435.85
56
"bounds: (78,73),(1163,73),(1163,1524),(78,1524)
"INSCRIPTIONS"bounds: (517,75),(642,75),(642,87),(517,87)
"EN"bounds: (653,76),(675,76),(675,87),(653,87)
"LINÉAIRE"bounds: (686,73),(770,73),(770,87),(686,87)
"A"bounds: (781,77),(791,77),(791,88),(781,88)
"Wa"bounds: (597,153),(628,154),(628,169),(597,168)
"1696"bounds: (643,154),(683,155),(683,171),(643,170)
"Wa"bounds: (958,157),(989,157),(989,172),(958,172)
"1697"bounds: (1003,157),(1044,157),(1044,172),(1003,172)
"Wa"bounds: (228,153),(259,153),(259,167),(228,167)
"1695"bounds: (274,152),(314,151),(314,166),(274,167)
"HM"bounds: (348,358),(374,359),(374,372),(348,371)
"435.72"bounds: (384,358),(440,360),(440,374),(384,372)
"HM"bounds: (708,362),(733,362),(733,376),(708,376)
"435."bounds: (742,361),(777,361),(777,375),(742,375)
"73"bounds: (783,362),(806,362),(806,374),(783,374)
"HM435.74"bounds: (1074,369),(1163,369),(1163,382),(1074,382)
"Wa"bounds: (227,418),(258,418),(258,432),(227,432)
"1698"bounds: (272,418),(313,418),(313,432),(272,432)
"Wa"bounds: (595,423),(626,423),(626,437),(595,437)
"1699"bounds: (641,422),(681,422),(681,437),(641,437)
"Wa"bounds: (954,427),(985,427),(985,440),(954,440)
"1700"bounds: (1000,427),(1040,427),(1040,441),(1000,441)
"HM"bounds: (1060,627),(1084,628),(1084,642),(1060,641)
"435.77"bounds: (1094,627),(1155,629),(1154,644),(1094,642)
"HM"bounds: (707,631),(732,632),(731,645),(706,644)
"435.76"bounds: (741,632),(802,635),(801,651),(740,648)
"HM"bounds: (344,635),(369,636),(368,649),(344,648)
"435.75"bounds: (379,635),(445,638),(444,652),(378,649)
"Wa"bounds: (227,690),(259,691),(259,704),(227,703)
"1701"bounds: (273,690),(312,691),(311,706),(273,705)
"Wa"bounds: (598,692),(629,693),(629,707),(598,706)
"1702"bounds: (643,693),(684,694),(684,708),(643,707)
"Wa"bounds: (957,695),(988,695),(988,709),(957,709)
"1703"bounds: (1003,696),(1043,696),(1043,710),(1003,710)
"HM"bounds: (347,896),(371,897),(370,909),(346,908)
"435.78"bounds: (383,896),(447,900),(446,914),(382,910)
"HM"bounds: (706,899),(732,900),(732,915),(706,914)
"435.79"bounds: (741,899),(801,900),(801,917),(741,916)
"HM"bounds: (1051,900),(1075,901),(1074,915),(1050,914)
"435."bounds: (1084,901),(1122,903),(1121,917),(1083,915)
"80"bounds: (1128,904),(1150,905),(1149,919),(1127,918)
"Wa"bounds: (223,960),(254,960),(254,974),(223,974)
"1704"bounds: (269,959),(310,959),(310,975),(269,975)
"Wa"bounds: (594,963),(625,963),(625,977),(594,977)
"1705"bounds: (640,963),(680,963),(680,977),(640,977)
"Wa"bounds: (957,966),(987,966),(987,980),(957,980)
"1706"bounds: (1002,966),(1043,966),(1043,982),(1002,982)
"HM"bounds: (714,1169),(738,1170),(738,1183),(714,1182)
"435.82"bounds: (746,1169),(805,1171),(805,1186),(746,1184)
"HM"bounds: (1067,1169),(1091,1169),(1091,1184),(1067,1184)
"435.83"bounds: (1101,1171),(1161,1172),(1161,1186),(1101,1185)
"HM"bounds: (342,1170),(370,1172),(369,1186),(341,1184)
"435.81"bounds: (380,1173),(448,1177),(447,1191),(379,1187)
"Wa"bounds: (220,1234),(252,1234),(252,1247),(220,1247)
"1707"bounds: (266,1233),(307,1233),(307,1247),(266,1247)
"Wa"bounds: (595,1238),(626,1239),(626,1253),(595,1252)
"1708"bounds: (640,1238),(681,1239),(681,1254),(640,1253)
"Wa"bounds: (959,1241),(990,1241),(990,1255),(959,1255)
"1709"bounds: (1005,1241),(1046,1241),(1046,1256),(1005,1256)
"HM"bounds: (1060,1432),(1086,1433),(1085,1448),(1059,1447)
"435.86"bounds: (1093,1433),(1161,1436),(1160,1452),(1092,1449)
"HM"bounds: (351,1432),(376,1433),(376,1447),(351,1446)
"435."bounds: (386,1432),(426,1433),(426,1447),(386,1446)
"84"bounds: (432,1434),(451,1435),(451,1449),(432,1448)
"HM"bounds: (714,1437),(740,1437),(740,1451),(714,1451)
"435.85"bounds: (749,1437),(807,1438),(807,1453),(749,1452)
"56"bounds: (78,1507),(101,1507),(101,1524),(78,1524)