Texts:

"V
ÉCOLE FRANÇAISE D'ATHENES
ÉTUDES CRÉTOISES, XXI, 3
RECUEIL DES INSCRIPTIONS
EN LINÉAIRE A
VOLUME 3
TABLETTES, NODULES ET RONDELLES
ÉDITÉS EN 1975 ET 1976
PAR
LOUIS GODART ET JEAN-PIERRE OLIVIER
Dépositaire :
LIBRAIRIE ORIENTALISTE PAUL GEUTHNER
12, RUE VAVIN, PARIS VIe
1976
"bounds: (193,17),(1214,17),(1214,1340),(193,1340)
"V"bounds: (1199,19),(1212,17),(1214,31),(1201,33)
"ÉCOLE"bounds: (336,186),(426,186),(426,204),(336,204)
"FRANÇAISE"bounds: (451,188),(611,188),(611,207),(451,207)
"D'ATHENES"bounds: (637,185),(796,185),(796,203),(637,203)
"ÉTUDES"bounds: (379,233),(483,234),(483,256),(379,255)
"CRÉTOISES,"bounds: (502,232),(653,234),(653,260),(502,258)
"XXI,"bounds: (672,236),(730,237),(730,259),(672,258)
"3"bounds: (742,237),(753,237),(753,255),(742,255)
"RECUEIL"bounds: (193,467),(415,466),(415,504),(193,505)
"DES"bounds: (444,466),(537,466),(537,502),(444,502)
"INSCRIPTIONS"bounds: (567,464),(943,463),(943,501),(567,502)
"EN"bounds: (368,547),(439,546),(439,582),(368,583)
"LINÉAIRE"bounds: (469,539),(708,536),(708,581),(469,584)
"A"bounds: (737,544),(772,544),(772,580),(737,580)
"VOLUME"bounds: (497,657),(616,655),(616,674),(497,676)
"3"bounds: (632,655),(643,655),(643,674),(632,674)
"TABLETTES,"bounds: (225,752),(424,750),(424,781),(225,783)
"NODULES"bounds: (450,751),(620,750),(620,774),(450,775)
"ET"bounds: (643,750),(685,750),(685,773),(643,773)
"RONDELLES"bounds: (709,749),(916,747),(916,772),(709,774)
"ÉDITÉS"bounds: (380,795),(494,795),(494,831),(380,831)
"EN"bounds: (504,800),(552,800),(552,823),(504,823)
"1975"bounds: (576,799),(634,799),(634,824),(576,824)
"ET"bounds: (657,799),(698,799),(698,822),(657,822)
"1976"bounds: (722,798),(781,798),(781,823),(722,823)
"PAR"bounds: (555,860),(590,860),(590,872),(555,872)
"LOUIS"bounds: (329,905),(396,905),(396,920),(329,920)
"GODART"bounds: (411,904),(509,903),(509,919),(411,920)
"ET"bounds: (524,904),(550,904),(550,919),(524,919)
"JEAN-PIERRE"bounds: (564,903),(708,902),(708,919),(564,920)
"OLIVIER"bounds: (724,902),(816,901),(816,917),(724,918)
"Dépositaire"bounds: (510,1197),(625,1197),(625,1220),(510,1220)
":"bounds: (629,1194),(642,1194),(642,1225),(629,1225)
"LIBRAIRIE"bounds: (278,1236),(414,1235),(414,1252),(278,1253)
"ORIENTALISTE"bounds: (433,1235),(623,1234),(623,1252),(433,1253)
"PAUL"bounds: (643,1235),(709,1235),(709,1251),(643,1251)
"GEUTHNER"bounds: (729,1234),(872,1233),(872,1250),(729,1251)
"12,"bounds: (436,1271),(463,1271),(463,1288),(436,1288)
"RUE"bounds: (479,1273),(517,1273),(517,1283),(479,1283)
"VAVIN,"bounds: (533,1272),(600,1271),(600,1287),(533,1288)
"PARIS"bounds: (616,1273),(672,1272),(672,1282),(616,1283)
"VIe"bounds: (687,1268),(716,1268),(716,1282),(687,1282)
"1976"bounds: (553,1321),(600,1323),(599,1340),(552,1338)