Texts:

"08
JHYY Is
708 -31-31-60-13
IO Zb 105
08-31-58-80-28-09
GO Wc la.1-32
H Y 2
08 -31-76
НT 89.1
08 -37-26
ZA 4a.3
08 -37-77-08-61-70-Į 73 7
ZA Wc 2.1-22
08 -39
KN Ze 164
08 -41
HT 9b.2'
中4ト干半
08 -41-01-05-28
ARKH 2.2-33
T平目田
08 -41-57-72
H平已ゲ
НГ 28а.1,b.1
KH 9,13
08 -41-58-11-08
08 -41-67-60
кн 20.23
08 -45
ZA 10b.43
08 -51
HT 85a.1' 86a.4' 28.1' 92.1' 95b.1'
99a.1 133.11
08 -512
КН 23.13
08 -51-L..]
TY За.31
08 -51-L. 7-17
KH 11.13
*TY 3a.3'
08 -51-.7-77
0B -51-[.7-78
08 -51-[.J-80
*TY 3a.3'
*TY 3a.3'
08 -51-17
РК 1.21
08 -51-27/
КН 4.13
08 -51-27-17
*KH 11.13
ヤ后举CT
08 -51-30-59-06
ARKH 5.13
08 -51-81-73-06
ZA 10a.3-43
08 -53
PH 6.1.3'
08 -53-
НT 141.11
08 -53-30-59
HT 25a.3'
ZA 8.2-33
08 -53-57
PH 28a.3'
08 -53-58
нT 118.3
中品本
08 -54-39
KN Zf 314
J08 -56-
PH 28a.1
08 -57
SY Za 2d
- 08 -57-81
KN Z£ 134
08 -58[
*KH 73.33
TEAA
08 -58-50-54
ARKH 2,53
08 -58-57
HT 11a.3-41
J08 -58-73-118/
ARKH 1a.43
08 -59L
*KH 73.33
08 -59-
KH 39.1
162
"bounds: (58,94),(1150,94),(1150,1532),(58,1532)
"08"bounds: (1133,94),(1150,94),(1150,107),(1133,107)
"JHYY"bounds: (231,150),(316,149),(316,183),(231,184)
"Is"bounds: (318,149),(339,149),(339,183),(318,183)
"708"bounds: (537,157),(561,157),(561,172),(537,172)
"-31-31-60-13"bounds: (570,160),(667,160),(667,172),(570,172)
"IO"bounds: (816,161),(831,160),(832,172),(817,173)
"Zb"bounds: (842,156),(862,154),(863,172),(844,174)
"105"bounds: (865,154),(888,152),(890,171),(867,173)
"08-31-58-80-28-09"bounds: (545,190),(691,192),(691,210),(545,208)
"GO"bounds: (815,192),(831,191),(831,203),(815,204)
"Wc"bounds: (840,188),(861,187),(862,206),(841,207)
"la.1-32"bounds: (867,187),(921,185),(922,203),(868,205)
"H"bounds: (247,221),(270,221),(270,240),(247,240)
"Y"bounds: (283,216),(290,216),(290,245),(283,245)
"2"bounds: (291,219),(302,219),(302,240),(291,240)
"08"bounds: (547,223),(569,223),(569,235),(547,235)
"-31-76"bounds: (570,226),(618,226),(618,235),(570,235)
"НT"bounds: (810,222),(845,220),(846,238),(811,240)
"89.1"bounds: (847,220),(870,219),(871,237),(848,238)
"08"bounds: (543,254),(572,254),(572,269),(543,269)
"-37-26"bounds: (570,257),(618,257),(618,268),(570,268)
"ZA"bounds: (816,257),(831,256),(831,268),(816,269)
"4a.3"bounds: (841,252),(873,251),(874,270),(842,271)
"08"bounds: (544,290),(562,290),(562,305),(544,305)
"-37-77-08-61-70-Į"bounds: (568,284),(716,285),(716,310),(568,309)
"73"bounds: (718,285),(736,285),(736,309),(718,309)
"7"bounds: (739,285),(753,285),(753,309),(739,309)
"ZA"bounds: (816,290),(830,289),(831,301),(817,302)
"Wc"bounds: (839,291),(855,290),(856,301),(840,302)
"2.1-22"bounds: (865,284),(912,282),(913,301),(866,303)
"08"bounds: (543,321),(571,321),(571,334),(543,334)
"-39"bounds: (570,323),(593,323),(593,332),(570,332)
"KN"bounds: (816,324),(831,323),(832,333),(817,334)
"Ze"bounds: (840,323),(855,322),(856,333),(841,334)
"164"bounds: (866,318),(888,317),(889,333),(867,334)
"08"bounds: (546,353),(568,353),(568,365),(546,365)
"-41"bounds: (570,356),(591,356),(591,365),(570,365)
"HT"bounds: (814,356),(830,355),(831,366),(815,367)
"9b.2'"bounds: (840,351),(877,348),(878,365),(841,368)
"中"bounds: (245,373),(259,373),(259,400),(245,400)
"4"bounds: (265,375),(285,375),(285,399),(265,399)
"ト"bounds: (294,379),(302,379),(302,398),(294,398)
"干"bounds: (313,379),(327,379),(327,398),(313,398)
"半"bounds: (338,375),(350,375),(350,399),(338,399)
"08"bounds: (544,389),(562,389),(562,402),(544,402)
"-41-01-05-28"bounds: (570,389),(666,389),(666,398),(570,398)
"ARKH"bounds: (814,388),(847,386),(848,398),(815,400)
"2.2-33"bounds: (857,383),(904,380),(905,398),(858,401)
"T"bounds: (245,411),(259,411),(259,432),(245,432)
"平"bounds: (266,411),(286,411),(286,430),(266,430)
"目"bounds: (293,412),(304,412),(304,432),(293,432)
"田"bounds: (312,413),(329,413),(329,431),(312,431)
"08"bounds: (546,418),(567,418),(567,431),(546,431)
"-41-57-72"bounds: (570,420),(642,421),(642,432),(570,431)
"H"bounds: (246,442),(259,442),(259,463),(246,463)
"平"bounds: (261,439),(291,439),(291,470),(261,470)
"已"bounds: (293,439),(312,439),(312,470),(293,470)
"ゲ"bounds: (312,441),(349,441),(349,464),(312,464)
"НГ"bounds: (810,418),(845,418),(845,436),(810,436)
"28а.1,b.1"bounds: (847,417),(911,416),(911,435),(847,436)
"KH"bounds: (815,446),(830,445),(831,456),(816,457)
"9,13"bounds: (839,439),(871,436),(873,455),(841,458)
"08"bounds: (546,444),(566,444),(566,457),(546,457)
"-41-58-11-08"bounds: (570,445),(666,445),(666,456),(570,456)
"08"bounds: (545,475),(570,475),(570,488),(545,488)
"-41-67-60"bounds: (570,477),(643,478),(643,489),(570,488)
"кн"bounds: (816,478),(831,477),(832,488),(817,489)
"20.23"bounds: (841,472),(879,470),(880,488),(842,490)
"08"bounds: (544,508),(569,508),(569,521),(544,521)
"-45"bounds: (570,511),(592,511),(592,520),(570,520)
"ZA"bounds: (816,511),(830,510),(831,521),(817,522)
"10b.43"bounds: (841,504),(887,502),(888,521),(842,523)
"08"bounds: (545,549),(566,549),(566,562),(545,562)
"-51"bounds: (570,550),(592,550),(592,560),(570,560)
"HT"bounds: (815,551),(831,551),(831,561),(815,561)
"85a.1'"bounds: (841,544),(885,544),(885,562),(841,562)
"86a.4'"bounds: (898,543),(943,543),(943,562),(898,562)
"28.1'"bounds: (956,544),(992,544),(992,562),(956,562)
"92.1'"bounds: (1005,544),(1041,544),(1041,562),(1005,562)
"95b.1'"bounds: (1054,543),(1099,543),(1099,563),(1054,563)
"99a.1"bounds: (833,574),(881,573),(881,594),(833,595)
"133.11"bounds: (898,574),(942,573),(942,591),(898,592)
"08"bounds: (543,609),(561,608),(561,623),(543,624)
"-512"bounds: (570,606),(610,605),(611,622),(571,623)
"КН"bounds: (812,606),(842,603),(843,621),(814,624)
"23.13"bounds: (841,604),(879,601),(880,618),(842,621)
"08"bounds: (544,641),(561,641),(561,655),(544,655)
"-51-L..]"bounds: (570,637),(651,637),(651,659),(570,659)
"TY"bounds: (815,641),(830,640),(831,651),(816,652)
"За.31"bounds: (840,635),(877,633),(878,651),(841,653)
"08"bounds: (544,674),(561,674),(561,688),(544,688)
"-51-L."bounds: (570,670),(623,669),(623,687),(570,688)
"7-17"bounds: (627,670),(666,669),(666,687),(627,688)
"KH"bounds: (815,674),(830,672),(831,683),(816,685)
"11.13"bounds: (841,670),(880,666),(882,683),(843,688)
"*TY"bounds: (815,699),(839,698),(840,715),(816,716)
"3a.3'"bounds: (848,698),(885,697),(886,715),(849,716)
"08"bounds: (544,705),(561,705),(561,720),(544,720)
"-51-.7-77"bounds: (570,701),(666,701),(666,723),(570,723)
"0B"bounds: (544,738),(562,738),(562,752),(544,752)
"-51-[.7-78"bounds: (570,734),(666,735),(666,757),(570,756)
"08"bounds: (544,770),(561,770),(561,785),(544,785)
"-51-[.J-80"bounds: (570,767),(667,768),(667,791),(570,790)
"*TY"bounds: (815,734),(839,734),(839,748),(815,748)
"3a.3'"bounds: (849,731),(886,731),(886,749),(849,749)
"*TY"bounds: (815,766),(839,766),(839,781),(815,781)
"3a.3'"bounds: (849,763),(885,763),(885,781),(849,781)
"08"bounds: (544,803),(561,803),(561,817),(544,817)
"-51-17"bounds: (570,803),(617,803),(617,813),(570,813)
"РК"bounds: (815,803),(830,802),(831,812),(816,814)
"1.21"bounds: (840,797),(869,794),(871,812),(842,815)
"08"bounds: (544,836),(562,836),(562,851),(544,851)
"-51-27/"bounds: (570,832),(634,832),(634,851),(570,851)
"КН"bounds: (810,830),(843,829),(843,848),(810,849)
"4.13"bounds: (845,829),(873,828),(873,847),(845,848)
"08"bounds: (544,868),(562,868),(562,882),(544,882)
"-51-27-17"bounds: (570,868),(642,868),(642,884),(570,884)
"*KH"bounds: (815,863),(839,863),(839,878),(815,878)
"11.13"bounds: (850,860),(887,860),(887,879),(850,879)
"ヤ"bounds: (244,892),(259,892),(259,916),(244,916)
"后"bounds: (265,892),(283,892),(283,917),(265,917)
"举"bounds: (285,889),(321,889),(321,922),(285,922)
"CT"bounds: (337,893),(349,893),(349,916),(337,916)
"08"bounds: (544,901),(562,901),(562,916),(544,916)
"-51-30-59-06"bounds: (570,901),(667,901),(667,916),(570,916)
"ARKH"bounds: (814,901),(847,898),(848,911),(815,914)
"5.13"bounds: (856,896),(888,893),(889,910),(857,913)
"08"bounds: (545,929),(570,929),(570,943),(545,943)
"-51-81-73-06"bounds: (570,934),(666,934),(666,943),(570,943)
"ZA"bounds: (815,934),(830,933),(830,944),(815,945)
"10a.3-43"bounds: (841,928),(903,925),(904,944),(842,947)
"08"bounds: (545,966),(560,966),(560,976),(545,976)
"-53"bounds: (570,966),(592,966),(592,977),(570,977)
"PH"bounds: (815,967),(830,966),(831,978),(816,979)
"6.1.3'"bounds: (840,962),(887,958),(888,976),(842,980)
"08"bounds: (544,999),(562,999),(562,1014),(544,1014)
"-53-"bounds: (570,996),(617,996),(617,1013),(570,1013)
"НT"bounds: (807,996),(847,995),(848,1013),(808,1014)
"141.11"bounds: (849,994),(885,993),(886,1012),(850,1013)
"08"bounds: (545,1029),(566,1029),(566,1042),(545,1042)
"-53-30-59"bounds: (570,1031),(642,1031),(642,1041),(570,1041)
"HT"bounds: (814,1031),(830,1030),(830,1042),(814,1043)
"25a.3'"bounds: (840,1026),(885,1025),(886,1042),(841,1043)
"ZA"bounds: (815,1064),(830,1063),(831,1075),(816,1076)
"8.2-33"bounds: (840,1059),(887,1057),(888,1075),(841,1078)
"08"bounds: (544,1097),(561,1097),(561,1111),(544,1111)
"-53-57"bounds: (570,1093),(633,1093),(633,1111),(570,1111)
"PH"bounds: (815,1097),(830,1096),(831,1108),(816,1109)
"28a.3'"bounds: (840,1093),(886,1090),(887,1108),(841,1111)
"08"bounds: (543,1126),(570,1126),(570,1139),(543,1139)
"-53-58"bounds: (570,1130),(617,1130),(617,1139),(570,1139)
"нT"bounds: (809,1126),(845,1125),(845,1143),(809,1144)
"118.3"bounds: (847,1125),(880,1124),(880,1143),(847,1144)
"中"bounds: (243,1152),(258,1152),(258,1171),(243,1171)
"品"bounds: (266,1151),(279,1151),(279,1173),(266,1173)
"本"bounds: (287,1146),(303,1146),(303,1172),(287,1172)
"08"bounds: (544,1160),(567,1159),(567,1173),(544,1174)
"-54-39"bounds: (570,1163),(617,1162),(617,1173),(570,1174)
"KN"bounds: (815,1163),(830,1162),(831,1174),(816,1175)
"Zf"bounds: (840,1163),(855,1162),(856,1174),(841,1175)
"314"bounds: (863,1155),(887,1153),(888,1172),(864,1174)
"J08"bounds: (528,1192),(559,1192),(559,1212),(528,1212)
"-56-"bounds: (570,1192),(617,1191),(617,1210),(570,1211)
"PH"bounds: (815,1195),(830,1194),(831,1206),(816,1207)
"28a.1"bounds: (838,1192),(880,1188),(882,1207),(840,1211)
"08"bounds: (542,1229),(561,1229),(561,1243),(542,1243)
"-57"bounds: (575,1229),(599,1229),(599,1240),(575,1240)
"SY"bounds: (815,1228),(842,1226),(843,1244),(817,1246)
"Za"bounds: (844,1229),(861,1228),(862,1239),(845,1240)
"2d"bounds: (871,1224),(893,1222),(894,1239),(872,1241)
"-"bounds: (539,1259),(549,1259),(549,1276),(539,1276)
"08"bounds: (546,1262),(563,1262),(563,1276),(546,1276)
"-57-81"bounds: (571,1261),(618,1261),(618,1272),(571,1272)
"KN"bounds: (816,1261),(832,1260),(833,1272),(817,1273)
"Z£"bounds: (841,1261),(856,1260),(857,1271),(842,1272)
"134"bounds: (867,1254),(889,1253),(890,1270),(868,1272)
"08"bounds: (546,1294),(564,1295),(563,1312),(545,1311)
"-58["bounds: (571,1290),(611,1291),(610,1315),(570,1314)
"*KH"bounds: (816,1288),(840,1288),(840,1305),(816,1305)
"73.33"bounds: (850,1287),(889,1286),(889,1304),(850,1305)
"TEAA"bounds: (246,1315),(333,1312),(334,1339),(247,1342)
"08"bounds: (545,1326),(571,1326),(571,1341),(545,1341)
"-58-50-54"bounds: (572,1328),(643,1327),(643,1338),(572,1339)
"ARKH"bounds: (815,1328),(849,1326),(849,1338),(816,1340)
"2,53"bounds: (858,1321),(889,1320),(890,1338),(859,1339)
"08"bounds: (546,1359),(567,1359),(567,1374),(546,1374)
"-58-57"bounds: (571,1361),(619,1361),(619,1372),(571,1372)
"HT"bounds: (816,1361),(832,1360),(832,1371),(816,1372)
"11a.3-41"bounds: (842,1354),(903,1351),(904,1371),(843,1374)
"J08"bounds: (531,1391),(561,1391),(561,1408),(531,1408)
"-58-73-118/"bounds: (571,1391),(667,1391),(667,1409),(571,1409)
"ARKH"bounds: (815,1394),(848,1392),(849,1405),(816,1407)
"1a.43"bounds: (859,1388),(898,1385),(899,1403),(860,1406)
"08"bounds: (546,1428),(564,1428),(564,1444),(546,1444)
"-59L"bounds: (572,1423),(611,1424),(610,1449),(571,1448)
"*KH"bounds: (816,1421),(840,1420),(841,1438),(817,1440)
"73.33"bounds: (851,1420),(888,1418),(889,1438),(852,1440)
"08"bounds: (545,1464),(563,1464),(563,1479),(545,1479)
"-59-"bounds: (571,1460),(619,1459),(619,1477),(571,1478)
"KH"bounds: (817,1463),(832,1463),(832,1474),(817,1474)
"39.1"bounds: (840,1458),(874,1457),(874,1475),(840,1476)
"162"bounds: (58,1515),(93,1515),(93,1532),(58,1532)