Texts:

"INSCRIPTIONS EN LINÉAIRE A
c)
Wa 1014
Wa 1015
Pagonini 5
HM 446.1
Wa 1016
Wa 1017
HM 446 .2
HM 446.3
Wa 1018
HM 557.1
6.
"bounds: (80,67),(1169,67),(1169,1518),(80,1518)
"INSCRIPTIONS"bounds: (532,69),(656,69),(656,80),(532,80)
"EN"bounds: (668,70),(689,70),(689,81),(668,81)
"LINÉAIRE"bounds: (701,67),(785,67),(785,81),(701,81)
"A"bounds: (797,71),(806,71),(806,81),(797,81)
"c)"bounds: (123,165),(141,165),(141,184),(123,184)
"Wa"bounds: (239,414),(270,414),(270,429),(239,429)
"1014"bounds: (285,414),(326,414),(326,429),(285,429)
"Wa"bounds: (954,420),(986,420),(986,434),(954,434)
"1015"bounds: (1000,419),(1040,419),(1040,434),(1000,434)
"Pagonini"bounds: (370,596),(435,594),(436,621),(371,623)
"5"bounds: (441,601),(455,601),(455,614),(441,614)
"HM"bounds: (1076,606),(1101,606),(1101,619),(1076,619)
"446.1"bounds: (1112,604),(1169,603),(1169,618),(1112,619)
"Wa"bounds: (236,710),(267,710),(267,724),(236,724)
"1016"bounds: (281,709),(322,709),(322,725),(281,725)
"Wa"bounds: (953,715),(983,715),(983,728),(953,728)
"1017"bounds: (998,715),(1039,715),(1039,728),(998,728)
"HM"bounds: (383,890),(408,890),(408,903),(383,903)
"446"bounds: (421,890),(461,890),(461,902),(421,902)
".2"bounds: (471,890),(490,890),(490,903),(471,903)
"HM"bounds: (1061,892),(1091,893),(1090,908),(1060,907)
"446.3"bounds: (1100,894),(1163,897),(1162,912),(1099,909)
"Wa"bounds: (604,1024),(635,1025),(635,1040),(604,1039)
"1018"bounds: (649,1024),(690,1025),(690,1040),(649,1039)
"HM"bounds: (754,1219),(796,1220),(796,1238),(754,1237)
"557.1"bounds: (805,1219),(863,1220),(863,1239),(805,1238)
"6."bounds: (80,1502),(90,1502),(90,1518),(80,1518)