Texts:

"III. CONCORDANCES
TABLE DES MATIÈRES
1. CONCORDANCE GÉNÉRALE..
82-113
2. CONCORDANCE ARITHMO-SÉMIOGRAPHIQUE A...
114-123
3. CONCORDANCE ARITHMO-SÉMIOGRAPHIQUE B..
124-125
4. CONCORDANCE TYPOLOGIQUE...
126-127
5. CONCORDANCE GÉOGRAPHIQUE.
128-129
6. CONCORDANCE MUSÉOGRAPHIQUE.
130-133
"bounds: (162,249),(971,249),(971,665),(162,665)
"III."bounds: (408,249),(469,249),(469,280),(408,280)
"CONCORDANCES"bounds: (478,253),(718,253),(718,274),(478,274)
"TABLE"bounds: (419,373),(500,372),(500,390),(419,391)
"DES"bounds: (520,372),(567,371),(567,390),(520,391)
"MATIÈRES"bounds: (586,368),(716,366),(716,389),(586,391)
"1."bounds: (162,455),(205,455),(205,476),(162,476)
"CONCORDANCE"bounds: (205,458),(353,459),(353,475),(205,474)
"GÉNÉRALE.."bounds: (369,458),(492,458),(492,474),(369,474)
"82-113"bounds: (901,454),(969,454),(969,471),(901,471)
"2."bounds: (173,496),(189,496),(189,513),(173,513)
"CONCORDANCE"bounds: (205,496),(353,496),(353,512),(205,512)
"ARITHMO-SÉMIOGRAPHIQUE"bounds: (369,496),(646,496),(646,515),(369,515)
"A..."bounds: (661,494),(705,494),(705,510),(661,510)
"114-123"bounds: (891,489),(969,489),(969,509),(891,509)
"3."bounds: (174,533),(190,533),(190,550),(174,550)
"CONCORDANCE"bounds: (205,533),(354,534),(354,551),(205,550)
"ARITHMO-SÉMIOGRAPHIQUE"bounds: (370,532),(647,533),(647,551),(370,550)
"B.."bounds: (663,532),(690,532),(690,553),(663,553)
"124-125"bounds: (891,530),(970,529),(970,546),(891,547)
"4."bounds: (164,567),(217,568),(217,587),(164,586)
"CONCORDANCE"bounds: (222,567),(357,569),(357,589),(222,587)
"TYPOLOGIQUE..."bounds: (370,574),(543,577),(543,590),(370,587)
"126-127"bounds: (892,567),(970,567),(970,584),(892,584)
"5."bounds: (163,603),(212,604),(212,626),(163,625)
"CONCORDANCE"bounds: (214,603),(357,605),(357,628),(214,626)
"GÉOGRAPHIQUE."bounds: (371,608),(534,610),(534,628),(371,626)
"128-129"bounds: (892,604),(971,603),(971,621),(892,622)
"6."bounds: (175,645),(191,645),(191,663),(175,663)
"CONCORDANCE"bounds: (207,645),(356,646),(356,664),(207,663)
"MUSÉOGRAPHIQUE."bounds: (372,646),(563,647),(563,665),(372,664)
"130-133"bounds: (891,642),(971,642),(971,659),(891,659)