Texts:

"INSCRIPTIONS EN LINÉAIRE A
h)
Wa 1279
Wa 1280
Wa 1281
Firenze 8
HM582.1
HM 582.2
i)
Wa 1283
Wa 1282
Wa 1284
HM 435.120
Pigorini 4
HM 436.1
Wa 1285
Wa 1286
Wa 1287
HM 436.2
HM 436.3
HM 436.4
Wa 1288
Wa 1289
Wa 1290
12
HM 436.5
HM 436.6
HM 436.7
Wa 1291
Wa 1292
Wa 1293
HM 436.8
HM437.1
HM 438.1
28
"bounds: (70,67),(1169,67),(1169,1516),(70,1516)
"INSCRIPTIONS"bounds: (512,68),(636,69),(636,81),(512,80)
"EN"bounds: (648,70),(669,70),(669,81),(648,81)
"LINÉAIRE"bounds: (681,67),(765,68),(765,83),(681,82)
"A"bounds: (776,72),(785,72),(785,83),(776,83)
"h)"bounds: (124,148),(143,148),(143,167),(124,167)
"Wa"bounds: (236,236),(267,236),(267,250),(236,250)
"1279"bounds: (282,236),(322,237),(322,252),(282,251)
"Wa"bounds: (606,243),(637,244),(637,259),(606,258)
"1280"bounds: (652,244),(693,245),(693,261),(652,260)
"Wa"bounds: (970,248),(1001,249),(1001,263),(970,262)
"1281"bounds: (1016,248),(1054,249),(1054,264),(1016,263)
"Firenze"bounds: (352,422),(410,423),(410,441),(352,440)
"8"bounds: (426,428),(433,428),(433,438),(426,438)
"HM582.1"bounds: (715,438),(799,439),(799,454),(715,453)
"HM"bounds: (1080,436),(1105,437),(1105,451),(1080,450)
"582.2"bounds: (1114,437),(1169,438),(1169,452),(1114,451)
"i)"bounds: (121,457),(134,457),(134,476),(121,476)
"Wa"bounds: (598,498),(629,498),(629,512),(598,512)
"1283"bounds: (644,498),(684,498),(684,514),(644,514)
"Wa"bounds: (224,522),(255,522),(255,535),(224,535)
"1282"bounds: (269,522),(310,522),(310,536),(269,536)
"Wa"bounds: (964,529),(994,530),(994,543),(964,542)
"1284"bounds: (1009,529),(1050,530),(1050,545),(1009,544)
"HM"bounds: (333,675),(359,676),(358,691),(332,690)
"435.120"bounds: (371,676),(450,680),(449,697),(370,693)
"Pigorini"bounds: (702,683),(773,684),(773,716),(702,715)
"4"bounds: (784,692),(797,692),(797,706),(784,706)
"HM"bounds: (1060,686),(1087,686),(1087,698),(1060,698)
"436.1"bounds: (1099,684),(1154,684),(1154,700),(1099,700)
"Wa"bounds: (232,714),(263,715),(263,729),(232,728)
"1285"bounds: (278,715),(318,716),(318,730),(278,729)
"Wa"bounds: (603,721),(634,722),(634,736),(603,735)
"1286"bounds: (649,722),(689,723),(689,739),(649,738)
"Wa"bounds: (966,722),(998,722),(998,736),(966,736)
"1287"bounds: (1012,721),(1053,721),(1053,735),(1012,735)
"HM"bounds: (362,915),(384,915),(384,927),(362,927)
"436.2"bounds: (395,915),(448,915),(448,928),(395,928)
"HM"bounds: (708,918),(735,918),(735,932),(708,932)
"436.3"bounds: (742,917),(800,917),(800,932),(742,932)
"HM"bounds: (1069,917),(1096,918),(1095,932),(1068,931)
"436.4"bounds: (1104,919),(1156,922),(1155,937),(1103,934)
"Wa"bounds: (228,964),(259,964),(259,979),(228,979)
"1288"bounds: (273,965),(314,965),(314,980),(273,980)
"Wa"bounds: (600,969),(632,969),(632,983),(600,983)
"1289"bounds: (646,969),(687,969),(687,984),(646,984)
"Wa"bounds: (960,975),(991,976),(991,991),(960,990)
"1290"bounds: (1005,976),(1046,977),(1046,991),(1005,990)
"12"bounds: (1089,1085),(1163,1084),(1164,1166),(1090,1167)
"HM"bounds: (350,1172),(375,1172),(375,1186),(350,1186)
"436.5"bounds: (384,1170),(442,1169),(442,1184),(384,1185)
"HM"bounds: (710,1173),(734,1174),(733,1188),(709,1187)
"436.6"bounds: (742,1175),(794,1177),(793,1192),(741,1190)
"HM"bounds: (1070,1184),(1095,1185),(1094,1198),(1069,1197)
"436.7"bounds: (1104,1185),(1153,1188),(1152,1202),(1103,1199)
"Wa"bounds: (228,1225),(259,1225),(259,1239),(228,1239)
"1291"bounds: (274,1226),(313,1227),(313,1242),(274,1241)
"Wa"bounds: (602,1230),(632,1231),(632,1246),(602,1245)
"1292"bounds: (647,1230),(688,1231),(688,1245),(647,1244)
"Wa"bounds: (957,1237),(988,1238),(988,1252),(957,1251)
"1293"bounds: (1003,1238),(1043,1239),(1043,1254),(1003,1253)
"HM"bounds: (329,1435),(353,1435),(353,1450),(329,1450)
"436.8"bounds: (363,1435),(415,1435),(415,1449),(363,1449)
"HM437.1"bounds: (708,1441),(793,1441),(793,1456),(708,1456)
"HM"bounds: (1052,1445),(1079,1445),(1079,1459),(1052,1459)
"438.1"bounds: (1088,1445),(1141,1445),(1141,1459),(1088,1459)
"28"bounds: (70,1499),(93,1499),(93,1516),(70,1516)