Texts:

"IIT 123a
.1
a标中::24:
.3
HT 123 a
• || !
8 7
구
2
1 #
ogo 31 4
.3
1-9 sur palimpseste; ultériaur I ] aux ll.1-2 , dibut.4
.3-4
et .7-8.
.2 型d [目1.
.4 曾+ #
也十
.4
* + ! +; haces en bus à dhoita de -,r.
ou
.5 Peut - Ete thaus entre #[ et , das ce cas 4# + ?
.4
.8 Après 4 efaument du superieur d'un , le • infénieua
pouvaut assin sti laisi commme interponction.
.5
.9 ¥ + C et fraction
* + 'C.
怕+
15
.6
7
.6
.7
900 93 L
7-8 +
T 123 a
.8
4 自CY
.8
3-4 A FA
[ ]esA
.8-9
16
4-5 Y
互十
o0 15 44 1
+ 乡
.6-7
7-9
211
]9 +A Ysi t i D 76b oo
井
"bounds: (24,109),(1166,109),(1166,1531),(24,1531)
"IIT"bounds: (25,109),(51,110),(50,125),(24,124)
"123a"bounds: (69,111),(113,113),(112,128),(68,126)
".1"bounds: (91,173),(108,173),(108,186),(91,186)
"a"bounds: (135,273),(162,275),(160,308),(133,306)
"标"bounds: (182,270),(205,271),(203,308),(180,307)
"中"bounds: (209,265),(265,269),(261,323),(206,320)
"::"bounds: (267,269),(293,271),(289,326),(264,324)
"24"bounds: (295,271),(341,274),(337,329),(292,326)
":"bounds: (343,274),(351,275),(347,329),(340,329)
".3"bounds: (88,291),(98,291),(98,304),(88,304)
"HT"bounds: (641,413),(672,413),(672,432),(641,432)
"123"bounds: (683,416),(714,416),(714,431),(683,431)
"a"bounds: (725,420),(737,420),(737,429),(725,429)
"•"bounds: (272,460),(280,460),(280,473),(272,473)
"||"bounds: (282,460),(294,460),(294,473),(282,473)
"!"bounds: (296,460),(298,460),(298,473),(296,473)
"8"bounds: (1058,498),(1101,495),(1102,514),(1059,517)
"7"bounds: (1096,498),(1108,497),(1109,512),(1097,513)
"구"bounds: (83,527),(95,527),(95,543),(83,543)
"2"bounds: (687,521),(703,521),(703,535),(687,535)
"1"bounds: (1067,561),(1079,561),(1079,575),(1067,575)
"#"bounds: (1094,559),(1110,559),(1110,590),(1094,590)
"ogo"bounds: (1003,620),(1039,616),(1042,644),(1006,648)
"31"bounds: (1054,619),(1077,617),(1078,630),(1055,633)
"4"bounds: (1100,621),(1113,620),(1114,630),(1101,631)
".3"bounds: (688,638),(699,638),(699,653),(688,653)
"1-9"bounds: (126,692),(159,691),(159,702),(126,703)
"sur"bounds: (172,692),(200,691),(200,702),(172,703)
"palimpseste;"bounds: (215,688),(307,684),(308,705),(216,709)
"ultériaur"bounds: (313,684),(385,681),(386,696),(314,699)
"I"bounds: (391,681),(417,680),(418,699),(392,700)
"]"bounds: (420,680),(429,680),(430,701),(421,701)
"aux"bounds: (431,679),(454,678),(455,699),(432,700)
"ll.1-2"bounds: (459,679),(514,677),(515,693),(460,695)
","bounds: (524,689),(527,689),(527,694),(524,694)
"dibut.4"bounds: (533,677),(592,675),(593,692),(534,694)
".3-4"bounds: (688,694),(719,693),(719,711),(688,712)
"et"bounds: (171,721),(188,720),(189,733),(172,734)
".7-8."bounds: (201,718),(240,715),(241,728),(202,731)
".2"bounds: (128,750),(144,749),(144,762),(128,763)
"型"bounds: (166,746),(182,745),(183,762),(167,763)
"d"bounds: (188,745),(210,744),(211,763),(189,764)
"["bounds: (236,743),(245,743),(246,761),(237,761)
"目"bounds: (249,744),(259,744),(260,762),(250,762)
"1"bounds: (261,742),(273,742),(274,761),(262,761)
"."bounds: (277,758),(278,758),(278,759),(277,759)
".4"bounds: (129,777),(146,777),(146,792),(129,792)
"曾"bounds: (168,772),(182,772),(182,793),(168,793)
"+"bounds: (191,775),(200,775),(200,792),(191,792)
"#"bounds: (218,773),(233,773),(233,791),(218,791)
"也"bounds: (750,737),(769,738),(767,770),(748,769)
"十"bounds: (783,741),(797,742),(795,770),(781,769)
".4"bounds: (688,753),(707,753),(707,771),(688,771)
"*"bounds: (289,769),(320,768),(320,788),(289,789)
"+"bounds: (333,771),(335,771),(335,783),(333,783)
"!"bounds: (337,768),(345,768),(345,789),(337,789)
"+;"bounds: (346,768),(369,768),(369,788),(346,788)
"haces"bounds: (378,770),(417,769),(417,784),(378,785)
"en"bounds: (426,777),(441,777),(441,783),(426,783)
"bus"bounds: (448,767),(470,767),(470,783),(448,783)
"à"bounds: (478,772),(487,772),(487,781),(478,781)
"dhoita"bounds: (500,767),(544,766),(544,780),(500,781)
"de"bounds: (546,764),(565,764),(565,785),(546,785)
"-,r."bounds: (567,764),(617,763),(617,784),(567,785)
"ou"bounds: (252,783),(271,783),(271,789),(252,789)
".5"bounds: (119,804),(165,804),(165,822),(119,822)
"Peut"bounds: (169,805),(200,805),(200,820),(169,820)
"-"bounds: (206,804),(213,804),(213,822),(206,822)
"Ete"bounds: (214,806),(242,806),(242,820),(214,820)
"thaus"bounds: (250,805),(298,805),(298,819),(250,819)
"entre"bounds: (306,805),(344,805),(344,818),(306,818)
"#["bounds: (356,803),(378,803),(378,820),(356,820)
"et"bounds: (389,805),(403,805),(403,818),(389,818)
","bounds: (415,802),(447,802),(447,820),(415,820)
"das"bounds: (449,802),(482,802),(482,820),(449,820)
"ce"bounds: (484,811),(496,811),(496,818),(484,818)
"cas"bounds: (502,811),(520,811),(520,818),(502,818)
"4#"bounds: (527,803),(564,803),(564,819),(527,819)
"+"bounds: (570,802),(593,802),(593,816),(570,816)
"?"bounds: (600,801),(606,801),(606,815),(600,815)
".4"bounds: (690,812),(705,812),(705,830),(690,830)
".8"bounds: (116,837),(156,837),(156,861),(116,861)
"Après"bounds: (169,836),(210,836),(210,859),(169,859)
"4"bounds: (220,837),(229,837),(229,853),(220,853)
"efaument"bounds: (240,839),(320,838),(320,859),(240,860)
"du"bounds: (332,837),(354,837),(354,859),(332,859)
"superieur"bounds: (374,838),(446,837),(446,858),(374,859)
"d'un"bounds: (450,834),(493,834),(493,858),(450,858)
","bounds: (495,833),(514,833),(514,857),(495,857)
"le"bounds: (515,834),(526,834),(526,848),(515,848)
"•"bounds: (532,840),(537,840),(537,844),(532,844)
"infénieua"bounds: (544,834),(611,833),(611,854),(544,855)
"pouvaut"bounds: (171,857),(223,856),(223,874),(171,875)
"assin"bounds: (232,857),(266,857),(266,870),(232,870)
"sti"bounds: (276,856),(296,856),(296,870),(276,870)
"laisi"bounds: (313,856),(353,855),(353,867),(313,868)
"commme"bounds: (362,855),(412,854),(412,867),(362,868)
"interponction."bounds: (424,856),(520,855),(520,871),(424,872)
".5"bounds: (692,873),(707,873),(707,887),(692,887)
".9"bounds: (118,876),(167,876),(167,900),(118,900)
"¥"bounds: (168,878),(192,878),(192,896),(168,896)
"+"bounds: (202,876),(209,876),(209,900),(202,900)
"C"bounds: (213,879),(237,879),(237,898),(213,898)
"et"bounds: (250,882),(266,882),(266,893),(250,893)
"fraction"bounds: (277,878),(327,878),(327,898),(277,898)
"*"bounds: (369,877),(394,878),(393,897),(368,896)
"+"bounds: (400,877),(409,877),(408,899),(399,899)
"'C."bounds: (411,879),(448,880),(447,900),(410,899)
"怕"bounds: (790,912),(819,912),(819,945),(790,945)
"+"bounds: (828,913),(843,913),(843,944),(828,944)
"15"bounds: (1062,970),(1086,970),(1086,983),(1062,983)
".6"bounds: (693,989),(709,989),(709,1006),(693,1006)
"7"bounds: (1104,1041),(1113,1042),(1112,1056),(1103,1056)
".6"bounds: (694,1049),(709,1049),(709,1064),(694,1064)
".7"bounds: (695,1107),(708,1107),(708,1122),(695,1122)
"900"bounds: (1020,1150),(1052,1146),(1054,1167),(1023,1171)
"93"bounds: (1068,1145),(1089,1142),(1091,1158),(1070,1161)
"L"bounds: (1101,1145),(1112,1144),(1114,1157),(1103,1159)
"7-8"bounds: (694,1166),(730,1161),(732,1177),(696,1182)
"+"bounds: (752,1153),(793,1147),(797,1178),(756,1184)
"T"bounds: (33,1231),(47,1231),(47,1250),(33,1250)
"123"bounds: (44,1233),(79,1234),(79,1250),(44,1249)
"a"bounds: (88,1240),(101,1240),(101,1248),(88,1248)
".8"bounds: (698,1238),(713,1238),(713,1251),(698,1251)
"4"bounds: (48,1281),(70,1279),(72,1296),(50,1298)
"自"bounds: (108,1265),(147,1261),(150,1296),(111,1300)
"CY"bounds: (148,1261),(182,1258),(185,1293),(151,1296)
".8"bounds: (695,1302),(711,1301),(712,1316),(696,1317)
"3-4"bounds: (48,1340),(80,1337),(81,1354),(50,1357)
"A"bounds: (116,1323),(136,1321),(139,1355),(119,1357)
"FA"bounds: (148,1324),(168,1322),(171,1354),(151,1356)
"["bounds: (1084,1333),(1103,1333),(1104,1367),(1085,1367)
"]esA"bounds: (1105,1332),(1150,1331),(1151,1366),(1106,1367)
".8-9"bounds: (696,1361),(734,1360),(734,1375),(696,1376)
"16"bounds: (316,1381),(334,1381),(334,1396),(316,1396)
"4-5"bounds: (46,1395),(79,1392),(81,1412),(48,1415)
"Y"bounds: (120,1383),(150,1380),(152,1410),(123,1413)
"互"bounds: (759,1405),(781,1403),(783,1432),(761,1434)
"十"bounds: (792,1402),(803,1401),(805,1430),(794,1431)
"o0"bounds: (277,1437),(304,1439),(302,1459),(275,1457)
"15"bounds: (314,1438),(336,1440),(334,1457),(313,1455)
"44"bounds: (369,1439),(399,1442),(397,1467),(367,1465)
"1"bounds: (413,1442),(421,1443),(419,1463),(411,1462)
"+"bounds: (427,1435),(514,1435),(514,1471),(427,1471)
"乡"bounds: (529,1438),(541,1438),(541,1466),(529,1466)
".6-7"bounds: (48,1456),(75,1456),(75,1470),(48,1470)
"7-9"bounds: (48,1515),(77,1515),(77,1531),(48,1531)
"211"bounds: (1132,1511),(1166,1511),(1166,1527),(1132,1527)
"]9"bounds: (553,1529),(523,1528),(524,1498),(554,1499)
"+A"bounds: (522,1528),(491,1527),(492,1497),(523,1498)
"Ysi"bounds: (476,1520),(444,1519),(444,1501),(476,1502)
"t"bounds: (434,1526),(410,1525),(411,1498),(435,1499)
"i"bounds: (397,1526),(383,1526),(384,1496),(398,1496)
"D"bounds: (382,1525),(367,1525),(368,1497),(383,1497)
"76b"bounds: (346,1514),(313,1513),(313,1497),(346,1498)
"oo"bounds: (303,1523),(277,1522),(278,1495),(304,1496)
"井"bounds: (1113,735),(1113,760),(1099,760),(1099,735)