Texts:

"PK Za 8
éch. 1 : 2
27
"bounds: (554,79),(1166,79),(1166,1543),(554,1543)
"PK"bounds: (1060,82),(1095,82),(1095,98),(1060,98)
"Za"bounds: (1112,79),(1140,79),(1140,101),(1112,101)
"8"bounds: (1148,81),(1158,81),(1158,98),(1148,98)
"éch."bounds: (554,1368),(591,1368),(591,1384),(554,1384)
"1"bounds: (603,1369),(608,1369),(608,1383),(603,1383)
":"bounds: (623,1373),(625,1373),(625,1383),(623,1383)
"2"bounds: (637,1368),(646,1368),(646,1383),(637,1383)
"27"bounds: (1167,1513),(1167,1543),(1140,1543),(1140,1513)