Texts:

"07
HT 94b.2
HT 8a.1' 36.1 122b.1 140.11
45- 07
46- 07
26-57-59- 07
HT Wc 3008b?
JYls T
HT 27a.5'
*HT 113.31
731-60- 02
61- 07
13-67- 07
ZA 14.13
77- 07
ZA 4a.8 15b.13
777- 07
*HT 140.31
80- 07
HT 85b.5' 97a.4' 118.11
PH(?) 31a.2'
HT 3.*1.71 69.2'
*PK Za 9.2*
MT
780- 07
757-10-03-80-28-01-301- 07
A 506
07'78'
НГ 101.31
To
H
A 528
KN Zg <2124
41+ 07
A 608
'302''07'
HT 12.2' 14.2.4' 28a.3.6.6,b.2*L.4].s'
50b.4' 90.2' 116a.2' 129.3'
' '07' ' 78י ' 302 י
нT 121.11
A 623
159
E-E-
ミ一
"bounds: (69,84),(1168,84),(1168,1538),(69,1538)
"07"bounds: (1053,92),(1070,92),(1070,105),(1053,105)
"HT"bounds: (726,173),(742,172),(743,184),(727,185)
"94b.2"bounds: (751,169),(793,165),(795,184),(753,188)
"HT"bounds: (727,199),(743,199),(743,210),(727,210)
"8a.1'"bounds: (753,192),(790,191),(790,209),(753,210)
"36.1"bounds: (802,190),(833,190),(833,215),(802,215)
"122b.1"bounds: (852,189),(904,188),(904,213),(852,214)
"140.11"bounds: (922,190),(968,189),(968,208),(922,209)
"45-"bounds: (568,176),(591,176),(591,186),(568,186)
"07"bounds: (601,175),(616,175),(616,186),(601,186)
"46-"bounds: (568,201),(591,201),(591,211),(568,211)
"07"bounds: (601,201),(616,201),(616,211),(601,211)
"26-57-59-"bounds: (517,233),(591,234),(591,246),(517,245)
"07"bounds: (601,234),(616,234),(616,244),(601,244)
"HT"bounds: (726,233),(742,232),(743,243),(727,244)
"Wc"bounds: (751,233),(767,232),(768,243),(752,244)
"3008b?"bounds: (777,226),(826,223),(827,242),(778,245)
"JYls"bounds: (205,258),(257,258),(257,289),(205,289)
"T"bounds: (256,262),(272,262),(272,285),(256,285)
"HT"bounds: (726,267),(743,266),(744,276),(727,278)
"27a.5'"bounds: (752,262),(799,258),(800,276),(754,280)
"*HT"bounds: (727,295),(752,294),(752,311),(727,312)
"113.31"bounds: (763,292),(808,291),(808,311),(763,312)
"731-60-"bounds: (526,265),(591,266),(591,285),(526,284)
"02"bounds: (600,268),(619,268),(619,284),(600,284)
"61-"bounds: (569,302),(591,302),(591,312),(569,312)
"07"bounds: (602,303),(616,303),(616,313),(602,313)
"13-67-"bounds: (544,336),(591,336),(591,346),(544,346)
"07"bounds: (601,336),(618,336),(618,350),(601,350)
"ZA"bounds: (728,333),(742,332),(743,344),(729,345)
"14.13"bounds: (755,327),(794,324),(795,344),(756,347)
"77-"bounds: (570,370),(592,371),(591,381),(569,380)
"07"bounds: (602,369),(620,370),(619,386),(601,385)
"ZA"bounds: (728,368),(744,368),(744,380),(728,380)
"4a.8"bounds: (753,361),(793,360),(794,380),(754,381)
"15b.13"bounds: (805,359),(853,358),(854,379),(806,380)
"777-"bounds: (552,402),(592,402),(592,419),(552,419)
"07"bounds: (602,405),(617,405),(617,415),(602,415)
"*HT"bounds: (728,398),(752,398),(752,414),(728,414)
"140.31"bounds: (763,395),(808,394),(808,414),(763,415)
"80-"bounds: (569,438),(592,438),(592,448),(569,448)
"07"bounds: (603,438),(617,438),(617,451),(603,451)
"HT"bounds: (729,436),(744,436),(744,447),(729,447)
"85b.5'"bounds: (755,427),(800,427),(800,447),(755,447)
"97a.4'"bounds: (813,427),(860,426),(860,446),(813,447)
"118.11"bounds: (874,427),(918,427),(918,446),(874,446)
"PH(?)"bounds: (728,470),(766,467),(767,484),(730,487)
"31a.2'"bounds: (779,465),(827,461),(828,479),(781,483)
"HT"bounds: (728,504),(745,503),(746,515),(729,516)
"3.*1.71"bounds: (754,498),(809,495),(810,518),(755,521)
"69.2'"bounds: (822,497),(860,495),(861,513),(823,515)
"*PK"bounds: (730,532),(754,532),(754,548),(730,548)
"Za"bounds: (764,538),(779,538),(779,549),(764,549)
"9.2*"bounds: (789,530),(820,530),(820,548),(789,548)
"MT"bounds: (224,496),(273,497),(273,522),(224,521)
"780-"bounds: (553,502),(593,503),(593,522),(553,521)
"07"bounds: (602,506),(620,506),(620,522),(602,522)
"757-10-03-80-28-01-301-"bounds: (401,537),(593,538),(593,554),(401,553)
"07"bounds: (601,536),(618,536),(618,554),(601,554)
"A"bounds: (185,603),(194,603),(194,619),(185,619)
"506"bounds: (195,605),(218,604),(218,615),(195,616)
"07'78'"bounds: (604,606),(652,605),(652,616),(604,617)
"НГ"bounds: (729,604),(746,603),(747,615),(730,616)
"101.31"bounds: (757,599),(802,597),(803,614),(758,616)
"To"bounds: (265,611),(278,611),(278,624),(265,624)
"H"bounds: (333,611),(341,611),(341,621),(333,621)
"A"bounds: (183,636),(193,636),(193,652),(183,652)
"528"bounds: (196,640),(217,640),(217,650),(196,650)
"KN"bounds: (730,639),(746,638),(746,648),(731,649)
"Zg"bounds: (755,633),(778,632),(779,651),(756,652)
"<2124"bounds: (780,632),(821,630),(822,648),(781,650)
"41+"bounds: (572,639),(595,640),(595,650),(572,649)
"07"bounds: (604,639),(619,640),(619,651),(604,650)
"A"bounds: (188,671),(196,671),(196,686),(188,686)
"608"bounds: (195,674),(217,674),(217,684),(195,684)
"'302''07'"bounds: (558,671),(627,672),(627,688),(558,687)
"HT"bounds: (731,672),(746,672),(746,682),(731,682)
"12.2'"bounds: (758,663),(794,663),(794,682),(758,682)
"14.2.4'"bounds: (809,663),(862,663),(862,682),(809,682)
"28a.3.6.6,b.2*L.4].s'"bounds: (876,661),(1056,662),(1056,690),(876,689)
"50b.4'"bounds: (757,698),(803,698),(803,717),(757,717)
"90.2'"bounds: (816,698),(854,698),(854,717),(816,717)
"116a.2'"bounds: (867,697),(921,697),(921,716),(867,716)
"129.3'"bounds: (935,696),(980,696),(980,715),(935,715)
"'"bounds: (630,734),(633,734),(633,751),(630,751)
"'07'"bounds: (601,738),(628,738),(628,748),(601,748)
"'"bounds: (593,738),(594,738),(594,743),(593,743)
"78י"bounds: (567,739),(587,739),(587,748),(567,748)
"'"bounds: (559,739),(560,739),(560,743),(559,743)
"302"bounds: (530,734),(552,734),(552,751),(530,751)
"י"bounds: (518,734),(528,734),(528,751),(518,751)
"нT"bounds: (731,737),(747,736),(748,747),(732,748)
"121.11"bounds: (758,730),(804,728),(805,748),(759,750)
"A"bounds: (177,740),(186,740),(186,750),(177,750)
"623"bounds: (195,739),(218,739),(218,750),(195,750)
"159"bounds: (1133,1520),(1168,1520),(1168,1538),(1133,1538)
"E-E-"bounds: (273,155),(274,217),(257,217),(256,155)
"ミ"bounds: (83,84),(83,98),(70,98),(70,84)
"一"bounds: (76,101),(76,112),(74,112),(74,101)