Texts:

"ΚΗ 7
.C3, 00) xC2,00) x 0,90 cm.
Crou au lat. u..an
gondde.
miveam de la camure
KH 78
-C2,10] x C2.00] x 2,10 Cm.
КН 79
- [3,60) x [3.20)x [0,70] cm.
94
"bounds: (69,73),(1126,73),(1126,1529),(69,1529)
"ΚΗ"bounds: (73,73),(112,74),(112,91),(73,90)
"7"bounds: (126,74),(144,74),(144,90),(126,90)
".C3,"bounds: (712,347),(780,347),(780,374),(712,374)
"00)"bounds: (779,354),(817,354),(817,370),(779,370)
"xC2,00)"bounds: (828,349),(920,349),(920,369),(828,369)
"x"bounds: (935,358),(945,358),(945,367),(935,367)
"0,90"bounds: (964,347),(1023,347),(1023,374),(964,374)
"cm."bounds: (1025,347),(1065,347),(1065,374),(1025,374)
"Crou"bounds: (736,377),(805,378),(805,400),(736,399)
"au"bounds: (818,388),(853,389),(853,399),(818,398)
"lat."bounds: (876,380),(927,381),(927,404),(876,403)
"u..an"bounds: (943,383),(1055,385),(1055,407),(943,405)
"gondde."bounds: (1026,408),(1126,408),(1126,451),(1026,451)
"miveam"bounds: (736,415),(823,414),(823,429),(736,430)
"de"bounds: (837,412),(873,412),(873,429),(837,429)
"la"bounds: (888,410),(920,410),(920,428),(888,428)
"camure"bounds: (933,414),(1032,413),(1032,427),(933,428)
"KH"bounds: (69,602),(107,602),(107,618),(69,618)
"78"bounds: (122,602),(147,602),(147,618),(122,618)
"-C2,10]"bounds: (692,885),(782,883),(782,905),(692,907)
"x"bounds: (794,892),(805,892),(805,903),(794,903)
"C2.00]"bounds: (824,881),(907,879),(907,901),(824,903)
"x"bounds: (918,888),(929,888),(929,900),(918,900)
"2,10"bounds: (944,881),(987,880),(987,901),(944,902)
"Cm."bounds: (1002,883),(1047,882),(1047,896),(1002,897)
"КН"bounds: (77,1129),(130,1130),(130,1151),(77,1150)
"79"bounds: (132,1130),(149,1130),(149,1151),(132,1151)
"-"bounds: (778,1451),(786,1451),(786,1453),(778,1453)
"[3,60)"bounds: (794,1440),(849,1441),(849,1465),(794,1464)
"x"bounds: (857,1454),(863,1454),(863,1461),(857,1461)
"[3.20)x"bounds: (871,1442),(936,1443),(936,1463),(871,1462)
"[0,70]"bounds: (944,1444),(998,1445),(998,1466),(944,1465)
"cm."bounds: (1000,1441),(1029,1442),(1028,1474),(999,1473)
"94"bounds: (72,1513),(96,1513),(96,1529),(72,1529)