Texts:

"VIII
TABLE DES MATIÈRES
III. Ze INSCRIPTIONS PEINTES SUR VASES D'ARGILE
1. KNOssos.
117-125
2. PALAIKASTRO.
126-127
IV. Zd INSCRIPTIONS SUR SUPPORTS ARCHITECTURAUX EN STUC
HAGHIA TRIADA....
129-135
V. Ze INSCRIPTIONS SUR SUPPORTS ARCHITECTURAUX EN PIERRE
1. KNossos.
137-138
2. MALLIA..
139-140
VI. Zf INSCRIPTIONS SUR SUPPORTS MÉTALLIQUES
1. ARKALOKHORI.
141-143
2. СRETE (?)..
145-147
3. KARDAMOUTSA.
148-149
4. KNossos.
151-155
5. КОРНINAS (?)..
157-159
6. PLATANOS..
160-161
OBJETS EN OR ET EN ARGENT À L'ÉCHELLE 1:1.. .
162
VII.
INSCRIPTIONS SUR SUPPORTS VARIÉS
1. KNossos.
2. KYTHÉRA.
163-164
165-166
3. SITIA..
167-168
4. TYLISSOS..
169-170
TABLEAU SYNOPTIQUE...
171-177
"bounds: (260,191),(1061,191),(1061,1068),(260,1068)
"VIII"bounds: (263,196),(292,196),(292,205),(263,205)
"TABLE"bounds: (564,196),(617,195),(617,205),(564,206)
"DES"bounds: (631,196),(661,196),(661,205),(631,205)
"MATIÈRES"bounds: (674,192),(758,191),(758,205),(674,206)
"III."bounds: (262,245),(296,245),(296,261),(262,261)
"Ze"bounds: (313,245),(340,245),(340,262),(313,262)
"INSCRIPTIONS"bounds: (356,245),(495,245),(495,261),(356,261)
"PEINTES"bounds: (511,251),(593,251),(593,261),(511,261)
"SUR"bounds: (609,251),(645,251),(645,261),(609,261)
"VASES"bounds: (660,251),(720,251),(720,261),(660,261)
"D'ARGILE"bounds: (736,245),(829,245),(829,261),(736,261)
"1."bounds: (380,282),(394,282),(394,299),(380,299)
"KNOssos."bounds: (411,282),(519,282),(519,299),(411,299)
"117-125"bounds: (982,283),(1060,283),(1060,299),(982,299)
"2."bounds: (368,312),(409,313),(409,332),(368,331)
"PALAIKASTRO."bounds: (411,314),(558,316),(558,332),(411,330)
"126-127"bounds: (982,314),(1059,314),(1059,330),(982,330)
"IV."bounds: (270,364),(318,364),(318,380),(270,380)
"Zd"bounds: (318,364),(347,364),(347,380),(318,380)
"INSCRIPTIONS"bounds: (357,364),(495,365),(495,382),(357,381)
"SUR"bounds: (510,370),(545,370),(545,380),(510,380)
"SUPPORTS"bounds: (560,370),(658,370),(658,380),(560,380)
"ARCHITECTURAUX"bounds: (672,369),(855,370),(855,381),(672,380)
"EN"bounds: (867,371),(892,371),(892,380),(867,380)
"STUC"bounds: (907,370),(953,370),(953,380),(907,380)
"HAGHIA"bounds: (413,401),(493,402),(493,419),(413,418)
"TRIADA...."bounds: (508,401),(629,402),(629,418),(508,417)
"129-135"bounds: (981,401),(1060,401),(1060,418),(981,418)
"V."bounds: (273,452),(322,452),(322,468),(273,468)
"Ze"bounds: (327,452),(345,452),(345,468),(327,468)
"INSCRIPTIONS"bounds: (358,452),(518,453),(518,470),(358,469)
"SUR"bounds: (520,453),(543,453),(543,469),(520,469)
"SUPPORTS"bounds: (550,457),(648,457),(648,469),(550,469)
"ARCHITECTURAUX"bounds: (657,457),(838,458),(838,469),(657,468)
"EN"bounds: (850,459),(873,459),(873,468),(850,468)
"PIERRE"bounds: (882,459),(953,459),(953,468),(882,468)
"1."bounds: (380,489),(395,489),(395,506),(380,506)
"KNossos."bounds: (412,489),(510,490),(510,507),(412,506)
"137-138"bounds: (982,490),(1060,490),(1060,506),(982,506)
"2."bounds: (379,521),(395,521),(395,537),(379,537)
"MALLIA.."bounds: (411,521),(506,521),(506,537),(411,537)
"139-140"bounds: (982,521),(1061,521),(1061,537),(982,537)
"VI."bounds: (269,570),(307,570),(307,589),(269,589)
"Zf"bounds: (313,570),(337,570),(337,588),(313,588)
"INSCRIPTIONS"bounds: (355,572),(494,573),(494,590),(355,589)
"SUR"bounds: (510,577),(546,577),(546,588),(510,588)
"SUPPORTS"bounds: (561,577),(659,578),(659,588),(561,587)
"MÉTALLIQUES"bounds: (675,572),(813,573),(813,591),(675,590)
"1."bounds: (380,609),(395,609),(395,625),(380,625)
"ARKALOKHORI."bounds: (411,609),(568,611),(568,627),(411,625)
"141-143"bounds: (982,609),(1060,610),(1060,627),(982,626)
"2."bounds: (380,640),(396,640),(396,656),(380,656)
"СRETE"bounds: (411,639),(476,640),(476,658),(411,657)
"(?).."bounds: (492,640),(546,641),(546,663),(492,662)
"145-147"bounds: (982,640),(1060,640),(1060,656),(982,656)
"3."bounds: (380,671),(395,671),(395,687),(380,687)
"KARDAMOUTSA."bounds: (412,670),(572,672),(572,689),(412,687)
"148-149"bounds: (982,671),(1061,671),(1061,687),(982,687)
"4."bounds: (379,702),(395,702),(395,719),(379,719)
"KNossos."bounds: (412,702),(510,702),(510,719),(412,719)
"151-155"bounds: (982,702),(1060,701),(1060,717),(982,718)
"5."bounds: (380,733),(396,733),(396,749),(380,749)
"КОРНINAS"bounds: (412,733),(517,735),(517,751),(412,749)
"(?).."bounds: (533,733),(576,734),(576,755),(533,754)
"157-159"bounds: (982,732),(1061,731),(1061,748),(982,749)
"6."bounds: (379,764),(395,764),(395,780),(379,780)
"PLATANOS.."bounds: (411,764),(533,764),(533,780),(411,780)
"160-161"bounds: (982,763),(1060,763),(1060,780),(982,780)
"OBJETS"bounds: (261,816),(337,816),(337,831),(261,831)
"EN"bounds: (353,821),(377,821),(377,831),(353,831)
"OR"bounds: (393,821),(417,821),(417,831),(393,831)
"ET"bounds: (433,821),(456,821),(456,830),(433,830)
"EN"bounds: (471,821),(496,821),(496,831),(471,831)
"ARGENT"bounds: (512,821),(591,821),(591,831),(512,831)
"À"bounds: (606,816),(616,816),(616,830),(606,830)
"L'ÉCHELLE"bounds: (632,814),(740,814),(740,830),(632,830)
"1:1.."bounds: (756,814),(802,814),(802,831),(756,831)
"."bounds: (813,829),(815,829),(815,831),(813,831)
"162"bounds: (1004,814),(1037,814),(1037,831),(1004,831)
"VII."bounds: (261,864),(304,866),(303,883),(260,881)
"INSCRIPTIONS"bounds: (358,865),(496,865),(496,882),(358,882)
"SUR"bounds: (513,871),(548,871),(548,881),(513,881)
"SUPPORTS"bounds: (564,871),(662,871),(662,881),(564,881)
"VARIÉS"bounds: (679,866),(748,866),(748,881),(679,881)
"1."bounds: (369,900),(408,900),(408,921),(369,921)
"KNossos."bounds: (412,902),(511,903),(511,920),(412,919)
"2."bounds: (366,931),(411,931),(411,953),(366,953)
"KYTHÉRA."bounds: (412,933),(519,933),(519,951),(412,951)
"163-164"bounds: (982,902),(1061,902),(1061,918),(982,918)
"165-166"bounds: (983,933),(1061,932),(1061,949),(983,950)
"3."bounds: (380,965),(395,965),(395,981),(380,981)
"SITIA.."bounds: (411,964),(482,964),(482,981),(411,981)
"167-168"bounds: (983,964),(1061,964),(1061,980),(983,980)
"4."bounds: (368,993),(413,993),(413,1015),(368,1015)
"TYLISSOS.."bounds: (411,996),(524,996),(524,1012),(411,1012)
"169-170"bounds: (983,994),(1061,995),(1061,1013),(983,1012)
"TABLEAU"bounds: (261,1047),(355,1049),(355,1065),(261,1063)
"SYNOPTIQUE..."bounds: (371,1050),(527,1053),(527,1068),(371,1065)
"171-177"bounds: (983,1045),(1061,1044),(1061,1062),(983,1063)