Texts:

"V. Ze INSCRIPTIONS SUR SUPPORTS ARCHITECTURAUX EN PIERRE
1. KNOSSOS
"bounds: (138,374),(1041,374),(1041,750),(138,750)
"V."bounds: (138,378),(177,378),(177,400),(138,400)
"Ze"bounds: (187,378),(211,378),(211,400),(187,400)
"INSCRIPTIONS"bounds: (221,380),(407,379),(407,397),(221,398)
"SUR"bounds: (424,379),(473,379),(473,396),(424,396)
"SUPPORTS"bounds: (491,378),(622,377),(622,395),(491,396)
"ARCHITECTURAUX"bounds: (640,377),(879,375),(879,394),(640,396)
"EN"bounds: (895,376),(930,376),(930,393),(895,393)
"PIERRE"bounds: (945,375),(1041,374),(1041,392),(945,393)
"1."bounds: (471,713),(518,713),(518,750),(471,750)
"KNOSSOS"bounds: (526,718),(706,718),(706,747),(526,747)