Texts:

"IO Za 2
a
d
HM 3557. "Table à libations".
éch. 1,5 : 1
18
"bounds: (62,66),(1203,66),(1203,1531),(62,1531)
"IO"bounds: (65,67),(91,67),(91,83),(65,83)
"Za"bounds: (106,66),(133,66),(133,83),(106,83)
"2"bounds: (147,67),(157,67),(157,83),(147,83)
"a"bounds: (631,296),(639,296),(639,304),(631,304)
"d"bounds: (631,1248),(639,1248),(639,1262),(631,1262)
"HM"bounds: (686,1422),(741,1422),(741,1455),(686,1455)
"3557."bounds: (766,1422),(867,1423),(867,1455),(766,1454)
""Table"bounds: (886,1423),(987,1424),(987,1458),(886,1457)
"à"bounds: (1004,1431),(1025,1431),(1025,1456),(1004,1456)
"libations"."bounds: (1046,1423),(1203,1424),(1203,1460),(1046,1459)
"éch."bounds: (268,1442),(296,1442),(296,1454),(268,1454)
"1,5"bounds: (310,1442),(328,1442),(328,1456),(310,1456)
":"bounds: (338,1439),(348,1439),(348,1456),(338,1456)
"1"bounds: (355,1442),(358,1442),(358,1454),(355,1454)
"18"bounds: (62,1514),(83,1514),(83,1531),(62,1531)