Texts:

"KO Za 1
18
éch. 1: 1
HM2627. Base parallélipi podique.
"bounds: (65,64),(1107,64),(1107,1525),(65,1525)
"KO"bounds: (67,67),(104,67),(104,84),(67,84)
"Za"bounds: (124,64),(150,64),(150,87),(124,87)
"1"bounds: (159,67),(166,67),(166,84),(159,84)
"18"bounds: (65,1508),(87,1508),(87,1525),(65,1525)
"éch."bounds: (569,861),(569,825),(591,825),(591,861)
"1:"bounds: (569,818),(569,790),(591,790),(591,818)
"1"bounds: (573,781),(573,776),(587,776),(587,781)
"HM2627."bounds: (1051,1478),(1055,1349),(1087,1350),(1083,1479)
"Base"bounds: (1058,1331),(1060,1264),(1086,1265),(1084,1332)
"parallélipi"bounds: (1058,1243),(1063,1092),(1103,1093),(1098,1244)
"podique."bounds: (1063,1090),(1067,972),(1107,973),(1103,1091)