Texts:

"IHT 16a
fC+半于キ目平
1.
1三
三
32平==
一
平平-!| シ1
.3
9本く丰平!!
.4
:平位
王平-!个 -!AS
11
HT116 a
.6
.4.
平
二D
子
中 46
!!
本 40
ZW , peut-cte leulemont !
.5 A plus vaidemblable
que
.3
下 46
.3
.3
00
4
4 本く半
T 416 a
1
.5
.1.
1-2
中 46
s6 平ヤ王
平1&
平
40
.6
个 12
16
.3-4
67 T月2
平o
4s Aく半
平
5
子
3
s6 4 F
6-7 9 HA
平。
20
93
193
一
"bounds: (22,131),(1164,131),(1164,1531),(22,1531)
"IHT"bounds: (42,131),(68,131),(68,145),(42,145)
"16a"bounds: (83,133),(123,134),(123,147),(83,146)
"fC"bounds: (148,184),(191,184),(191,219),(148,219)
"+"bounds: (202,184),(219,184),(219,215),(202,215)
"半"bounds: (222,180),(283,180),(283,219),(222,219)
"于"bounds: (300,186),(317,186),(317,213),(300,213)
"キ"bounds: (331,186),(344,186),(344,217),(331,217)
"目"bounds: (353,186),(366,186),(366,215),(353,215)
"平"bounds: (388,188),(411,188),(411,215),(388,215)
"1."bounds: (111,204),(121,204),(121,215),(111,215)
"1"bounds: (173,246),(174,246),(174,257),(173,257)
"三"bounds: (181,245),(188,245),(188,256),(181,256)
"三"bounds: (174,262),(189,262),(189,273),(174,273)
"32"bounds: (218,244),(274,244),(274,275),(218,275)
"平"bounds: (276,242),(324,242),(324,281),(276,281)
"=="bounds: (326,242),(384,242),(384,281),(326,281)
"一"bounds: (149,258),(160,258),(160,259),(149,259)
"平平"bounds: (144,305),(214,304),(214,333),(145,334)
"-"bounds: (224,317),(237,317),(237,318),(224,318)
"!"bounds: (239,303),(257,303),(258,333),(240,333)
"|"bounds: (259,303),(288,302),(289,332),(260,333)
"シ"bounds: (290,302),(319,301),(320,331),(291,332)
"1"bounds: (329,310),(330,310),(330,322),(329,322)
".3"bounds: (107,319),(119,319),(119,333),(107,333)
"9"bounds: (152,359),(177,359),(177,392),(152,392)
"本"bounds: (192,365),(251,364),(251,393),(192,394)
"く"bounds: (266,360),(283,360),(283,393),(266,393)
"丰"bounds: (302,362),(325,362),(325,395),(302,395)
"平"bounds: (346,364),(365,364),(365,395),(346,395)
"!!"bounds: (384,367),(403,367),(403,392),(384,392)
".4"bounds: (107,378),(119,378),(119,394),(107,394)
":"bounds: (320,416),(364,417),(363,456),(319,455)
"平"bounds: (376,418),(423,419),(422,461),(375,460)
"位"bounds: (425,419),(444,419),(443,461),(424,461)
"王平"bounds: (163,483),(232,483),(232,518),(163,518)
"-"bounds: (235,477),(260,477),(260,517),(235,517)
"!"bounds: (262,477),(288,477),(288,517),(262,517)
"个"bounds: (296,479),(309,479),(309,512),(296,512)
"-"bounds: (326,477),(344,477),(344,517),(326,517)
"!"bounds: (346,477),(365,477),(365,517),(346,517)
"AS"bounds: (370,480),(456,480),(456,518),(370,518)
"11"bounds: (197,424),(215,424),(215,435),(197,435)
"HT116"bounds: (620,453),(682,454),(682,471),(620,470)
"a"bounds: (692,461),(705,461),(705,469),(692,469)
".6"bounds: (106,497),(121,497),(121,512),(106,512)
".4."bounds: (648,498),(672,498),(672,516),(648,516)
"平"bounds: (163,542),(184,542),(184,572),(163,572)
"二"bounds: (197,551),(207,551),(207,561),(197,561)
"D"bounds: (209,551),(209,551),(209,561),(209,561)
"子"bounds: (108,558),(122,558),(122,571),(108,571)
"中"bounds: (1074,542),(1090,540),(1093,563),(1077,565)
"46"bounds: (1100,544),(1121,541),(1123,555),(1102,558)
"!!"bounds: (250,624),(264,623),(265,639),(251,640)
"本"bounds: (1071,599),(1087,599),(1087,622),(1071,622)
"40"bounds: (1100,600),(1123,600),(1123,614),(1100,614)
"ZW"bounds: (221,630),(241,630),(241,644),(221,644)
","bounds: (251,629),(279,628),(279,649),(251,650)
"peut-cte"bounds: (292,632),(356,631),(356,649),(292,650)
"leulemont"bounds: (366,630),(447,628),(447,645),(366,647)
"!"bounds: (461,629),(472,629),(472,646),(461,646)
".5"bounds: (195,663),(213,663),(213,675),(195,675)
"A"bounds: (225,660),(243,660),(243,679),(225,679)
"plus"bounds: (258,661),(289,660),(289,678),(258,679)
"vaidemblable"bounds: (300,660),(406,658),(406,674),(300,676)
"que"bounds: (416,668),(445,668),(445,681),(416,681)
".3"bounds: (650,737),(662,737),(662,752),(650,752)
"下"bounds: (1074,716),(1089,714),(1092,743),(1078,745)
"46"bounds: (1101,719),(1121,717),(1123,730),(1103,733)
".3"bounds: (650,797),(662,797),(662,810),(650,810)
".3"bounds: (650,854),(662,854),(662,870),(650,870)
"00"bounds: (1047,896),(1075,895),(1075,906),(1047,907)
"4"bounds: (650,909),(664,909),(664,927),(650,927)
"4"bounds: (649,970),(662,969),(663,986),(650,987)
"本"bounds: (696,951),(721,950),(723,987),(698,988)
"く"bounds: (734,957),(751,956),(752,985),(735,986)
"半"bounds: (762,952),(789,951),(791,986),(764,987)
"T"bounds: (34,1089),(48,1089),(47,1111),(33,1111)
"416"bounds: (50,1089),(79,1090),(78,1112),(49,1111)
"a"bounds: (85,1099),(95,1099),(95,1109),(85,1109)
"1"bounds: (1113,1074),(1121,1073),(1122,1085),(1114,1086)
".5"bounds: (652,1091),(665,1091),(665,1105),(652,1105)
".1."bounds: (31,1140),(49,1140),(49,1154),(31,1154)
"1-2"bounds: (32,1198),(60,1197),(60,1213),(32,1214)
"中"bounds: (283,1178),(298,1175),(304,1203),(289,1206)
"46"bounds: (306,1180),(326,1176),(328,1189),(309,1193)
"s6"bounds: (651,1207),(680,1205),(681,1220),(652,1222)
"平"bounds: (697,1190),(725,1188),(728,1225),(700,1227)
"ヤ"bounds: (728,1190),(753,1188),(755,1223),(730,1225)
"王"bounds: (758,1190),(775,1189),(777,1220),(760,1221)
"平"bounds: (1051,1189),(1071,1189),(1071,1210),(1051,1210)
"1"bounds: (1096,1190),(1102,1190),(1102,1203),(1096,1203)
"&"bounds: (1109,1190),(1119,1190),(1119,1203),(1109,1203)
"平"bounds: (272,1235),(290,1235),(290,1265),(272,1265)
"40"bounds: (308,1231),(331,1231),(331,1249),(308,1249)
".6"bounds: (652,1267),(665,1267),(665,1280),(652,1280)
"个"bounds: (1066,1251),(1083,1249),(1085,1271),(1068,1273)
"12"bounds: (1094,1250),(1119,1247),(1120,1262),(1096,1265)
"16"bounds: (308,1293),(332,1293),(332,1308),(308,1308)
".3-4"bounds: (34,1313),(61,1311),(62,1328),(35,1330)
"67"bounds: (655,1333),(685,1331),(686,1347),(656,1349)
"T"bounds: (705,1323),(727,1322),(729,1355),(707,1356)
"月"bounds: (735,1322),(751,1321),(753,1352),(737,1353)
"2"bounds: (758,1322),(781,1321),(782,1350),(760,1351)
"平"bounds: (1050,1324),(1075,1324),(1075,1348),(1050,1348)
"o"bounds: (1093,1322),(1114,1322),(1114,1337),(1093,1337)
"4s"bounds: (33,1368),(65,1365),(67,1389),(35,1392)
"A"bounds: (79,1351),(102,1349),(106,1388),(83,1391)
"く"bounds: (112,1358),(126,1357),(129,1386),(115,1388)
"半"bounds: (136,1350),(158,1348),(162,1386),(140,1388)
"平"bounds: (274,1350),(296,1350),(295,1382),(273,1382)
"5"bounds: (323,1353),(332,1353),(332,1367),(323,1367)
"子"bounds: (650,1390),(662,1390),(662,1407),(650,1407)
"3"bounds: (1106,1384),(1113,1384),(1113,1396),(1106,1396)
"s6"bounds: (22,1422),(91,1415),(94,1453),(26,1460)
"4"bounds: (84,1417),(116,1414),(119,1446),(87,1449)
"F"bounds: (144,1416),(163,1414),(166,1444),(147,1446)
"6-7"bounds: (36,1492),(67,1489),(68,1504),(37,1507)
"9"bounds: (84,1478),(128,1474),(131,1508),(87,1512)
"HA"bounds: (150,1475),(173,1473),(176,1504),(153,1506)
"平"bounds: (276,1470),(299,1469),(300,1498),(277,1499)
"。"bounds: (304,1469),(325,1468),(325,1485),(304,1486)
"20"bounds: (304,1470),(325,1470),(325,1486),(304,1486)
"93"bounds: (536,1465),(562,1464),(563,1487),(537,1488)
"193"bounds: (1130,1514),(1164,1514),(1164,1531),(1130,1531)
"一"bounds: (291,1161),(292,1219),(271,1219),(270,1161)