Texts:

"HT Zb 159
éch. 1: 1
HM 21074. Pithos.
KT ZD-159)
TTH48H
66
"bounds: (71,67),(911,67),(911,1524),(71,1524)
"HT"bounds: (78,68),(113,68),(113,85),(78,85)
"Zb"bounds: (127,67),(155,67),(155,86),(127,86)
"159"bounds: (172,69),(208,69),(208,86),(172,86)
"éch."bounds: (595,582),(635,583),(635,605),(595,604)
"1:"bounds: (641,583),(672,584),(672,605),(641,604)
"1"bounds: (678,586),(683,586),(683,600),(678,600)
"HM"bounds: (399,863),(476,863),(476,900),(399,900)
"21074."bounds: (485,863),(586,863),(586,900),(485,900)
"Pithos."bounds: (616,865),(706,865),(706,900),(616,900)
"KT"bounds: (283,1008),(338,1008),(338,1035),(283,1035)
"ZD-159)"bounds: (380,1007),(501,1008),(501,1038),(380,1037)
"TTH48H"bounds: (508,1092),(911,1099),(910,1167),(507,1160)
"66"bounds: (71,1507),(95,1507),(95,1524),(71,1524)