Texts:

"41
本中可
759-39- 41 -07
HT 4.31
77-314- 41 -320
...
PH Wc 37a-b²
中虫240
ヤTH中目
08-69-53- 41 -37
KN Zb 54
08-06-55- 41 -57-09/
HT Zh 1594
08-01-67- 41 -77
KH 5.13
61-77-73-17- 41 -28-06
PK 1.3-41
了C4学下平田
28-06-59-28-79-07- 41 -77
IO Za 65
14
HT *54a.1' 130.11
22.2 74.2 76.1
741
KH
PH 3b,2.4
PK Za 10
1-44
J74
7- 41
кн 74.19
G
J06- 41
AP Za 2.14
*KH 74.1
01-08- 41
HT 126a.11
弁T4
38-06- 41
KH 7a.2
KH 60.13
HT 28b.1-2' 117a.1-2'
760-67-59-06- 41
10-73-06- 41
10-06-77-06-741
IO Za 2c-d.15
fT田4
KO Za 1c
10-06-77-06- 41
РK Za 8b
• SY Za 2b
TL Za 1h4
10-06-77/-06- 41
IO Za 9°
08- 41
HT 9b.2
中4主4-
學决王4
144
4半中
JF G平平
A (4
本G米中
08-27-24- 41 -
KN Zf 134
28-51-24- 41
нT 13.5-61
728- 41
Кн 9.33
741-28- 41
KH 51.13
710-59-28- 41
KH 16.23
FT 15.1 140.1.21
HT 87.21
10-34- 41
39-59-44- 41
67-53- 41
TY 3b.11
08-80-54- 41
CR(?) Zf 14
目4
57- 41
KN Zb 44
10-06-26-77 757- 41
PK Za 12c*
10-06-26-77-06-57- 41
*PK Za 12c4
Z 64
53-73- 41
HT 119.2'
780- 41
HT 5.2'
J-ls X4
7-60-80- 41
ZA 11a.23
86- 41
*HT 140.11
209
"bounds: (118,96),(1163,96),(1163,1532),(118,1532)
"41"bounds: (1055,96),(1069,96),(1069,109),(1055,109)
"本"bounds: (197,153),(247,154),(247,184),(197,183)
"中"bounds: (249,152),(280,152),(279,187),(248,187)
"可"bounds: (282,152),(304,152),(303,187),(281,187)
"759-39-"bounds: (532,160),(597,160),(597,178),(532,178)
"41"bounds: (606,165),(624,165),(624,181),(606,181)
"-07"bounds: (633,165),(656,165),(656,175),(633,175)
"HT"bounds: (725,164),(742,163),(743,174),(726,175)
"4.31"bounds: (751,157),(781,156),(782,176),(752,177)
"77-314-"bounds: (541,198),(597,198),(597,208),(541,208)
"41"bounds: (606,199),(621,199),(621,212),(606,212)
"-320"bounds: (632,199),(665,199),(665,208),(632,208)
"..."bounds: (568,210),(592,210),(592,219),(568,219)
"PH"bounds: (726,199),(742,198),(743,209),(727,210)
"Wc"bounds: (750,198),(766,197),(767,210),(751,211)
"37a-b²"bounds: (776,193),(825,190),(826,209),(777,212)
"中"bounds: (175,225),(207,225),(207,256),(175,256)
"虫"bounds: (209,225),(234,225),(234,256),(209,256)
"240"bounds: (233,230),(294,230),(294,256),(233,256)
"ヤ"bounds: (179,256),(214,256),(214,291),(179,291)
"TH"bounds: (216,255),(250,255),(250,291),(216,291)
"中"bounds: (252,255),(280,255),(280,290),(252,290)
"目"bounds: (282,255),(304,255),(304,290),(282,290)
"08-69-53-"bounds: (523,241),(597,241),(597,251),(523,251)
"41"bounds: (606,241),(624,241),(624,256),(606,256)
"-37"bounds: (633,242),(655,242),(655,251),(633,251)
"KN"bounds: (725,242),(741,241),(742,252),(726,253)
"Zb"bounds: (751,241),(766,240),(767,252),(752,253)
"54"bounds: (777,235),(791,234),(792,251),(778,252)
"08-06-55-"bounds: (523,274),(597,275),(597,285),(523,284)
"41"bounds: (607,275),(621,275),(621,285),(607,285)
"-57-09/"bounds: (632,270),(698,271),(698,290),(632,289)
"HT"bounds: (726,276),(741,275),(741,286),(726,287)
"Zh"bounds: (751,275),(766,274),(766,285),(751,286)
"1594"bounds: (778,271),(808,270),(809,286),(779,287)
"08-01-67-"bounds: (523,308),(597,309),(597,320),(523,319)
"41"bounds: (608,309),(621,309),(621,319),(608,319)
"-77"bounds: (632,309),(655,309),(655,319),(632,319)
"KH"bounds: (725,309),(741,308),(742,319),(726,320)
"5.13"bounds: (751,305),(782,302),(783,319),(752,322)
"61-77-73-17-"bounds: (498,342),(597,343),(597,354),(498,353)
"41"bounds: (606,343),(621,343),(621,357),(606,357)
"-28-06"bounds: (632,342),(681,342),(681,353),(632,353)
"PK"bounds: (725,343),(740,342),(741,354),(726,355)
"1.3-41"bounds: (752,338),(798,335),(799,353),(753,356)
"了"bounds: (118,360),(153,360),(153,388),(118,388)
"C4"bounds: (155,356),(204,357),(204,392),(155,391)
"学"bounds: (206,357),(233,357),(233,391),(206,391)
"下"bounds: (235,357),(250,357),(250,391),(235,391)
"平"bounds: (252,363),(273,363),(273,387),(252,387)
"田"bounds: (277,358),(297,358),(297,387),(277,387)
"28-06-59-28-79-07-"bounds: (447,377),(597,378),(597,390),(447,389)
"41"bounds: (605,378),(624,378),(624,392),(605,392)
"-77"bounds: (632,378),(655,378),(655,388),(632,388)
"IO"bounds: (720,374),(751,372),(752,391),(721,393)
"Za"bounds: (751,378),(766,377),(767,389),(752,390)
"65"bounds: (776,370),(790,369),(791,388),(777,389)
"14"bounds: (242,398),(273,398),(273,420),(242,420)
"HT"bounds: (725,412),(741,412),(741,423),(725,423)
"*54a.1'"bounds: (750,405),(806,404),(806,429),(750,430)
"130.11"bounds: (820,405),(864,404),(864,423),(820,424)
"22.2"bounds: (752,437),(791,437),(791,465),(752,465)
"74.2"bounds: (802,436),(841,436),(841,465),(802,465)
"76.1"bounds: (853,437),(892,437),(892,465),(853,465)
"741"bounds: (589,408),(623,407),(623,427),(590,428)
"KH"bounds: (725,446),(741,446),(741,456),(725,456)
"PH"bounds: (725,478),(741,477),(741,489),(725,490)
"3b,2.4"bounds: (750,473),(806,471),(807,489),(751,491)
"PK"bounds: (725,512),(741,512),(741,523),(725,523)
"Za"bounds: (751,513),(766,513),(766,523),(751,523)
"10"bounds: (777,510),(796,510),(796,523),(777,523)
"1-44"bounds: (238,529),(276,529),(276,552),(238,552)
"J74"bounds: (221,562),(276,562),(276,587),(221,587)
"7-"bounds: (572,530),(607,532),(606,555),(571,553)
"41"bounds: (607,537),(625,538),(624,553),(606,552)
"кн"bounds: (725,537),(741,537),(741,548),(725,548)
"74.19"bounds: (752,531),(790,532),(790,557),(752,556)
"G"bounds: (389,539),(396,539),(396,549),(389,549)
"J06-"bounds: (557,566),(597,567),(596,586),(556,585)
"41"bounds: (606,570),(624,571),(623,587),(605,586)
"AP"bounds: (724,571),(740,570),(740,581),(725,582)
"Za"bounds: (750,571),(766,570),(767,582),(751,583)
"2.14"bounds: (776,566),(807,565),(808,581),(777,582)
"*KH"bounds: (725,599),(751,600),(750,615),(724,614)
"74.1"bounds: (759,599),(792,600),(791,619),(758,618)
"01-08-"bounds: (548,635),(597,637),(597,650),(548,648)
"41"bounds: (607,638),(621,638),(621,647),(607,647)
"HT"bounds: (724,639),(741,638),(742,649),(725,650)
"126a.11"bounds: (752,634),(805,631),(806,649),(753,652)
"弁"bounds: (205,661),(226,661),(226,683),(205,683)
"T4"bounds: (235,660),(276,660),(276,683),(235,683)
"38-06-"bounds: (549,668),(597,670),(596,683),(548,681)
"41"bounds: (606,670),(625,671),(624,686),(605,685)
"KH"bounds: (726,672),(741,672),(741,682),(726,682)
"7a.2"bounds: (751,668),(783,669),(783,686),(751,685)
"KH"bounds: (725,706),(741,705),(742,717),(726,718)
"60.13"bounds: (750,700),(790,697),(791,716),(752,719)
"HT"bounds: (725,738),(741,738),(741,748),(725,748)
"28b.1-2'"bounds: (752,731),(814,730),(814,748),(752,749)
"117a.1-2'"bounds: (828,731),(898,730),(898,749),(828,750)
"760-67-59-06-"bounds: (480,701),(597,702),(597,720),(480,719)
"41"bounds: (602,699),(624,699),(624,723),(602,723)
"10-73-06-"bounds: (523,735),(597,737),(597,750),(523,748)
"41"bounds: (607,737),(621,737),(621,747),(607,747)
"10-06-77-06-741"bounds: (498,767),(624,768),(624,789),(498,788)
"IO"bounds: (720,769),(756,767),(757,786),(721,788)
"Za"bounds: (758,767),(772,766),(773,785),(759,786)
"2c-d.15"bounds: (776,767),(833,764),(834,783),(777,786)
"fT"bounds: (165,794),(202,794),(202,818),(165,818)
"田"bounds: (204,791),(239,791),(239,825),(204,825)
"4"bounds: (241,791),(274,791),(274,825),(241,825)
"KO"bounds: (725,805),(741,804),(741,816),(725,817)
"Za"bounds: (751,806),(766,805),(766,816),(751,817)
"1c"bounds: (777,800),(799,799),(800,817),(778,818)
"10-06-77-06-"bounds: (498,803),(597,805),(597,817),(498,815)
"41"bounds: (606,805),(625,805),(625,820),(606,820)
"РK"bounds: (725,839),(741,839),(741,851),(725,851)
"Za"bounds: (751,839),(766,839),(766,850),(751,850)
"8b"bounds: (773,835),(789,835),(789,852),(773,852)
"•"bounds: (798,850),(811,850),(811,866),(798,866)
"SY"bounds: (813,849),(834,849),(834,866),(813,866)
"Za"bounds: (837,853),(855,853),(855,863),(837,863)
"2b"bounds: (866,849),(887,849),(887,865),(866,865)
"TL"bounds: (725,874),(740,873),(741,884),(726,885)
"Za"bounds: (751,874),(765,873),(766,884),(752,885)
"1h4"bounds: (777,868),(799,866),(800,883),(778,885)
"10-06-77/-06-"bounds: (490,903),(597,903),(597,924),(490,924)
"41"bounds: (606,906),(624,906),(624,921),(606,921)
"IO"bounds: (724,905),(754,904),(754,919),(724,920)
"Za"bounds: (756,904),(770,904),(770,919),(756,919)
"9°"bounds: (776,904),(791,904),(791,918),(776,918)
"08-"bounds: (573,940),(597,940),(597,950),(573,950)
"41"bounds: (608,940),(621,940),(621,950),(608,950)
"HT"bounds: (724,940),(741,939),(742,952),(725,953)
"9b.2"bounds: (751,937),(783,935),(784,951),(752,954)
"中"bounds: (191,960),(206,960),(206,991),(191,991)
"4"bounds: (213,962),(227,962),(227,984),(213,984)
"主"bounds: (229,954),(255,954),(256,990),(230,990)
"4-"bounds: (257,953),(292,952),(293,989),(258,990)
"學"bounds: (191,990),(206,990),(206,1016),(191,1016)
"决"bounds: (211,992),(229,992),(229,1016),(211,1016)
"王"bounds: (234,995),(247,995),(247,1016),(234,1016)
"4"bounds: (253,994),(276,994),(276,1016),(253,1016)
"144"bounds: (222,1024),(276,1024),(276,1050),(222,1050)
"4"bounds: (194,1059),(230,1058),(231,1087),(195,1088)
"半"bounds: (234,1056),(247,1056),(247,1081),(234,1081)
"中"bounds: (254,1060),(276,1060),(276,1081),(254,1081)
"JF"bounds: (174,1094),(202,1094),(202,1118),(174,1118)
"G"bounds: (215,1088),(236,1088),(236,1123),(215,1123)
"平平"bounds: (254,1094),(277,1094),(277,1115),(254,1115)
"A"bounds: (213,1127),(227,1127),(227,1149),(213,1149)
"(4"bounds: (235,1127),(276,1127),(276,1149),(235,1149)
"本"bounds: (189,1155),(205,1155),(205,1184),(189,1184)
"G"bounds: (213,1160),(227,1160),(227,1182),(213,1182)
"米"bounds: (235,1158),(251,1158),(251,1185),(235,1185)
"中"bounds: (255,1162),(278,1162),(278,1183),(255,1183)
"08-27-24-"bounds: (523,972),(597,973),(597,984),(523,983)
"41"bounds: (608,973),(621,973),(621,983),(608,983)
"-"bounds: (632,978),(639,978),(639,980),(632,980)
"KN"bounds: (725,975),(741,974),(742,985),(726,986)
"Zf"bounds: (750,974),(766,973),(767,985),(751,986)
"134"bounds: (777,967),(800,965),(801,983),(778,985)
"28-51-24-"bounds: (524,1006),(597,1007),(597,1017),(524,1016)
"41"bounds: (607,1007),(624,1007),(624,1020),(607,1020)
"нT"bounds: (724,1008),(741,1007),(742,1017),(725,1018)
"13.5-61"bounds: (752,1003),(805,1000),(806,1017),(753,1020)
"728-"bounds: (558,1035),(598,1037),(597,1056),(557,1054)
"41"bounds: (607,1039),(625,1040),(624,1056),(606,1055)
"Кн"bounds: (725,1041),(741,1040),(742,1051),(726,1052)
"9.33"bounds: (749,1035),(782,1032),(784,1051),(751,1054)
"741-28-"bounds: (532,1069),(597,1070),(597,1092),(532,1091)
"41"bounds: (606,1074),(625,1074),(625,1088),(606,1088)
"KH"bounds: (725,1075),(741,1074),(742,1084),(726,1085)
"51.13"bounds: (751,1068),(790,1066),(791,1084),(752,1086)
"710-59-28-"bounds: (506,1103),(597,1104),(597,1122),(506,1121)
"41"bounds: (606,1107),(624,1107),(624,1123),(606,1123)
"KH"bounds: (725,1108),(741,1107),(742,1118),(726,1119)
"16.23"bounds: (751,1102),(791,1100),(792,1118),(752,1120)
"FT"bounds: (725,1142),(741,1142),(741,1152),(725,1152)
"15.1"bounds: (752,1134),(784,1133),(784,1156),(752,1157)
"140.1.21"bounds: (803,1134),(865,1133),(865,1152),(803,1153)
"HT"bounds: (725,1165),(741,1164),(742,1176),(726,1177)
"87.21"bounds: (750,1162),(789,1159),(790,1176),(751,1179)
"10-34-"bounds: (549,1139),(597,1140),(597,1151),(549,1150)
"41"bounds: (606,1141),(625,1142),(625,1156),(606,1155)
"39-59-44-"bounds: (524,1165),(598,1166),(598,1177),(524,1176)
"41"bounds: (608,1165),(621,1165),(621,1176),(608,1176)
"67-53-"bounds: (550,1198),(598,1200),(598,1210),(550,1208)
"41"bounds: (607,1199),(625,1200),(625,1215),(607,1214)
"TY"bounds: (725,1200),(741,1199),(742,1210),(726,1211)
"3b.11"bounds: (751,1195),(789,1193),(790,1209),(752,1211)
"08-80-54-"bounds: (524,1231),(598,1233),(598,1244),(524,1242)
"41"bounds: (607,1233),(625,1234),(625,1248),(607,1247)
"CR(?)"bounds: (725,1233),(763,1231),(764,1245),(726,1247)
"Zf"bounds: (776,1233),(792,1232),(792,1243),(776,1244)
"14"bounds: (803,1227),(817,1226),(818,1243),(804,1244)
"目"bounds: (234,1260),(246,1260),(246,1281),(234,1281)
"4"bounds: (254,1260),(274,1260),(274,1281),(254,1281)
"57-"bounds: (575,1266),(598,1266),(598,1276),(575,1276)
"41"bounds: (607,1266),(625,1266),(625,1280),(607,1280)
"KN"bounds: (726,1267),(742,1266),(743,1277),(727,1278)
"Zb"bounds: (751,1267),(766,1266),(767,1277),(752,1278)
"44"bounds: (776,1261),(791,1260),(792,1277),(777,1278)
"10-06-26-77"bounds: (444,1296),(548,1295),(548,1315),(444,1316)
"757-"bounds: (557,1296),(598,1296),(598,1314),(557,1314)
"41"bounds: (606,1300),(624,1300),(624,1315),(606,1315)
"PK"bounds: (725,1300),(742,1299),(742,1311),(725,1312)
"Za"bounds: (750,1296),(770,1295),(771,1313),(751,1314)
"12c*"bounds: (778,1295),(808,1294),(809,1311),(779,1312)
"10-06-26-77-06-57-"bounds: (449,1330),(598,1333),(598,1346),(449,1343)
"41"bounds: (606,1333),(625,1333),(625,1348),(606,1348)
"*PK"bounds: (725,1329),(750,1329),(750,1344),(725,1344)
"Za"bounds: (760,1333),(775,1333),(775,1344),(760,1344)
"12c4"bounds: (786,1328),(817,1328),(817,1345),(786,1345)
"Z"bounds: (211,1362),(223,1362),(224,1383),(212,1384)
"64"bounds: (232,1361),(274,1359),(275,1381),(233,1383)
"53-73-"bounds: (550,1365),(598,1367),(597,1379),(549,1377)
"41"bounds: (608,1366),(625,1367),(624,1381),(607,1380)
"HT"bounds: (725,1368),(741,1367),(742,1378),(726,1379)
"119.2'"bounds: (752,1362),(798,1359),(799,1376),(753,1379)
"780-"bounds: (558,1396),(598,1397),(598,1416),(558,1415)
"41"bounds: (607,1401),(625,1401),(625,1415),(607,1415)
"HT"bounds: (725,1402),(741,1401),(742,1412),(726,1413)
"5.2'"bounds: (751,1396),(782,1394),(783,1411),(752,1413)
"J-ls"bounds: (187,1426),(224,1426),(224,1449),(187,1449)
"X4"bounds: (230,1427),(273,1427),(273,1448),(230,1448)
"7-60-80-"bounds: (524,1430),(598,1431),(598,1449),(524,1448)
"41"bounds: (607,1434),(625,1434),(625,1449),(607,1449)
"ZA"bounds: (726,1433),(741,1432),(742,1444),(727,1445)
"11a.23"bounds: (752,1429),(799,1426),(800,1444),(753,1447)
"86-"bounds: (575,1468),(598,1468),(598,1477),(575,1477)
"41"bounds: (609,1467),(622,1467),(622,1477),(609,1477)
"*HT"bounds: (725,1464),(750,1464),(750,1478),(725,1478)
"140.11"bounds: (761,1460),(806,1460),(806,1479),(761,1479)
"209"bounds: (1125,1514),(1163,1514),(1163,1532),(1125,1532)