Texts:

"ÉCOLE FRANÇAISE D'ATHENES
ÉTUDES CRÉTOISES, XXI, 5
RECUEIL DES INSCRIPTIONS
EN LINÉAIRE A
VOLUME 5
ADDENDA, CORRIGENDA, CONCORDANCES,
INDEX ET PLANCHES DES SIGNES
PAR
LOUIS GODART ET JEAN-PIERRE OLIVIER
Dépositaire :
LIBRAIRIE ORIENTALISTE PAUL GEUTHNER
12, RUE VAVIN, PARIS VIe
1985
"bounds: (165,179),(958,179),(958,1332),(165,1332)
"ÉCOLE"bounds: (334,180),(422,180),(422,198),(334,198)
"FRANÇAISE"bounds: (448,183),(607,183),(607,202),(448,202)
"D'ATHENES"bounds: (632,179),(794,179),(794,197),(632,197)
"ÉTUDES"bounds: (372,228),(477,229),(477,252),(372,251)
"CRÉTOISES,"bounds: (497,226),(648,227),(648,255),(497,254)
"XXI,"bounds: (669,231),(726,231),(726,253),(669,253)
"5"bounds: (747,231),(757,231),(757,249),(747,249)
"RECUEIL"bounds: (178,384),(399,384),(399,421),(178,421)
"DES"bounds: (436,382),(529,382),(529,419),(436,419)
"INSCRIPTIONS"bounds: (564,380),(941,380),(941,419),(564,419)
"EN"bounds: (361,464),(433,463),(433,500),(361,501)
"LINÉAIRE"bounds: (462,456),(702,454),(702,499),(462,501)
"A"bounds: (732,462),(767,462),(767,498),(732,498)
"VOLUME"bounds: (492,567),(611,566),(611,585),(492,586)
"5"bounds: (627,567),(638,567),(638,585),(627,585)
"ADDENDA,"bounds: (165,656),(354,656),(354,686),(165,686)
"CORRIGENDA,"bounds: (374,655),(625,655),(625,685),(374,685)
"CONCORDANCES,"bounds: (646,653),(958,653),(958,683),(646,683)
"INDEX"bounds: (255,709),(372,709),(372,733),(255,733)
"ET"bounds: (394,709),(436,709),(436,732),(394,732)
"PLANCHES"bounds: (458,708),(644,707),(644,732),(458,733)
"DES"bounds: (667,707),(729,707),(729,731),(667,731)
"SIGNES"bounds: (752,707),(872,707),(872,731),(752,731)
"PAR"bounds: (545,769),(580,768),(580,780),(545,781)
"LOUIS"bounds: (316,813),(382,813),(382,828),(316,828)
"GODART"bounds: (400,813),(499,813),(499,828),(400,828)
"ET"bounds: (515,812),(542,812),(542,827),(515,827)
"JEAN-PIERRE"bounds: (555,809),(721,809),(721,828),(555,828)
"OLIVIER"bounds: (720,811),(811,811),(811,827),(720,827)
"Dépositaire"bounds: (498,1191),(612,1191),(612,1214),(498,1214)
":"bounds: (619,1197),(623,1197),(623,1208),(619,1208)
"LIBRAIRIE"bounds: (269,1230),(404,1230),(404,1246),(269,1246)
"ORIENTALISTE"bounds: (424,1229),(612,1229),(612,1246),(424,1246)
"PAUL"bounds: (631,1229),(697,1229),(697,1246),(631,1246)
"GEUTHNER"bounds: (716,1229),(859,1229),(859,1246),(716,1246)
"12,"bounds: (423,1263),(449,1263),(449,1281),(423,1281)
"RUE"bounds: (466,1268),(504,1268),(504,1277),(466,1277)
"VAVIN,"bounds: (520,1267),(587,1267),(587,1281),(520,1281)
"PARIS"bounds: (603,1263),(680,1263),(680,1281),(603,1281)
"VIe"bounds: (676,1263),(704,1263),(704,1276),(676,1276)
"1985"bounds: (541,1315),(586,1315),(586,1332),(541,1332)