Texts:

"PH 22 a
PH 22 b
HM 1523-[3,30]x 2,20 x 0,80 cm.
PH 24
HM 1525 - 1,50k 1,00 x 0,30 cm.
PH 25
310
HM 1526-[3.80kß+ ]« 1,00m.
1593
"bounds: (68,62),(1194,62),(1194,1526),(68,1526)
"PH"bounds: (72,62),(106,63),(105,80),(71,79)
"22"bounds: (117,62),(141,63),(140,80),(116,79)
"a"bounds: (150,68),(162,68),(162,79),(150,79)
"PH"bounds: (1103,64),(1137,64),(1137,80),(1103,80)
"22"bounds: (1149,64),(1173,64),(1173,81),(1149,81)
"b"bounds: (1182,63),(1194,63),(1194,81),(1182,81)
"HM"bounds: (276,530),(304,530),(304,545),(276,545)
"1523-[3,30]x"bounds: (313,528),(413,530),(413,547),(313,545)
"2,20"bounds: (418,532),(459,533),(459,549),(418,548)
"x"bounds: (461,531),(466,531),(466,548),(461,548)
"0,80"bounds: (468,531),(490,531),(490,549),(468,549)
"cm."bounds: (495,532),(520,532),(520,549),(495,549)
"PH"bounds: (71,743),(105,744),(105,759),(71,759)
"24"bounds: (116,744),(140,744),(140,760),(116,760)
"HM"bounds: (815,915),(841,916),(840,932),(814,931)
"1525"bounds: (849,919),(887,921),(886,934),(848,932)
"-"bounds: (893,925),(899,925),(899,927),(893,927)
"1,50k"bounds: (905,922),(942,924),(941,937),(904,935)
"1,00"bounds: (948,922),(976,923),(975,937),(947,936)
"x"bounds: (981,928),(987,928),(987,936),(981,936)
"0,30"bounds: (994,922),(1018,923),(1017,940),(993,939)
"cm."bounds: (1025,924),(1049,925),(1048,941),(1024,940)
"PH"bounds: (69,1215),(103,1215),(103,1231),(69,1231)
"25"bounds: (114,1215),(138,1215),(138,1232),(114,1232)
"310"bounds: (68,1504),(104,1504),(104,1521),(68,1521)
"HM"bounds: (783,1500),(813,1501),(813,1517),(783,1516)
"1526-[3.80kß+"bounds: (823,1498),(966,1502),(965,1525),(822,1521)
"]«"bounds: (968,1502),(985,1502),(984,1525),(967,1525)
"1,00m."bounds: (988,1508),(1042,1510),(1042,1522),(988,1520)
"1593"bounds: (823,202),(814,250),(793,246),(802,198)