Texts:

"54
16-76- 54
HT 86a.31
51-79- 54
HT 36.2'
A 535
H
54 +81
НТ 38,3
A 536
НT 38.31
54 +312
A 591
131a '54'
HT 27b.51
A 592
131a+ 54
HT 27b.11
223
CE
"bounds: (77,87),(1168,87),(1168,1541),(77,1541)
"54"bounds: (1061,103),(1078,103),(1078,115),(1061,115)
"16-76-"bounds: (524,171),(572,174),(571,186),(523,183)
"54"bounds: (581,173),(599,174),(598,188),(580,187)
"HT"bounds: (731,173),(748,172),(749,184),(732,185)
"86a.31"bounds: (757,167),(805,164),(806,184),(758,187)
"51-79-"bounds: (523,206),(572,208),(571,220),(522,218)
"54"bounds: (581,207),(599,208),(598,224),(580,223)
"HT"bounds: (732,206),(748,205),(749,217),(733,218)
"36.2'"bounds: (758,203),(796,200),(797,217),(759,220)
"A"bounds: (160,268),(170,268),(169,284),(159,284)
"535"bounds: (169,270),(192,271),(192,284),(169,283)
"H"bounds: (395,271),(403,271),(403,282),(395,282)
"54"bounds: (582,276),(596,276),(596,286),(582,286)
"+81"bounds: (606,276),(629,275),(629,286),(606,287)
"НТ"bounds: (727,271),(762,269),(763,287),(728,289)
"38,3"bounds: (764,269),(789,267),(790,285),(765,287)
"A"bounds: (161,302),(170,302),(171,318),(162,318)
"536"bounds: (168,306),(191,305),(191,317),(168,318)
"НT"bounds: (722,305),(763,302),(764,322),(723,325)
"38.31"bounds: (765,302),(796,300),(797,320),(766,322)
"54"bounds: (582,310),(596,310),(596,319),(582,319)
"+312"bounds: (607,310),(638,310),(638,320),(607,320)
"A"bounds: (158,336),(167,336),(168,352),(159,352)
"591"bounds: (168,340),(190,339),(190,351),(169,352)
"131a"bounds: (531,343),(562,343),(562,353),(531,353)
"'54'"bounds: (577,343),(604,343),(604,354),(577,354)
"HT"bounds: (732,341),(748,340),(748,353),(732,354)
"27b.51"bounds: (759,335),(804,334),(805,353),(760,354)
"A"bounds: (159,372),(168,372),(168,388),(159,388)
"592"bounds: (169,375),(191,375),(191,386),(169,386)
"131a+"bounds: (532,378),(572,379),(572,389),(532,388)
"54"bounds: (582,378),(598,379),(598,392),(582,391)
"HT"bounds: (732,377),(748,376),(749,387),(733,388)
"27b.11"bounds: (758,370),(804,368),(805,388),(759,390)
"223"bounds: (1130,1522),(1168,1521),(1168,1540),(1130,1541)
"CE"bounds: (97,87),(97,112),(78,112),(78,87)