Texts:

"08
08 -81-65-03-118
PA 1
08 -81-69-361/
TY 3a.71
08 -81-73-06
ZA 10a.1-23
08 -123-04
HT 96a.21
08 -301/
KH 58.53
08 -301-67-59-08
TY Zb 44
E
706- 08 -56
KN Zb 204
770- 08 -51-54
TY 3a,61
J08L 708 -24
*PK Za 12c4
08-70- 08 -24
PK Za 11b4
Ts-[:IT
08-60-.708 -69
нT 87.51
39-37-24- 08 -
ARKH 4a.4-53
EY Is TTI
KN Zc 7.24
57-31-60- 08 -06-24
. ..
08-37-77- 08 -51-70-77
7-306-37-77- 08 -27
ZA Wc 2.1-22
нT 4.11
708
HT 97a.6'
F
03-.7- 08
HT 45b.31
G
十
4
KO Za 1b-c
KN Zb 40.1-24
28-01- 08
08-03-67-10-06- 08
08-41-58-11- 08
KH 9.13
780-26- 08
TY Zg 1
キ4ャ
*HT 45b.3
03-41- 08
08-301-67-59- 08
TY Zb 44
51-123- 08
HT 15.11
39-310- 08
ZA 11a.53
A 523
нт 94а.2 100.21
H
37+ 08
A 554
77+ 08
HT 38.21
A 557
780+ 08
PH За.2
A 609
302+ 08
Н 2.2.4
A. 650
407 VAS
08
*KH 83.2
404VAS,
МА 10Ь.25
A 654
08
A 657
407VAS
HT 39.5'
08
164
"bounds: (61,91),(1155,91),(1155,1524),(61,1524)
"08"bounds: (1137,91),(1155,91),(1155,104),(1137,104)
"08"bounds: (631,161),(648,161),(648,175),(631,175)
"-81-65-03-118"bounds: (658,161),(765,161),(765,172),(658,172)
"PA"bounds: (817,162),(832,162),(832,173),(817,173)
"1"bounds: (844,155),(855,155),(855,172),(844,172)
"08"bounds: (631,194),(649,194),(649,209),(631,209)
"-81-69-361/"bounds: (657,192),(757,192),(757,209),(657,209)
"TY"bounds: (816,195),(832,194),(833,205),(817,206)
"3a.71"bounds: (841,189),(880,187),(881,206),(842,208)
"08"bounds: (632,225),(654,225),(654,239),(632,239)
"-81-73-06"bounds: (657,228),(731,228),(731,239),(657,239)
"ZA"bounds: (817,228),(832,227),(833,239),(818,240)
"10a.1-23"bounds: (843,224),(907,221),(908,240),(844,243)
"08"bounds: (631,258),(656,258),(656,272),(631,272)
"-123-04"bounds: (657,262),(714,262),(714,272),(657,272)
"HT"bounds: (816,262),(832,261),(833,272),(817,273)
"96a.21"bounds: (842,257),(888,255),(889,273),(843,275)
"08"bounds: (630,295),(648,295),(648,311),(630,311)
"-301/"bounds: (657,292),(706,291),(706,309),(657,310)
"KH"bounds: (816,296),(832,295),(833,307),(817,308)
"58.53"bounds: (842,291),(881,288),(882,306),(843,309)
"08"bounds: (629,329),(648,329),(648,343),(629,343)
"-301-67-59-08"bounds: (656,329),(764,328),(764,340),(656,341)
"TY"bounds: (815,330),(831,330),(831,340),(815,340)
"Zb"bounds: (842,329),(856,329),(856,340),(842,340)
"44"bounds: (866,324),(881,324),(881,340),(866,340)
"E"bounds: (470,360),(477,360),(477,370),(470,370)
"706-"bounds: (580,360),(621,359),(622,379),(581,380)
"08"bounds: (629,362),(648,361),(648,377),(629,378)
"-56"bounds: (656,362),(680,361),(680,372),(656,373)
"KN"bounds: (815,363),(831,362),(832,373),(816,374)
"Zb"bounds: (841,363),(855,362),(856,374),(842,375)
"204"bounds: (866,356),(889,354),(890,373),(867,375)
"770-"bounds: (580,392),(621,393),(621,412),(580,411)
"08"bounds: (630,396),(648,396),(648,411),(630,411)
"-51-54"bounds: (656,396),(705,397),(705,406),(656,405)
"TY"bounds: (815,397),(831,396),(832,407),(816,408)
"3a,61"bounds: (840,391),(879,389),(880,406),(841,409)
"J08L"bounds: (565,423),(614,423),(614,446),(565,446)
"708"bounds: (620,423),(650,423),(650,446),(620,446)
"-24"bounds: (656,429),(679,429),(679,447),(656,447)
"*PK"bounds: (815,424),(839,423),(840,440),(816,441)
"Za"bounds: (849,430),(864,430),(864,442),(849,442)
"12c4"bounds: (875,422),(906,421),(907,441),(876,442)
"08-70-"bounds: (572,462),(620,463),(620,474),(572,473)
"08"bounds: (630,462),(645,462),(645,473),(630,473)
"-24"bounds: (656,463),(679,464),(679,474),(656,473)
"PK"bounds: (815,463),(831,462),(831,473),(815,474)
"Za"bounds: (840,464),(855,463),(855,474),(840,475)
"11b4"bounds: (867,458),(897,457),(898,474),(868,475)
"Ts-[:IT"bounds: (215,480),(335,479),(335,511),(215,512)
"08-60-.708"bounds: (538,491),(647,493),(647,512),(538,510)
"-69"bounds: (655,497),(679,497),(679,506),(655,506)
"нT"bounds: (814,497),(831,496),(832,508),(815,509)
"87.51"bounds: (840,491),(878,489),(879,508),(841,510)
"39-37-24-"bounds: (547,528),(620,530),(620,540),(547,538)
"08"bounds: (630,529),(647,529),(647,543),(630,543)
"-"bounds: (655,527),(679,528),(679,545),(655,544)
"ARKH"bounds: (813,530),(848,528),(849,541),(814,543)
"4a.4-53"bounds: (857,525),(913,522),(914,541),(858,544)
"EY"bounds: (224,545),(276,545),(276,576),(224,576)
"Is"bounds: (278,545),(297,545),(297,576),(278,576)
"TTI"bounds: (297,548),(358,548),(358,570),(297,570)
"KN"bounds: (814,564),(830,563),(830,574),(814,575)
"Zc"bounds: (838,558),(863,557),(864,576),(839,577)
"7.24"bounds: (866,556),(897,555),(898,575),(867,576)
"57-31-60-"bounds: (546,563),(619,563),(619,572),(546,572)
"08"bounds: (628,563),(646,563),(646,577),(628,577)
"-06-24"bounds: (655,564),(704,564),(704,573),(655,573)
"."bounds: (594,575),(600,575),(600,584),(594,584)
".."bounds: (602,574),(610,574),(610,584),(602,584)
"08-37-77-"bounds: (545,595),(620,597),(620,609),(545,607)
"08"bounds: (628,596),(647,596),(647,612),(628,612)
"-51-70-77"bounds: (655,592),(746,594),(745,617),(654,615)
"7-306-37-77-"bounds: (511,624),(620,626),(620,646),(511,644)
"08"bounds: (630,629),(644,629),(644,646),(630,646)
"-27"bounds: (655,626),(695,627),(695,648),(655,647)
"ZA"bounds: (815,596),(829,596),(829,609),(815,609)
"Wc"bounds: (839,598),(854,598),(854,609),(839,609)
"2.1-22"bounds: (866,591),(913,590),(913,609),(866,610)
"нT"bounds: (813,631),(830,630),(830,640),(813,641)
"4.11"bounds: (839,623),(869,622),(870,641),(840,642)
"708"bounds: (612,659),(646,659),(646,678),(612,678)
"HT"bounds: (813,664),(829,663),(830,675),(814,676)
"97a.6'"bounds: (839,659),(886,656),(887,674),(840,677)
"F"bounds: (469,661),(475,661),(475,671),(469,671)
"03-.7-"bounds: (544,693),(619,694),(619,712),(544,711)
"08"bounds: (628,697),(645,697),(645,712),(628,712)
"HT"bounds: (813,698),(829,697),(830,709),(814,710)
"45b.31"bounds: (839,693),(886,690),(887,707),(840,710)
"G"bounds: (468,695),(475,695),(475,705),(468,705)
"十"bounds: (252,710),(285,710),(285,736),(252,736)
"4"bounds: (892,723),(904,723),(904,735),(892,735)
"KO"bounds: (814,729),(829,728),(829,741),(814,742)
"Za"bounds: (839,731),(854,730),(854,741),(839,742)
"1b-c"bounds: (862,726),(898,725),(899,743),(863,744)
"KN"bounds: (814,757),(830,756),(830,768),(814,769)
"Zb"bounds: (839,757),(854,756),(854,768),(839,769)
"40.1-24"bounds: (864,751),(921,749),(922,769),(865,771)
"28-01-"bounds: (570,729),(619,730),(619,741),(570,740)
"08"bounds: (629,729),(644,729),(644,740),(629,740)
"08-03-67-10-06-"bounds: (494,755),(619,756),(619,767),(494,766)
"08"bounds: (629,756),(644,756),(644,767),(629,767)
"08-41-58-11-"bounds: (519,788),(618,790),(618,802),(519,800)
"08"bounds: (629,790),(643,790),(643,801),(629,801)
"KH"bounds: (813,791),(829,790),(830,801),(814,802)
"9.13"bounds: (839,785),(870,783),(871,801),(840,803)
"780-26-"bounds: (553,819),(618,821),(617,843),(552,841)
"08"bounds: (627,824),(645,824),(645,840),(627,840)
"TY"bounds: (813,825),(828,825),(828,835),(813,835)
"Zg"bounds: (839,825),(854,825),(854,840),(839,840)
"1"bounds: (866,823),(873,823),(873,837),(866,837)
"キ"bounds: (248,843),(261,843),(261,865),(248,865)
"4"bounds: (267,844),(288,844),(288,873),(267,873)
"ャ"bounds: (295,844),(310,844),(310,867),(295,867)
"*HT"bounds: (813,853),(837,854),(837,871),(813,870)
"45b.3"bounds: (846,851),(888,852),(887,874),(845,873)
"03-41-"bounds: (569,857),(618,857),(618,867),(569,867)
"08"bounds: (627,856),(643,856),(643,871),(627,871)
"08-301-67-59-"bounds: (510,890),(618,891),(618,901),(510,900)
"08"bounds: (628,891),(643,891),(643,900),(628,900)
"TY"bounds: (812,891),(828,890),(829,902),(813,903)
"Zb"bounds: (838,892),(853,891),(854,902),(839,903)
"44"bounds: (863,886),(878,885),(879,902),(864,903)
"51-123-"bounds: (561,923),(617,924),(617,935),(561,934)
"08"bounds: (628,925),(643,925),(643,935),(628,935)
"HT"bounds: (812,924),(828,923),(829,936),(813,937)
"15.11"bounds: (839,920),(876,917),(877,936),(840,939)
"39-310-"bounds: (561,957),(618,958),(618,968),(561,967)
"08"bounds: (627,957),(643,957),(643,972),(627,972)
"ZA"bounds: (813,960),(827,959),(828,969),(814,970)
"11a.53"bounds: (839,953),(886,950),(887,969),(840,972)
"A"bounds: (232,1020),(240,1020),(240,1035),(232,1035)
"523"bounds: (239,1022),(261,1022),(261,1033),(239,1033)
"нт"bounds: (812,1026),(828,1026),(828,1036),(812,1036)
"94а.2"bounds: (843,1018),(878,1017),(878,1040),(843,1041)
"100.21"bounds: (898,1019),(943,1018),(943,1037),(898,1038)
"H"bounds: (467,1023),(474,1023),(474,1033),(467,1033)
"37+"bounds: (594,1026),(616,1026),(616,1035),(594,1035)
"08"bounds: (627,1026),(642,1026),(642,1035),(627,1035)
"A"bounds: (220,1057),(228,1057),(228,1067),(220,1067)
"554"bounds: (239,1056),(261,1056),(261,1069),(239,1069)
"77+"bounds: (595,1058),(617,1059),(616,1070),(594,1069)
"08"bounds: (627,1058),(642,1059),(641,1070),(626,1069)
"HT"bounds: (811,1060),(828,1059),(829,1070),(812,1071)
"38.21"bounds: (837,1055),(875,1053),(876,1070),(838,1072)
"A"bounds: (226,1086),(238,1086),(238,1105),(226,1105)
"557"bounds: (240,1086),(264,1086),(264,1105),(240,1105)
"780+"bounds: (576,1089),(617,1089),(617,1109),(576,1109)
"08"bounds: (626,1093),(643,1093),(643,1109),(626,1109)
"PH"bounds: (813,1093),(828,1093),(828,1104),(813,1104)
"За.2"bounds: (838,1093),(869,1093),(869,1105),(838,1105)
"A"bounds: (225,1120),(236,1120),(236,1137),(225,1137)
"609"bounds: (238,1124),(261,1124),(261,1135),(238,1135)
"302+"bounds: (585,1126),(616,1126),(616,1137),(585,1137)
"08"bounds: (627,1127),(642,1127),(642,1137),(627,1137)
"Н"bounds: (811,1128),(827,1127),(827,1138),(811,1139)
"2.2.4"bounds: (841,1121),(877,1120),(878,1139),(842,1140)
"A."bounds: (211,1154),(240,1154),(240,1171),(211,1171)
"650"bounds: (238,1158),(261,1158),(261,1169),(238,1169)
"407"bounds: (558,1162),(580,1156),(583,1169),(561,1175)
"VAS"bounds: (584,1153),(607,1147),(611,1161),(587,1167)
"08"bounds: (626,1161),(642,1161),(642,1170),(626,1170)
"*KH"bounds: (812,1155),(836,1156),(835,1173),(811,1172)
"83.2"bounds: (846,1154),(886,1155),(885,1174),(845,1173)
"404VAS,"bounds: (558,1189),(614,1183),(616,1202),(560,1208)
"МА"bounds: (803,1191),(841,1190),(842,1208),(804,1210)
"10Ь.25"bounds: (843,1189),(884,1187),(885,1207),(844,1209)
"A"bounds: (219,1192),(226,1192),(226,1202),(219,1202)
"654"bounds: (238,1192),(260,1192),(260,1202),(238,1202)
"08"bounds: (625,1194),(641,1194),(641,1208),(625,1208)
"A"bounds: (228,1223),(236,1223),(236,1238),(228,1238)
"657"bounds: (238,1226),(260,1226),(260,1237),(238,1237)
"407VAS"bounds: (558,1224),(613,1216),(616,1234),(561,1242)
"HT"bounds: (810,1229),(827,1228),(828,1240),(811,1241)
"39.5'"bounds: (834,1223),(874,1220),(875,1240),(836,1243)
"08"bounds: (626,1228),(641,1228),(641,1239),(626,1239)
"164"bounds: (61,1507),(95,1507),(95,1524),(61,1524)