Texts:

"TABLEAU DES VARIANTES DES SIGNES
XLIII
(HT100.2) (HT 94.2)
PH 8a.2 PH 12 a
АВ 118
HT13.5 HT966.1 HT24 b.2 KN 2.2 KN Za 19,2 PA1
SY Zy 1
АВ 120
A 120 b
ARKH30.4 HT14.3 KH A0. 4 (ZA 11a.1)
ARKH 3a.1
АВ 122
ape
HT 123a.4 HT44 a.3 HT 21.4 ARKH 3a.2 HT14.2 ZA11A. 6
TY 3 a. 4
AB 123
HT 39.1 KH 53.1 ZA 20.3
HT ga.5
"bounds: (134,76),(1051,76),(1051,1261),(134,1261)
"TABLEAU"bounds: (398,80),(474,79),(474,88),(398,89)
"DES"bounds: (489,79),(518,79),(518,88),(489,88)
"VARIANTES"bounds: (532,79),(626,78),(626,88),(532,89)
"DES"bounds: (640,78),(670,78),(670,87),(640,87)
"SIGNES"bounds: (683,78),(741,78),(741,87),(683,87)
"XLIII"bounds: (927,76),(967,78),(966,88),(926,86)
"(HT100.2)"bounds: (134,294),(275,293),(275,328),(134,329)
"(HT"bounds: (286,291),(345,291),(345,330),(286,330)
"94.2)"bounds: (354,290),(419,290),(419,332),(354,332)
"PH"bounds: (618,297),(650,297),(650,320),(618,320)
"8a.2"bounds: (660,301),(728,302),(728,322),(660,321)
"PH"bounds: (768,298),(800,298),(800,322),(768,322)
"12"bounds: (819,297),(843,297),(843,327),(819,327)
"a"bounds: (850,297),(863,297),(863,327),(850,327)
"АВ"bounds: (459,382),(518,383),(517,416),(458,415)
"118"bounds: (520,383),(569,384),(568,418),(519,417)
"HT13.5"bounds: (148,504),(253,504),(253,529),(148,529)
"HT966.1"bounds: (274,503),(405,504),(405,529),(274,528)
"HT24"bounds: (429,506),(509,506),(509,528),(429,528)
"b.2"bounds: (520,504),(559,504),(559,528),(520,528)
"KN"bounds: (588,509),(622,509),(622,529),(588,529)
"2.2"bounds: (630,507),(671,507),(671,528),(630,528)
"KN"bounds: (701,509),(736,509),(736,529),(701,529)
"Za"bounds: (752,504),(786,504),(786,534),(752,534)
"19,2"bounds: (788,504),(838,504),(838,534),(788,534)
"PA1"bounds: (862,504),(920,504),(920,529),(862,529)
"SY"bounds: (943,532),(1002,531),(1003,558),(944,559)
"Zy"bounds: (1004,530),(1031,529),(1032,556),(1005,557)
"1"bounds: (1033,530),(1050,530),(1051,557),(1034,557)
"АВ"bounds: (461,588),(531,590),(530,621),(460,619)
"120"bounds: (533,590),(569,591),(568,622),(532,621)
"A"bounds: (888,579),(913,579),(913,608),(888,608)
"120"bounds: (934,585),(984,585),(984,605),(934,605)
"b"bounds: (999,581),(1012,581),(1012,603),(999,603)
"ARKH30.4"bounds: (149,708),(292,708),(292,731),(149,731)
"HT14.3"bounds: (316,709),(423,709),(423,731),(316,731)
"KH"bounds: (447,711),(487,711),(487,731),(447,731)
"A0."bounds: (501,704),(573,704),(573,731),(501,731)
"4"bounds: (575,704),(579,704),(579,736),(575,736)
"(ZA"bounds: (607,710),(656,710),(656,732),(607,732)
"11a.1)"bounds: (670,704),(766,704),(766,730),(670,730)
"ARKH"bounds: (864,709),(938,710),(938,728),(864,727)
"3a.1"bounds: (951,711),(1024,712),(1024,728),(951,727)
"АВ"bounds: (445,792),(522,794),(521,823),(444,821)
"122"bounds: (524,794),(557,795),(556,824),(523,823)
"ape"bounds: (192,836),(253,835),(254,894),(193,895)
"HT"bounds: (144,912),(187,912),(187,934),(144,934)
"123a.4"bounds: (197,913),(300,913),(300,935),(197,935)
"HT44"bounds: (322,912),(403,912),(403,933),(322,933)
"a.3"bounds: (413,916),(454,916),(454,934),(413,934)
"HT"bounds: (478,911),(524,911),(524,938),(478,938)
"21.4"bounds: (536,911),(596,911),(596,939),(536,939)
"ARKH"bounds: (614,914),(690,914),(690,936),(614,936)
"3a.2"bounds: (703,916),(765,916),(765,936),(703,936)
"HT14.2"bounds: (788,914),(894,914),(894,935),(788,935)
"ZA11A."bounds: (916,918),(1013,918),(1013,936),(916,936)
"6"bounds: (1023,916),(1036,916),(1036,936),(1023,936)
"TY"bounds: (143,1028),(179,1027),(179,1050),(143,1051)
"3"bounds: (194,1025),(218,1025),(219,1055),(195,1055)
"a."bounds: (220,1024),(244,1024),(245,1054),(221,1054)
"4"bounds: (246,1027),(262,1027),(262,1048),(246,1048)
"AB"bounds: (432,1116),(476,1116),(476,1139),(432,1139)
"123"bounds: (488,1117),(540,1118),(540,1140),(488,1139)
"HT"bounds: (144,1231),(190,1231),(190,1261),(144,1261)
"39.1"bounds: (202,1231),(262,1231),(262,1261),(202,1261)
"KH"bounds: (293,1235),(335,1235),(335,1254),(293,1254)
"53.1"bounds: (349,1235),(417,1235),(417,1255),(349,1255)
"ZA"bounds: (452,1236),(493,1236),(493,1255),(452,1255)
"20.3"bounds: (506,1235),(567,1235),(567,1256),(506,1256)
"HT"bounds: (606,1236),(646,1237),(646,1257),(606,1256)
"ga.5"bounds: (657,1237),(723,1238),(723,1259),(657,1258)