Texts:

"HAGHIA TRIADA - NODULES
Wa 1131
Wa 1132
Wa 1133
HM 479. 2
HM 479. 3
HM 479.4
Wa 1134
Wa 1135
Wa 1136
HM 479.5
HM 479.6
HM 479.7
Wa 1137
Wa 1138
Wa 1139
HM479.8
HM 513.1
HM 514.1
Wa 1140
Wa 1141
Wa 1142
HM 518. 1
HM 522.1
HM 578.1
HM 578.1
Wa 1143
Wa 1144
Wa 1145
T64.1
T115. 4.
T430.1
17
"bounds: (158,82),(1148,82),(1148,1540),(158,1540)
"HAGHIA"bounds: (450,82),(517,82),(517,93),(450,93)
"TRIADA"bounds: (529,82),(592,82),(592,94),(529,94)
"-"bounds: (604,89),(608,89),(608,90),(604,90)
"NODULES"bounds: (621,83),(698,83),(698,94),(621,94)
"Wa"bounds: (158,163),(189,163),(189,177),(158,177)
"1131"bounds: (203,163),(242,163),(242,177),(203,177)
"Wa"bounds: (524,165),(555,165),(555,179),(524,179)
"1132"bounds: (569,165),(610,165),(610,179),(569,179)
"Wa"bounds: (890,163),(921,163),(921,178),(890,178)
"1133"bounds: (935,162),(976,162),(976,178),(935,178)
"HM"bounds: (275,362),(300,362),(300,376),(275,376)
"479."bounds: (310,361),(345,361),(345,375),(310,375)
"2"bounds: (351,362),(362,362),(362,375),(351,375)
"HM"bounds: (648,362),(673,362),(673,376),(648,376)
"479."bounds: (682,361),(717,360),(717,374),(682,375)
"3"bounds: (724,361),(733,361),(733,374),(724,374)
"HM"bounds: (994,359),(1022,360),(1021,375),(993,374)
"479.4"bounds: (1030,359),(1087,361),(1086,377),(1029,375)
"Wa"bounds: (158,435),(189,434),(189,449),(158,450)
"1134"bounds: (204,435),(245,434),(245,449),(204,450)
"Wa"bounds: (531,433),(561,433),(561,446),(531,446)
"1135"bounds: (576,432),(616,432),(616,447),(576,447)
"Wa"bounds: (894,433),(924,432),(924,446),(894,447)
"1136"bounds: (939,431),(980,430),(980,446),(939,447)
"HM"bounds: (293,632),(321,632),(321,647),(293,647)
"479.5"bounds: (329,632),(388,632),(388,647),(329,647)
"HM"bounds: (636,631),(664,631),(664,645),(636,645)
"479.6"bounds: (676,629),(733,630),(733,646),(676,645)
"HM"bounds: (1004,634),(1028,634),(1028,649),(1004,649)
"479.7"bounds: (1039,634),(1091,635),(1091,650),(1039,649)
"Wa"bounds: (161,704),(192,704),(192,718),(161,718)
"1137"bounds: (206,702),(247,701),(247,716),(206,717)
"Wa"bounds: (532,704),(563,704),(563,718),(532,718)
"1138"bounds: (578,703),(618,703),(618,717),(578,717)
"Wa"bounds: (890,703),(921,704),(921,718),(890,717)
"1139"bounds: (936,702),(977,703),(977,719),(936,718)
"HM479.8"bounds: (297,900),(386,902),(386,916),(297,914)
"HM"bounds: (646,901),(672,901),(672,915),(646,915)
"513.1"bounds: (681,901),(737,901),(737,914),(681,914)
"HM"bounds: (1007,898),(1030,898),(1030,911),(1007,911)
"514.1"bounds: (1038,897),(1092,898),(1092,914),(1038,913)
"Wa"bounds: (167,978),(197,978),(197,991),(167,991)
"1140"bounds: (212,977),(253,977),(253,991),(212,991)
"Wa"bounds: (532,976),(563,976),(563,990),(532,990)
"1141"bounds: (578,975),(616,975),(616,990),(578,990)
"Wa"bounds: (894,975),(925,974),(925,988),(894,989)
"1142"bounds: (940,974),(980,973),(980,988),(940,989)
"HM"bounds: (274,1180),(303,1180),(303,1194),(274,1194)
"518."bounds: (313,1179),(357,1179),(357,1193),(313,1193)
"1"bounds: (365,1180),(377,1180),(377,1192),(365,1192)
"HM"bounds: (653,1171),(678,1171),(678,1185),(653,1185)
"522.1"bounds: (685,1171),(738,1171),(738,1184),(685,1184)
"HM"bounds: (902,1174),(927,1173),(927,1188),(902,1189)
"578.1"bounds: (936,1173),(989,1172),(989,1184),(936,1186)
"HM"bounds: (1017,1174),(1043,1174),(1043,1188),(1017,1188)
"578.1"bounds: (1050,1174),(1105,1174),(1105,1187),(1050,1187)
"Wa"bounds: (164,1246),(195,1246),(195,1260),(164,1260)
"1143"bounds: (209,1246),(250,1246),(250,1260),(209,1260)
"Wa"bounds: (537,1248),(567,1247),(567,1261),(537,1262)
"1144"bounds: (582,1245),(623,1244),(623,1260),(582,1261)
"Wa"bounds: (898,1247),(929,1247),(929,1262),(898,1262)
"1145"bounds: (944,1247),(984,1246),(984,1260),(944,1261)
"T64.1"bounds: (293,1447),(359,1449),(359,1462),(293,1460)
"T115."bounds: (655,1444),(711,1444),(711,1456),(655,1456)
"4."bounds: (719,1444),(731,1444),(731,1454),(719,1454)
"T430.1"bounds: (1031,1445),(1099,1445),(1099,1459),(1031,1459)
"17"bounds: (1128,1523),(1148,1523),(1148,1540),(1128,1540)