Texts:

"37
70-31-28- 37
нT 117а.7-81
77-06-30- 37
KH Wc 20053
40-57-58-80-37- 37
*HT za 1574
06-80-80-37- 37
*HT Zd 1554
中由40
08-69-53-41- 37
KN Zb 54
28-51- 37
нT 104.2-31
JH N
755- 37
нT 84.21
7-55- 37
ZA 9,13
全业PHO
OH N
16-67-09-55- 37
CR (?) Zf 14
77-55- 37
HT 97a.3'
180
757- 37
PS Za 2.24
03-01-58- 37
нT 104.3-41
03-02-58- 37
*HT 104.3-41
HT 26a.2' 97a.51
59- 37
57-51-60- 37
KN 1b.11
56-77-60- 37
НT 8а.1-21
773- 37
нT 61.11
I.7-76- 37
HT 108.31
716-76- 37
*HT 108.3
779-76- 37
*HT 108.31
77- 37
нТ 63.11
on
78- 37
HT 7a.1'
10-78- 37
PL Zf 14
[:1-4XA
.J-26-80- 37
PH(?) 31b.41
53-26-80- 37
*PH(?) 31b.41
731-80- 37
HT 39,31
01-24-81- 37
HT 117a.8-9'
57-81- 37
KN la.1'
60-164a- 37
нT 17.11 19,11
ET 平AA
PS Za 2.24
59-06-28-301- 37
A 523
HT 94a.2' 100.2'
H
37 +08
A 524
n8
'37' 412VAS
МА 10Ь,25
202
"bounds: (67,94),(1152,94),(1152,1533),(67,1533)
"37"bounds: (1135,94),(1152,94),(1152,107),(1135,107)
"70-31-28-"bounds: (606,162),(679,162),(679,172),(606,172)
"37"bounds: (687,162),(705,162),(705,177),(687,177)
"нT"bounds: (796,155),(838,154),(839,173),(797,174)
"117а.7-81"bounds: (840,153),(902,151),(903,171),(841,173)
"77-06-30-"bounds: (606,195),(678,196),(678,207),(606,206)
"37"bounds: (689,195),(704,195),(704,205),(689,205)
"KH"bounds: (806,194),(822,193),(823,204),(807,205)
"Wc"bounds: (831,194),(846,193),(847,204),(832,205)
"20053"bounds: (857,189),(897,186),(898,203),(858,206)
"40-57-58-80-37-"bounds: (555,228),(679,229),(679,241),(555,240)
"37"bounds: (690,229),(704,229),(704,239),(690,239)
"*HT"bounds: (806,222),(831,221),(832,238),(807,239)
"za"bounds: (840,220),(861,219),(862,239),(841,240)
"1574"bounds: (867,219),(897,218),(898,238),(868,239)
"06-80-80-37-"bounds: (580,262),(679,263),(679,275),(580,274)
"37"bounds: (688,263),(706,263),(706,276),(688,276)
"*HT"bounds: (807,255),(831,255),(831,271),(807,271)
"Zd"bounds: (840,254),(861,254),(861,273),(840,273)
"1554"bounds: (867,253),(897,252),(897,270),(867,271)
"中"bounds: (246,288),(262,288),(262,314),(246,314)
"由"bounds: (264,286),(297,286),(297,321),(264,321)
"40"bounds: (315,290),(355,290),(355,313),(315,313)
"08-69-53-41-"bounds: (580,295),(679,296),(679,308),(580,307)
"37"bounds: (688,296),(707,296),(707,311),(688,311)
"KN"bounds: (808,294),(823,294),(823,305),(808,305)
"Zb"bounds: (833,294),(847,294),(847,305),(833,305)
"54"bounds: (859,287),(872,287),(872,304),(859,304)
"28-51-"bounds: (632,328),(680,330),(679,342),(631,340)
"37"bounds: (690,329),(707,330),(706,344),(689,343)
"нT"bounds: (800,323),(835,322),(836,343),(801,344)
"104.2-31"bounds: (837,321),(897,319),(898,341),(838,343)
"JH"bounds: (303,355),(330,355),(330,379),(303,379)
"N"bounds: (342,355),(354,355),(354,380),(342,380)
"755-"bounds: (640,358),(680,359),(680,378),(640,377)
"37"bounds: (689,362),(707,362),(707,378),(689,378)
"нT"bounds: (802,356),(837,354),(838,374),(803,377)
"84.21"bounds: (839,353),(874,351),(875,372),(841,375)
"7-55-"bounds: (632,392),(680,393),(680,412),(632,411)
"37"bounds: (689,397),(708,397),(708,412),(689,412)
"ZA"bounds: (808,395),(823,394),(824,406),(809,407)
"9,13"bounds: (833,388),(865,386),(866,406),(834,408)
"全"bounds: (237,419),(273,419),(273,456),(237,456)
"业"bounds: (275,419),(292,419),(292,456),(275,456)
"PHO"bounds: (294,419),(355,419),(355,456),(294,456)
"OH"bounds: (292,455),(329,456),(329,478),(292,477)
"N"bounds: (340,456),(354,456),(354,477),(340,477)
"16-67-09-55-"bounds: (582,429),(681,430),(681,441),(582,440)
"37"bounds: (690,430),(708,430),(708,446),(690,446)
"CR"bounds: (805,428),(824,427),(825,446),(806,447)
"(?)"bounds: (827,427),(846,426),(847,445),(828,446)
"Zf"bounds: (859,429),(874,428),(875,439),(860,440)
"14"bounds: (885,423),(900,422),(901,438),(886,439)
"77-55-"bounds: (633,462),(681,464),(681,475),(633,473)
"37"bounds: (691,463),(709,464),(709,478),(691,477)
"HT"bounds: (807,462),(823,461),(824,473),(808,474)
"97a.3'"bounds: (833,457),(880,454),(881,472),(834,475)
"180"bounds: (305,485),(356,487),(355,515),(304,513)
"757-"bounds: (640,494),(681,494),(681,512),(640,512)
"37"bounds: (692,497),(706,497),(706,514),(692,514)
"PS"bounds: (798,492),(835,490),(836,508),(799,510)
"Za"bounds: (834,496),(849,495),(850,505),(835,506)
"2.24"bounds: (860,488),(890,486),(891,505),(861,507)
"03-01-58-"bounds: (607,530),(681,530),(681,543),(607,543)
"37"bounds: (692,531),(706,531),(706,541),(692,541)
"нT"bounds: (808,528),(824,527),(825,540),(809,541)
"104.3-41"bounds: (836,523),(897,520),(898,539),(837,542)
"03-02-58-"bounds: (607,565),(681,564),(681,575),(607,576)
"37"bounds: (692,565),(706,565),(706,575),(692,575)
"*HT"bounds: (809,558),(833,557),(833,573),(809,574)
"104.3-41"bounds: (844,556),(906,554),(907,573),(845,575)
"HT"bounds: (808,596),(825,595),(825,607),(808,608)
"26a.2'"bounds: (835,589),(881,588),(882,608),(836,609)
"97a.51"bounds: (894,589),(940,588),(941,606),(895,607)
"59-"bounds: (659,598),(682,598),(682,608),(659,608)
"37"bounds: (693,598),(707,598),(707,608),(693,608)
"57-51-60-"bounds: (609,630),(682,632),(682,645),(609,643)
"37"bounds: (691,632),(710,633),(710,648),(691,647)
"KN"bounds: (809,631),(825,630),(826,641),(810,642)
"1b.11"bounds: (836,625),(874,622),(875,640),(837,643)
"56-77-60-"bounds: (609,663),(682,665),(682,677),(609,675)
"37"bounds: (692,664),(710,665),(710,680),(692,680)
"НT"bounds: (809,664),(826,663),(827,674),(810,675)
"8а.1-21"bounds: (835,659),(891,655),(892,673),(836,677)
"773-"bounds: (642,695),(683,696),(683,713),(642,712)
"37"bounds: (693,698),(708,698),(708,714),(693,714)
"нT"bounds: (809,697),(825,696),(826,708),(810,709)
"61.11"bounds: (835,692),(874,689),(875,707),(837,710)
"I.7-76-"bounds: (592,726),(683,727),(683,747),(592,746)
"37"bounds: (691,730),(710,730),(710,746),(691,746)
"HT"bounds: (809,729),(826,728),(827,738),(810,740)
"108.31"bounds: (837,724),(883,720),(884,738),(839,742)
"716-76-"bounds: (618,761),(684,764),(683,782),(617,779)
"37"bounds: (692,764),(711,765),(710,781),(691,780)
"*HT"bounds: (811,759),(835,759),(835,774),(811,774)
"108.3"bounds: (846,756),(886,756),(886,778),(846,778)
"779-76-"bounds: (618,795),(683,796),(683,816),(618,815)
"37"bounds: (693,798),(711,798),(711,814),(693,814)
"*HT"bounds: (811,792),(835,792),(835,807),(811,807)
"108.31"bounds: (846,789),(891,789),(891,807),(846,807)
"77-"bounds: (661,832),(684,833),(684,843),(661,842)
"37"bounds: (693,831),(711,832),(710,849),(692,848)
"нТ"bounds: (804,826),(842,824),(843,844),(805,846)
"63.11"bounds: (836,825),(875,823),(876,841),(837,843)
"on"bounds: (313,855),(357,855),(357,880),(313,880)
"78-"bounds: (662,865),(684,866),(683,877),(661,876)
"37"bounds: (693,864),(712,865),(711,882),(692,881)
"HT"bounds: (810,865),(827,864),(828,875),(811,876)
"7a.1'"bounds: (837,860),(875,857),(876,875),(838,878)
"10-78-"bounds: (637,898),(685,900),(684,912),(636,910)
"37"bounds: (694,899),(712,900),(711,915),(693,914)
"PL"bounds: (811,898),(826,897),(827,909),(812,910)
"Zf"bounds: (837,899),(853,898),(854,909),(838,910)
"14"bounds: (863,892),(878,891),(879,907),(864,908)
"[:1-4XA"bounds: (251,921),(358,920),(358,946),(251,947)
".J-26-80-"bounds: (584,930),(684,931),(684,950),(584,949)
"37"bounds: (693,932),(711,932),(711,949),(693,949)
"PH(?)"bounds: (812,932),(849,929),(850,946),(813,949)
"31b.41"bounds: (862,927),(910,923),(911,941),(864,945)
"53-26-80-"bounds: (611,967),(684,968),(684,978),(611,977)
"37"bounds: (694,967),(712,967),(712,982),(694,982)
"*PH(?)"bounds: (812,960),(859,958),(860,979),(813,981)
"31b.41"bounds: (871,959),(918,957),(919,976),(872,978)
"731-80-"bounds: (619,998),(685,998),(685,1016),(619,1016)
"37"bounds: (696,1001),(710,1001),(710,1017),(696,1017)
"HT"bounds: (812,1000),(828,999),(829,1010),(813,1011)
"39,31"bounds: (837,994),(876,992),(877,1009),(838,1011)
"01-24-81-"bounds: (611,1035),(685,1035),(685,1045),(611,1045)
"37"bounds: (696,1035),(710,1035),(710,1045),(696,1045)
"HT"bounds: (812,1034),(828,1033),(829,1044),(813,1045)
"117a.8-9'"bounds: (839,1029),(910,1025),(911,1043),(840,1047)
"57-81-"bounds: (637,1067),(686,1069),(685,1081),(636,1079)
"37"bounds: (695,1068),(713,1069),(712,1084),(694,1083)
"KN"bounds: (813,1067),(828,1066),(829,1078),(814,1079)
"la.1'"bounds: (840,1062),(878,1059),(879,1076),(841,1079)
"60-164a-"bounds: (621,1101),(686,1102),(686,1114),(621,1113)
"37"bounds: (697,1102),(711,1102),(711,1112),(697,1112)
"нT"bounds: (805,1094),(842,1093),(843,1116),(806,1117)
"17.11"bounds: (844,1092),(882,1091),(883,1115),(845,1116)
"19,11"bounds: (891,1093),(927,1092),(928,1113),(892,1114)
"ET"bounds: (254,1122),(290,1122),(290,1146),(254,1146)
"平"bounds: (302,1117),(323,1117),(323,1152),(302,1152)
"AA"bounds: (325,1117),(359,1117),(359,1152),(325,1152)
"PS"bounds: (813,1135),(828,1134),(829,1145),(814,1146)
"Za"bounds: (839,1127),(857,1126),(858,1146),(840,1147)
"2.24"bounds: (863,1127),(896,1125),(897,1142),(864,1145)
"59-06-28-301-"bounds: (579,1136),(686,1136),(686,1146),(579,1146)
"37"bounds: (697,1136),(711,1136),(711,1145),(697,1145)
"A"bounds: (275,1200),(283,1200),(283,1215),(275,1215)
"523"bounds: (282,1202),(304,1202),(304,1214),(282,1214)
"HT"bounds: (813,1201),(830,1201),(830,1213),(813,1213)
"94a.2'"bounds: (840,1194),(886,1193),(886,1212),(840,1213)
"100.2'"bounds: (900,1193),(945,1192),(946,1212),(901,1213)
"H"bounds: (469,1204),(476,1204),(476,1215),(469,1215)
"37"bounds: (694,1204),(712,1203),(713,1217),(695,1218)
"+08"bounds: (721,1204),(745,1203),(745,1214),(722,1215)
"A"bounds: (275,1235),(283,1235),(283,1250),(275,1250)
"524"bounds: (282,1236),(304,1236),(304,1249),(282,1249)
"n8"bounds: (345,1233),(372,1230),(375,1253),(348,1256)
"'37'"bounds: (691,1235),(719,1232),(721,1250),(693,1253)
"412VAS"bounds: (730,1232),(779,1226),(781,1243),(732,1249)
"МА"bounds: (805,1232),(843,1229),(844,1248),(806,1251)
"10Ь,25"bounds: (845,1229),(890,1226),(891,1246),(846,1249)
"202"bounds: (67,1514),(104,1515),(104,1533),(67,1532)