Texts:

"HAGHIA TRIADA - NODULES
Wa 1074
Wa 1075
Wa 1076
HM 454.12
HM 454.13
HM 454.14
Wa 1077
Wa 1078
Wa 1079
+,
HM 454.15
HM 454.16
HM 454.22
Wa 1080
Wa 1081
Wa 1082
HM 454. 23
HM 454.24
HM 454.25
Wa 1083
Wa 1084
Wa 1085
to
HM 454.26
HM 454 .27
HM 454.28
Wa 1086
Wa 1087
Wa 1088
Firenze 2
HM 457.1
HM 457. 2
13
"bounds: (161,80),(1157,80),(1157,1534),(161,1534)
"HAGHIA"bounds: (459,80),(525,80),(525,90),(459,90)
"TRIADA"bounds: (537,80),(600,80),(600,92),(537,92)
"-"bounds: (612,86),(616,86),(616,87),(612,87)
"NODULES"bounds: (629,81),(705,81),(705,92),(629,92)
"Wa"bounds: (162,161),(193,160),(193,174),(162,175)
"1074"bounds: (208,160),(249,159),(249,174),(208,175)
"Wa"bounds: (535,160),(566,160),(566,174),(535,174)
"1075"bounds: (580,160),(620,160),(620,174),(580,174)
"Wa"bounds: (892,158),(923,158),(923,172),(892,172)
"1076"bounds: (937,158),(978,158),(978,172),(937,172)
"HM"bounds: (271,353),(298,354),(298,370),(271,369)
"454.12"bounds: (307,354),(381,356),(381,370),(307,368)
"HM"bounds: (632,356),(658,356),(658,370),(632,370)
"454.13"bounds: (668,354),(738,354),(738,370),(668,370)
"HM"bounds: (988,355),(1013,355),(1013,369),(988,369)
"454.14"bounds: (1025,355),(1103,356),(1103,371),(1025,370)
"Wa"bounds: (161,429),(192,429),(192,443),(161,443)
"1077"bounds: (207,429),(247,429),(247,444),(207,444)
"Wa"bounds: (531,429),(563,429),(563,443),(531,443)
"1078"bounds: (577,428),(618,428),(618,443),(577,443)
"Wa"bounds: (892,428),(923,428),(923,442),(892,442)
"1079"bounds: (938,427),(978,427),(978,442),(938,442)
"+,"bounds: (970,534),(1063,534),(1063,603),(970,603)
"HM"bounds: (265,624),(295,624),(295,638),(265,638)
"454.15"bounds: (312,624),(385,625),(385,640),(312,639)
"HM"bounds: (635,622),(665,623),(665,636),(635,635)
"454.16"bounds: (678,621),(753,622),(753,637),(678,636)
"HM"bounds: (973,624),(999,624),(999,637),(973,637)
"454.22"bounds: (1014,622),(1082,623),(1082,638),(1014,637)
"Wa"bounds: (161,697),(192,697),(192,712),(161,712)
"1080"bounds: (207,698),(247,699),(247,713),(207,712)
"Wa"bounds: (534,698),(565,698),(565,712),(534,712)
"1081"bounds: (580,698),(619,698),(619,712),(580,712)
"Wa"bounds: (897,699),(928,699),(928,713),(897,713)
"1082"bounds: (943,698),(983,698),(983,714),(943,714)
"HM"bounds: (263,899),(289,899),(289,912),(263,912)
"454."bounds: (303,898),(347,898),(347,912),(303,912)
"23"bounds: (357,898),(377,898),(377,911),(357,911)
"HM"bounds: (619,892),(644,892),(644,905),(619,905)
"454.24"bounds: (658,891),(732,890),(732,904),(658,905)
"HM"bounds: (981,894),(1010,895),(1010,908),(981,907)
"454.25"bounds: (1022,893),(1093,894),(1093,908),(1022,907)
"Wa"bounds: (165,968),(196,968),(196,982),(165,982)
"1083"bounds: (210,968),(251,968),(251,984),(210,984)
"Wa"bounds: (537,970),(568,970),(568,984),(537,984)
"1084"bounds: (583,970),(624,970),(624,984),(583,984)
"Wa"bounds: (896,968),(927,968),(927,982),(896,982)
"1085"bounds: (942,969),(982,969),(982,983),(942,983)
"to"bounds: (646,1080),(743,1079),(744,1152),(647,1153)
"HM"bounds: (270,1159),(297,1159),(297,1172),(270,1172)
"454.26"bounds: (308,1157),(377,1157),(377,1172),(308,1172)
"HM"bounds: (619,1162),(644,1161),(644,1174),(619,1175)
"454"bounds: (654,1159),(690,1158),(691,1173),(655,1174)
".27"bounds: (698,1159),(728,1158),(728,1172),(698,1173)
"HM"bounds: (987,1161),(1013,1161),(1013,1175),(987,1175)
"454.28"bounds: (1024,1161),(1097,1161),(1097,1176),(1024,1176)
"Wa"bounds: (167,1239),(198,1239),(198,1253),(167,1253)
"1086"bounds: (213,1239),(253,1239),(253,1253),(213,1253)
"Wa"bounds: (539,1239),(570,1239),(570,1254),(539,1254)
"1087"bounds: (585,1238),(625,1238),(625,1253),(585,1253)
"Wa"bounds: (900,1241),(932,1241),(932,1255),(900,1255)
"1088"bounds: (946,1241),(987,1241),(987,1255),(946,1255)
"Firenze"bounds: (283,1428),(336,1430),(335,1447),(282,1445)
"2"bounds: (347,1432),(360,1433),(359,1445),(346,1444)
"HM"bounds: (661,1431),(685,1431),(685,1445),(661,1445)
"457.1"bounds: (692,1431),(746,1431),(746,1445),(692,1445)
"HM"bounds: (1006,1433),(1034,1433),(1034,1448),(1006,1448)
"457."bounds: (1046,1430),(1081,1430),(1081,1449),(1046,1449)
"2"bounds: (1084,1431),(1097,1431),(1097,1449),(1084,1449)
"13"bounds: (1137,1517),(1157,1517),(1157,1534),(1137,1534)