Texts:

"131.
A L4_7
131b
ARKH 2.23 3a.2 5.33
[4_7
ZA 10b. 23
A 598
Fia
H
131b +40
KH 5.23
131.
A L47
XH 18.3.4 *61.2 85.23
131e
PH 7b.3
278
"bounds: (66,302),(1011,302),(1011,1518),(66,1518)
"131."bounds: (688,303),(747,302),(747,334),(688,335)
"A"bounds: (483,488),(492,488),(492,498),(483,498)
"L4_7"bounds: (503,484),(542,485),(542,504),(503,503)
"131b"bounds: (637,491),(669,491),(669,502),(637,502)
"ARKH"bounds: (820,491),(855,491),(855,502),(820,502)
"2.23"bounds: (865,483),(895,483),(895,502),(865,502)
"3a.2"bounds: (906,483),(946,483),(946,502),(906,502)
"5.33"bounds: (958,484),(988,484),(988,503),(958,503)
"[4_7"bounds: (502,518),(541,518),(541,536),(502,536)
"ZA"bounds: (821,525),(837,524),(837,535),(821,536)
"10b."bounds: (848,524),(876,523),(876,536),(848,537)
"23"bounds: (881,517),(895,516),(896,535),(882,536)
"A"bounds: (240,579),(250,579),(250,595),(240,595)
"598"bounds: (250,583),(271,584),(271,596),(250,595)
"Fia"bounds: (308,577),(338,577),(338,598),(308,598)
"H"bounds: (483,589),(491,589),(491,599),(483,599)
"131b"bounds: (636,590),(668,589),(668,601),(636,602)
"+40"bounds: (678,592),(702,592),(702,602),(678,602)
"KH"bounds: (820,592),(836,591),(837,603),(821,604)
"5.23"bounds: (846,587),(878,584),(879,601),(847,604)
"131."bounds: (688,735),(746,737),(745,766),(687,764)
"A"bounds: (478,838),(486,838),(486,849),(478,849)
"L47"bounds: (498,835),(537,836),(537,856),(498,855)
"XH"bounds: (819,842),(836,842),(836,853),(819,853)
"18.3.4"bounds: (845,836),(901,836),(901,863),(845,863)
"*61.2"bounds: (912,836),(960,836),(960,863),(912,863)
"85.23"bounds: (971,837),(1011,837),(1011,855),(971,855)
"131e"bounds: (634,842),(666,842),(666,853),(634,853)
"PH"bounds: (818,877),(834,876),(835,888),(819,889)
"7b.3"bounds: (845,873),(881,871),(882,886),(846,889)
"278"bounds: (66,1500),(103,1500),(103,1518),(66,1518)