Texts:

"TABLE DES MATIÈRES
AVANT-PROPOS.
XI-XIV
INTRODUCTION GÉNÉRALE..
XV-XXI
TABLEAU DES SIGNES STANDARDISÉS DU LINÉAIRE A...
XXII-XXVII
TABLEAU DES VARIANTES DES SIGNES DU LINÉAIRE A..
XX VIII-LII
ADDENDA, CORRIGENDA, CONCORDANCES,
INDEX ET PLANCHES DES SIGNES
I. ADDENDA ET RACCORDS.
1-68
II. CORRIGENDA..
69-80
III. CONCORDANCES
1. CONCORDANCE GÉNÉRALE.....
82-113
2. CONCORDANCE ARITHMO-SÉMIOGRAPHIQUE A..
114-123
3. CONCORDANCE ARITHMO-SÉMIOGRAPHIQUE B.
4. CONCORDANCE TYPOLOGIQUE...
124-125
126-127
5. CONCORDANCE GÉOGRAPHIQUE.
128-129
6. CONCORDANCE MUSÉOGRAPHIQUE.
130-133
IV. INDEX DES SIGNES.....
135-326
V. PLANCHES DES
327-328
SIGNES.
[ET MICROFICHES (1) - (3)]
VI. TABLE DES MATIÈRES GÉNÉRALE.
329-332
"bounds: (170,400),(971,400),(971,1188),(170,1188)
"TABLE"bounds: (418,406),(499,405),(499,422),(418,423)
"DES"bounds: (520,406),(566,405),(566,422),(520,423)
"MATIÈRES"bounds: (586,402),(715,400),(715,421),(586,423)
"AVANT-PROPOS."bounds: (182,495),(337,497),(337,517),(182,515)
"XI-XIV"bounds: (900,501),(966,501),(966,510),(900,510)
"INTRODUCTION"bounds: (171,535),(322,535),(322,552),(171,552)
"GÉNÉRALE.."bounds: (338,536),(464,536),(464,551),(338,551)
"XV-XXI"bounds: (892,538),(964,536),(964,547),(892,549)
"TABLEAU"bounds: (170,573),(264,573),(264,589),(170,589)
"DES"bounds: (278,579),(314,579),(314,588),(278,588)
"SIGNES"bounds: (328,578),(396,578),(396,588),(328,588)
"STANDARDISÉS"bounds: (411,572),(559,572),(559,588),(411,588)
"DU"bounds: (573,577),(599,577),(599,587),(573,587)
"LINÉAIRE"bounds: (613,572),(707,572),(707,587),(613,587)
"A..."bounds: (722,569),(765,569),(765,591),(722,591)
"XXII-XXVII"bounds: (853,576),(964,576),(964,586),(853,586)
"TABLEAU"bounds: (171,610),(265,610),(265,626),(171,626)
"DES"bounds: (278,616),(313,616),(313,626),(278,626)
"VARIANTES"bounds: (325,616),(436,616),(436,626),(325,626)
"DES"bounds: (449,615),(484,615),(484,625),(449,625)
"SIGNES"bounds: (496,615),(564,615),(564,625),(496,625)
"DU"bounds: (577,615),(602,615),(602,625),(577,625)
"LINÉAIRE"bounds: (615,610),(709,610),(709,625),(615,625)
"A.."bounds: (724,610),(753,610),(753,628),(724,628)
"XX"bounds: (868,610),(904,610),(904,624),(868,624)
"VIII-LII"bounds: (906,610),(971,610),(971,624),(906,624)
"ADDENDA,"bounds: (348,688),(455,688),(455,707),(348,707)
"CORRIGENDA,"bounds: (472,688),(610,688),(610,707),(472,707)
"CONCORDANCES,"bounds: (622,692),(785,692),(785,706),(622,706)
"INDEX"bounds: (390,724),(454,724),(454,734),(390,734)
"ET"bounds: (469,720),(498,720),(498,734),(469,734)
"PLANCHES"bounds: (507,723),(608,722),(608,733),(507,734)
"DES"bounds: (625,719),(677,719),(677,733),(625,733)
"SIGNES"bounds: (676,723),(743,723),(743,732),(676,732)
"I."bounds: (198,768),(229,768),(229,784),(198,784)
"ADDENDA"bounds: (233,768),(325,769),(325,786),(233,785)
"ET"bounds: (338,774),(361,774),(361,784),(338,784)
"RACCORDS."bounds: (377,773),(485,775),(485,786),(377,784)
"1-68"bounds: (926,766),(968,766),(968,783),(926,783)
"II."bounds: (176,803),(215,803),(215,826),(176,826)
"CORRIGENDA.."bounds: (221,806),(370,806),(370,822),(221,822)
"69-80"bounds: (913,804),(968,804),(968,820),(913,820)
"III."bounds: (173,844),(206,844),(206,860),(173,860)
"CONCORDANCES"bounds: (222,843),(382,844),(382,861),(222,860)
"1."bounds: (212,871),(259,871),(259,892),(212,892)
"CONCORDANCE"bounds: (254,874),(402,875),(402,892),(254,891)
"GÉNÉRALE....."bounds: (418,875),(575,876),(575,892),(418,891)
"82-113"bounds: (899,872),(967,872),(967,889),(899,889)
"2."bounds: (223,905),(238,905),(238,921),(223,921)
"CONCORDANCE"bounds: (254,904),(403,905),(403,923),(254,922)
"ARITHMO-SÉMIOGRAPHIQUE"bounds: (419,904),(695,905),(695,923),(419,922)
"A.."bounds: (712,905),(746,905),(746,920),(712,920)
"114-123"bounds: (889,903),(967,903),(967,920),(889,920)
"3."bounds: (222,935),(237,935),(237,952),(222,952)
"CONCORDANCE"bounds: (254,935),(402,936),(402,953),(254,952)
"ARITHMO-SÉMIOGRAPHIQUE"bounds: (418,935),(696,936),(696,954),(418,953)
"B."bounds: (711,936),(732,936),(732,950),(711,950)
"4."bounds: (211,964),(264,965),(264,983),(211,982)
"CONCORDANCE"bounds: (269,964),(406,966),(406,985),(269,983)
"TYPOLOGIQUE..."bounds: (418,970),(588,973),(588,986),(418,983)
"124-125"bounds: (889,934),(968,934),(968,950),(889,950)
"126-127"bounds: (889,965),(967,965),(967,981),(889,981)
"5."bounds: (209,993),(254,993),(254,1015),(209,1015)
"CONCORDANCE"bounds: (253,996),(402,998),(402,1015),(253,1013)
"GÉOGRAPHIQUE."bounds: (418,997),(580,999),(580,1017),(418,1015)
"128-129"bounds: (889,994),(968,995),(968,1013),(889,1012)
"6."bounds: (222,1027),(237,1027),(237,1043),(222,1043)
"CONCORDANCE"bounds: (254,1026),(402,1028),(402,1046),(254,1044)
"MUSÉOGRAPHIQUE."bounds: (418,1028),(609,1030),(609,1047),(418,1045)
"130-133"bounds: (889,1026),(968,1026),(968,1043),(889,1043)
"IV."bounds: (177,1062),(225,1063),(225,1082),(177,1081)
"INDEX"bounds: (223,1065),(288,1066),(288,1082),(223,1081)
"DES"bounds: (304,1070),(339,1071),(339,1082),(304,1081)
"SIGNES....."bounds: (354,1065),(475,1067),(475,1086),(354,1084)
"135-326"bounds: (889,1063),(969,1063),(969,1081),(889,1081)
"V."bounds: (185,1099),(227,1100),(227,1121),(185,1120)
"PLANCHES"bounds: (224,1102),(329,1104),(329,1121),(224,1119)
"DES"bounds: (345,1108),(381,1109),(381,1120),(345,1119)
"327-328"bounds: (889,1101),(969,1101),(969,1119),(889,1119)
"SIGNES."bounds: (399,1109),(475,1108),(475,1119),(399,1120)
"[ET"bounds: (681,1133),(724,1133),(724,1155),(681,1155)
"MICROFICHES"bounds: (730,1139),(864,1139),(864,1149),(730,1149)
"(1)"bounds: (879,1133),(903,1133),(903,1155),(879,1155)
"-"bounds: (918,1133),(927,1133),(927,1155),(918,1155)
"(3)]"bounds: (937,1133),(968,1133),(968,1155),(937,1155)
"VI."bounds: (179,1169),(213,1169),(213,1188),(179,1188)
"TABLE"bounds: (223,1172),(288,1172),(288,1188),(223,1188)
"DES"bounds: (305,1178),(340,1178),(340,1188),(305,1188)
"MATIÈRES"bounds: (357,1173),(455,1173),(455,1187),(357,1187)
"GÉNÉRALE."bounds: (468,1172),(582,1172),(582,1187),(468,1187)
"329-332"bounds: (889,1170),(970,1170),(970,1187),(889,1187)