Texts:

"XL
INSCRIPTIONS EN LINÉAIRE A
Туре
Levi
No
GORILA
d'inventaire
1926
НМ Т 129.1
НМ Ad
HT Wb 2001
129
HT Wb 2002
Raison-Pope
1971, 1977
No
Brice
GORILA
Type(s) Levi 1926
d'inventaire
1961
Cr IV 15
НМ 79
НМ 80
НМ 77
НМ 64
НМ 75
НМ 6
НМ 76
НМ 63
НМ 67
НМ 72
НМ 74
W 201
W 202
W 203
W 204
W 205
W 206
W 207
W 208
W 209
W 210
W 211
W 212
W 213
W 214
W 215
W 216
W 217
W 218
W 219
W 222
31, 31, 31
31, 31
31, 31, 31
31, 31, 31, 31, 31
31, 31
31, 31
31, 31, 31, 31
31, 31, 31
31, 31, 31, 31
31, 31, 31, 31
31, 31
HT Wc 3001
HT Wc 3002
HT Wc 3003
HT Wc 3004
HT Wc 3005
HT Wc 3006
Cr IV 16
Cr IV 18
Cr IV 2
Cr IV 3
Cr IV 8
HT Wc 3007
Cr IV 14
HT Wc 3008
Cr IV 1
HT Wc 3009
Cr IV 10
HT Wc 3010
HT Wc 3011
Cr IV 13
Cr IV 12
HT Wc 3012
HM 70
Cr IV 11
31, 31
НМ 71
НМ 65
НМ 78
Нм 68
НМ 69
HT Wc 3013
Cr IV 17
40
Cr IV 5
Cr IV 6
Cr IV 9
Cr IV 4
Cr IV 19
Cr IV 7
Cr V 2
81, 81, 81
?, ?, ?
112, 112
112, 112, 112, 112, 112
132, 132, 132
132, 132, 132
15
HT Wc 3014
HT Wc 3015
HT Wc 3016
HT We 3017
HT Wc <3018>'
HM?<?>
НМ 73
НМ 1348
НМ Bk
HT Wc 3019
HT Wc 3020
HT Wc 3021
?
* Levi 1926, p. 82, no 19 et fig. 22.
"bounds: (267,188),(1060,188),(1060,1341),(267,1341)
"XL"bounds: (267,193),(288,193),(288,202),(267,202)
"INSCRIPTIONS"bounds: (532,193),(648,192),(648,202),(532,203)
"EN"bounds: (661,193),(682,193),(682,202),(661,202)
"LINÉAIRE"bounds: (696,189),(776,188),(776,202),(696,203)
"A"bounds: (789,194),(798,194),(798,202),(789,202)
"Туре"bounds: (807,262),(844,261),(844,276),(807,277)
"Levi"bounds: (810,283),(842,281),(843,293),(811,295)
"No"bounds: (698,272),(716,272),(716,282),(698,282)
"GORILA"bounds: (519,284),(574,285),(574,296),(519,295)
"d'inventaire"bounds: (661,292),(751,292),(751,303),(661,303)
"1926"bounds: (811,303),(843,303),(843,314),(811,314)
"НМ"bounds: (655,364),(706,364),(706,377),(655,377)
"Т"bounds: (709,362),(716,362),(716,379),(709,379)
"129.1"bounds: (716,363),(758,363),(758,376),(716,376)
"НМ"bounds: (653,385),(709,385),(709,404),(653,404)
"Ad"bounds: (711,385),(719,385),(719,404),(711,404)
"HT"bounds: (491,364),(518,364),(518,378),(491,378)
"Wb"bounds: (526,363),(556,363),(556,378),(526,378)
"2001"bounds: (564,363),(604,363),(604,378),(564,378)
"129"bounds: (813,363),(840,363),(840,376),(813,376)
"HT"bounds: (491,388),(518,388),(518,402),(491,402)
"Wb"bounds: (526,388),(556,388),(556,402),(526,402)
"2002"bounds: (565,388),(605,388),(605,402),(565,402)
"Raison-Pope"bounds: (732,716),(826,717),(826,731),(732,730)
"1971,"bounds: (738,737),(774,736),(774,750),(738,751)
"1977"bounds: (787,737),(818,736),(818,747),(787,748)
"No"bounds: (541,718),(560,718),(560,728),(541,728)
"Brice"bounds: (646,717),(683,718),(683,729),(646,728)
"GORILA"bounds: (358,727),(412,727),(412,738),(358,738)
"Type(s)"bounds: (880,724),(934,723),(934,739),(880,740)
"Levi"bounds: (947,724),(978,723),(978,735),(947,736)
"1926"bounds: (991,724),(1022,723),(1022,735),(991,736)
"d'inventaire"bounds: (506,737),(597,736),(597,748),(506,749)
"1961"bounds: (649,738),(678,738),(678,748),(649,748)
"Cr"bounds: (629,787),(652,787),(652,805),(629,805)
"IV"bounds: (659,790),(677,790),(677,804),(659,804)
"15"bounds: (690,791),(705,791),(705,804),(690,804)
"НМ"bounds: (517,789),(560,789),(560,807),(517,807)
"79"bounds: (562,789),(572,789),(572,807),(562,807)
"НМ"bounds: (517,814),(559,814),(559,831),(517,831)
"80"bounds: (561,813),(574,813),(574,831),(561,831)
"НМ"bounds: (517,838),(560,838),(560,856),(517,856)
"77"bounds: (562,838),(572,838),(572,856),(562,856)
"НМ"bounds: (517,862),(560,862),(560,880),(517,880)
"64"bounds: (562,862),(576,862),(576,880),(562,880)
"НМ"bounds: (517,885),(560,885),(560,903),(517,903)
"75"bounds: (562,885),(572,885),(572,903),(562,903)
"НМ"bounds: (514,910),(562,908),(563,927),(515,929)
"6"bounds: (564,909),(575,909),(576,927),(565,927)
"НМ"bounds: (518,934),(562,932),(563,951),(519,953)
"76"bounds: (564,932),(575,932),(576,951),(565,951)
"НМ"bounds: (518,959),(561,959),(561,977),(518,977)
"63"bounds: (563,959),(577,959),(577,977),(563,977)
"НМ"bounds: (515,983),(563,983),(563,1001),(515,1001)
"67"bounds: (565,983),(576,983),(576,1001),(565,1001)
"НМ"bounds: (518,1007),(564,1007),(564,1026),(518,1026)
"72"bounds: (566,1007),(577,1007),(577,1026),(566,1026)
"НМ"bounds: (519,1031),(561,1032),(561,1049),(519,1048)
"74"bounds: (563,1032),(576,1032),(576,1049),(563,1049)
"W"bounds: (776,787),(786,787),(786,805),(776,805)
"201"bounds: (788,787),(808,787),(808,805),(788,805)
"W"bounds: (778,812),(787,812),(787,830),(778,830)
"202"bounds: (789,812),(806,812),(806,830),(789,830)
"W"bounds: (775,836),(785,836),(784,854),(774,854)
"203"bounds: (787,836),(807,837),(806,856),(786,855)
"W"bounds: (779,860),(788,860),(788,878),(779,878)
"204"bounds: (790,860),(807,860),(807,878),(790,878)
"W"bounds: (779,884),(788,884),(787,902),(778,902)
"205"bounds: (790,884),(807,885),(806,904),(789,903)
"W"bounds: (775,909),(785,909),(785,927),(775,927)
"206"bounds: (787,909),(807,909),(807,927),(787,927)
"W"bounds: (777,932),(786,932),(786,950),(777,950)
"207"bounds: (788,933),(808,933),(808,951),(788,951)
"W"bounds: (777,956),(786,956),(786,974),(777,974)
"208"bounds: (788,957),(808,957),(808,975),(788,975)
"W"bounds: (777,982),(787,982),(786,1000),(776,1000)
"209"bounds: (789,982),(809,983),(808,1002),(788,1001)
"W"bounds: (780,1007),(789,1007),(788,1025),(779,1025)
"210"bounds: (791,1007),(808,1008),(807,1027),(790,1026)
"W"bounds: (779,1031),(789,1031),(789,1049),(779,1049)
"211"bounds: (791,1031),(811,1031),(811,1050),(791,1050)
"W"bounds: (781,1055),(790,1055),(790,1073),(781,1073)
"212"bounds: (792,1055),(809,1055),(809,1073),(792,1073)
"W"bounds: (781,1078),(790,1078),(790,1096),(781,1096)
"213"bounds: (792,1079),(809,1079),(809,1097),(792,1097)
"W"bounds: (781,1103),(790,1103),(790,1121),(781,1121)
"214"bounds: (792,1103),(809,1103),(809,1121),(792,1121)
"W"bounds: (781,1127),(790,1127),(790,1145),(781,1145)
"215"bounds: (792,1127),(809,1127),(809,1145),(792,1145)
"W"bounds: (779,1151),(790,1151),(789,1170),(778,1170)
"216"bounds: (792,1151),(814,1152),(813,1172),(791,1171)
"W"bounds: (782,1175),(791,1175),(791,1193),(782,1193)
"217"bounds: (793,1175),(810,1175),(810,1193),(793,1193)
"W"bounds: (781,1199),(791,1199),(791,1217),(781,1217)
"218"bounds: (793,1199),(813,1199),(813,1218),(793,1218)
"W"bounds: (781,1223),(791,1223),(791,1241),(781,1241)
"219"bounds: (793,1223),(813,1223),(813,1242),(793,1242)
"W"bounds: (780,1248),(789,1248),(789,1263),(780,1263)
"222"bounds: (792,1248),(813,1248),(813,1264),(792,1264)
"31,"bounds: (850,789),(874,789),(874,806),(850,806)
"31,"bounds: (883,788),(907,788),(907,806),(883,806)
"31"bounds: (917,789),(933,789),(933,802),(917,802)
"31,"bounds: (850,813),(874,813),(874,831),(850,831)
"31"bounds: (884,814),(899,814),(899,827),(884,827)
"31,"bounds: (850,838),(874,838),(874,855),(850,855)
"31,"bounds: (884,838),(908,838),(908,855),(884,855)
"31"bounds: (917,837),(934,837),(934,852),(917,852)
"31,"bounds: (851,862),(875,862),(875,878),(851,878)
"31,"bounds: (884,862),(908,862),(908,879),(884,879)
"31,"bounds: (918,862),(941,862),(941,879),(918,879)
"31,"bounds: (951,861),(975,861),(975,878),(951,878)
"31"bounds: (984,862),(1001,862),(1001,875),(984,875)
"31,"bounds: (851,886),(875,886),(875,903),(851,903)
"31"bounds: (884,886),(901,886),(901,900),(884,900)
"31,"bounds: (851,911),(875,911),(875,927),(851,927)
"31"bounds: (885,911),(901,911),(901,924),(885,924)
"31,"bounds: (851,935),(876,935),(876,952),(851,952)
"31,"bounds: (885,934),(909,934),(909,951),(885,951)
"31,"bounds: (918,934),(942,934),(942,951),(918,951)
"31"bounds: (952,934),(967,934),(967,948),(952,948)
"31,"bounds: (852,959),(876,959),(876,976),(852,976)
"31,"bounds: (885,959),(909,959),(909,975),(885,975)
"31"bounds: (919,958),(935,958),(935,972),(919,972)
"31,"bounds: (852,984),(876,984),(876,997),(852,997)
"31,"bounds: (885,983),(909,983),(909,998),(885,998)
"31,"bounds: (919,983),(943,983),(943,999),(919,999)
"31"bounds: (952,983),(968,983),(968,997),(952,997)
"31,"bounds: (852,1008),(876,1008),(876,1025),(852,1025)
"31,"bounds: (886,1007),(910,1007),(910,1023),(886,1023)
"31,"bounds: (919,1007),(943,1007),(943,1024),(919,1024)
"31"bounds: (953,1007),(968,1007),(968,1021),(953,1021)
"31,"bounds: (852,1031),(876,1030),(876,1046),(852,1047)
"31"bounds: (886,1032),(902,1032),(902,1046),(886,1046)
"HT"bounds: (313,792),(340,792),(340,806),(313,806)
"Wc"bounds: (348,791),(377,791),(377,806),(348,806)
"3001"bounds: (385,791),(425,791),(425,806),(385,806)
"HT"bounds: (313,816),(340,816),(340,830),(313,830)
"Wc"bounds: (349,816),(377,816),(377,830),(349,830)
"3002"bounds: (386,816),(426,816),(426,830),(386,830)
"HT"bounds: (313,840),(341,840),(341,854),(313,854)
"Wc"bounds: (349,840),(378,840),(378,855),(349,855)
"3003"bounds: (386,839),(426,839),(426,854),(386,854)
"HT"bounds: (314,865),(341,865),(341,879),(314,879)
"Wc"bounds: (349,864),(378,864),(378,879),(349,879)
"3004"bounds: (387,864),(427,864),(427,879),(387,879)
"HT"bounds: (314,889),(341,889),(341,903),(314,903)
"Wc"bounds: (350,889),(378,889),(378,903),(350,903)
"3005"bounds: (387,888),(427,888),(427,903),(387,903)
"HT"bounds: (314,913),(342,913),(342,927),(314,927)
"Wc"bounds: (350,913),(379,913),(379,928),(350,928)
"3006"bounds: (387,912),(427,912),(427,927),(387,927)
"Cr"bounds: (628,815),(647,815),(647,828),(628,828)
"IV"bounds: (658,815),(678,815),(678,828),(658,828)
"16"bounds: (689,815),(705,815),(705,828),(689,828)
"Cr"bounds: (628,837),(655,836),(655,854),(628,855)
"IV"bounds: (657,839),(678,839),(678,852),(657,852)
"18"bounds: (689,839),(705,839),(705,853),(689,853)
"Cr"bounds: (629,863),(648,863),(648,877),(629,877)
"IV"bounds: (658,863),(678,863),(678,877),(658,877)
"2"bounds: (687,863),(696,863),(696,878),(687,878)
"Cr"bounds: (630,886),(654,886),(654,904),(630,904)
"IV"bounds: (658,888),(678,888),(678,901),(658,901)
"3"bounds: (687,888),(695,888),(695,901),(687,901)
"Cr"bounds: (628,909),(652,909),(652,928),(628,928)
"IV"bounds: (658,912),(679,912),(679,925),(658,925)
"8"bounds: (688,912),(696,912),(696,925),(688,925)
"HT"bounds: (315,938),(342,938),(342,952),(315,952)
"Wc"bounds: (350,937),(379,937),(379,952),(350,952)
"3007"bounds: (387,937),(427,937),(427,952),(387,952)
"Cr"bounds: (630,936),(648,936),(648,950),(630,950)
"IV"bounds: (659,936),(678,936),(678,949),(659,949)
"14"bounds: (691,937),(707,937),(707,950),(691,950)
"HT"bounds: (315,962),(342,962),(342,976),(315,976)
"Wc"bounds: (351,962),(379,962),(379,976),(351,976)
"3008"bounds: (388,961),(428,961),(428,976),(388,976)
"Cr"bounds: (630,958),(654,958),(654,976),(630,976)
"IV"bounds: (659,961),(679,961),(679,974),(659,974)
"1"bounds: (691,960),(693,960),(693,973),(691,973)
"HT"bounds: (315,986),(343,986),(343,1000),(315,1000)
"Wc"bounds: (351,986),(380,986),(380,1000),(351,1000)
"3009"bounds: (388,986),(428,986),(428,1000),(388,1000)
"Cr"bounds: (630,985),(649,985),(649,998),(630,998)
"IV"bounds: (659,985),(679,985),(679,998),(659,998)
"10"bounds: (691,985),(707,985),(707,998),(691,998)
"HT"bounds: (316,1010),(343,1010),(343,1024),(316,1024)
"Wc"bounds: (351,1010),(380,1010),(380,1025),(351,1025)
"3010"bounds: (388,1009),(428,1009),(428,1025),(388,1025)
"HT"bounds: (316,1035),(343,1035),(343,1049),(316,1049)
"Wc"bounds: (352,1034),(380,1034),(380,1049),(352,1049)
"3011"bounds: (389,1034),(428,1034),(428,1048),(389,1048)
"Cr"bounds: (631,1009),(649,1009),(649,1023),(631,1023)
"IV"bounds: (659,1009),(680,1009),(680,1022),(659,1022)
"13"bounds: (691,1009),(708,1009),(708,1022),(691,1022)
"Cr"bounds: (631,1033),(649,1033),(649,1047),(631,1047)
"IV"bounds: (660,1033),(680,1033),(680,1047),(660,1047)
"12"bounds: (691,1034),(708,1034),(708,1047),(691,1047)
"HT"bounds: (316,1059),(344,1059),(344,1072),(316,1072)
"Wc"bounds: (352,1058),(380,1058),(380,1072),(352,1072)
"3012"bounds: (389,1058),(429,1058),(429,1072),(389,1072)
"HM"bounds: (516,1058),(546,1058),(546,1071),(516,1071)
"70"bounds: (557,1058),(575,1058),(575,1071),(557,1071)
"Cr"bounds: (632,1055),(655,1055),(655,1073),(632,1073)
"IV"bounds: (661,1057),(680,1057),(680,1071),(661,1071)
"11"bounds: (692,1058),(706,1058),(706,1071),(692,1071)
"31,"bounds: (853,1056),(877,1055),(878,1072),(854,1073)
"31"bounds: (886,1056),(903,1055),(903,1068),(886,1069)
"НМ"bounds: (520,1079),(564,1079),(564,1097),(520,1097)
"71"bounds: (566,1079),(577,1079),(577,1097),(566,1097)
"НМ"bounds: (521,1105),(561,1104),(562,1122),(522,1123)
"65"bounds: (563,1103),(573,1103),(574,1121),(564,1121)
"НМ"bounds: (519,1127),(565,1127),(565,1146),(519,1146)
"78"bounds: (567,1127),(578,1127),(578,1146),(567,1146)
"Нм"bounds: (518,1152),(564,1152),(564,1171),(518,1171)
"68"bounds: (566,1152),(577,1152),(577,1171),(566,1171)
"НМ"bounds: (521,1177),(565,1177),(565,1195),(521,1195)
"69"bounds: (567,1177),(581,1177),(581,1195),(567,1195)
"HT"bounds: (317,1083),(344,1083),(344,1097),(317,1097)
"Wc"bounds: (352,1082),(381,1082),(381,1097),(352,1097)
"3013"bounds: (390,1082),(429,1082),(429,1096),(390,1096)
"Cr"bounds: (631,1081),(650,1081),(650,1095),(631,1095)
"IV"bounds: (661,1082),(680,1082),(680,1095),(661,1095)
"17"bounds: (692,1081),(708,1081),(708,1094),(692,1094)
"40"bounds: (854,1080),(872,1080),(872,1093),(854,1093)
"Cr"bounds: (633,1103),(656,1103),(656,1120),(633,1120)
"IV"bounds: (661,1106),(681,1106),(681,1119),(661,1119)
"5"bounds: (690,1105),(698,1105),(698,1118),(690,1118)
"Cr"bounds: (633,1128),(656,1128),(656,1145),(633,1145)
"IV"bounds: (661,1130),(681,1130),(681,1143),(661,1143)
"6"bounds: (691,1130),(699,1130),(699,1143),(691,1143)
"Cr"bounds: (633,1152),(656,1152),(656,1169),(633,1169)
"IV"bounds: (662,1154),(682,1154),(682,1168),(662,1168)
"9"bounds: (691,1153),(699,1153),(699,1167),(691,1167)
"Cr"bounds: (634,1176),(657,1176),(657,1194),(634,1194)
"IV"bounds: (662,1178),(681,1178),(681,1191),(662,1191)
"4"bounds: (691,1178),(699,1178),(699,1191),(691,1191)
"Cr"bounds: (634,1201),(657,1201),(657,1218),(634,1218)
"IV"bounds: (662,1203),(682,1203),(682,1216),(662,1216)
"19"bounds: (694,1202),(710,1202),(710,1216),(694,1216)
"Cr"bounds: (633,1224),(657,1224),(657,1243),(633,1243)
"IV"bounds: (662,1227),(683,1227),(683,1240),(662,1240)
"7"bounds: (692,1227),(700,1227),(700,1240),(692,1240)
"Cr"bounds: (635,1248),(659,1248),(659,1266),(635,1266)
"V"bounds: (661,1251),(673,1251),(673,1264),(661,1264)
"2"bounds: (683,1251),(691,1251),(691,1264),(683,1264)
"81,"bounds: (853,1104),(878,1103),(878,1121),(853,1122)
"81,"bounds: (887,1104),(911,1103),(911,1120),(887,1121)
"81"bounds: (920,1104),(937,1104),(937,1118),(920,1118)
"?,"bounds: (858,1129),(870,1129),(870,1145),(858,1145)
"?,"bounds: (883,1128),(895,1128),(895,1144),(883,1144)
"?"bounds: (908,1128),(915,1128),(915,1142),(908,1142)
"112,"bounds: (856,1153),(889,1152),(889,1168),(856,1169)
"112"bounds: (900,1152),(928,1152),(928,1166),(900,1166)
"112,"bounds: (857,1177),(889,1177),(889,1194),(857,1194)
"112,"bounds: (900,1177),(933,1177),(933,1194),(900,1194)
"112,"bounds: (944,1176),(977,1176),(977,1193),(944,1193)
"112,"bounds: (988,1176),(1021,1176),(1021,1193),(988,1193)
"112"bounds: (1032,1176),(1060,1176),(1060,1190),(1032,1190)
"132,"bounds: (857,1201),(889,1201),(889,1218),(857,1218)
"132,"bounds: (901,1200),(933,1200),(933,1217),(901,1217)
"132"bounds: (944,1200),(972,1200),(972,1214),(944,1214)
"132,"bounds: (857,1225),(889,1224),(889,1242),(857,1243)
"132,"bounds: (901,1225),(933,1224),(933,1240),(901,1241)
"132"bounds: (945,1225),(972,1225),(972,1238),(945,1238)
"15"bounds: (857,1249),(874,1249),(874,1263),(857,1263)
"HT"bounds: (317,1107),(345,1107),(345,1121),(317,1121)
"Wc"bounds: (353,1107),(381,1107),(381,1121),(353,1121)
"3014"bounds: (390,1106),(430,1106),(430,1121),(390,1121)
"HT"bounds: (317,1131),(345,1131),(345,1145),(317,1145)
"Wc"bounds: (353,1131),(382,1131),(382,1145),(353,1145)
"3015"bounds: (390,1130),(430,1130),(430,1145),(390,1145)
"HT"bounds: (318,1156),(345,1156),(345,1170),(318,1170)
"Wc"bounds: (354,1154),(382,1154),(382,1170),(354,1170)
"3016"bounds: (390,1155),(430,1155),(430,1169),(390,1169)
"HT"bounds: (318,1179),(345,1179),(345,1194),(318,1194)
"We"bounds: (354,1179),(382,1179),(382,1194),(354,1194)
"3017"bounds: (391,1179),(431,1179),(431,1194),(391,1194)
"HT"bounds: (318,1203),(346,1203),(346,1218),(318,1218)
"Wc"bounds: (354,1204),(382,1204),(382,1218),(354,1218)
"<3018>'"bounds: (393,1203),(478,1202),(478,1216),(393,1217)
"HM?<?>"bounds: (518,1203),(607,1203),(607,1217),(518,1217)
"НМ"bounds: (522,1225),(566,1225),(566,1243),(522,1243)
"73"bounds: (568,1225),(579,1225),(579,1243),(568,1243)
"НМ"bounds: (521,1249),(565,1248),(565,1266),(521,1267)
"1348"bounds: (567,1249),(595,1249),(595,1266),(567,1266)
"НМ"bounds: (517,1273),(571,1272),(571,1291),(517,1292)
"Bk"bounds: (573,1273),(584,1273),(584,1291),(573,1291)
"HT"bounds: (319,1228),(346,1228),(346,1242),(319,1242)
"Wc"bounds: (354,1228),(383,1228),(383,1242),(354,1242)
"3019"bounds: (392,1228),(431,1228),(431,1242),(392,1242)
"HT"bounds: (319,1252),(346,1252),(346,1267),(319,1267)
"Wc"bounds: (355,1252),(383,1252),(383,1268),(355,1268)
"3020"bounds: (392,1252),(431,1252),(431,1267),(392,1267)
"HT"bounds: (319,1276),(346,1276),(346,1291),(319,1291)
"Wc"bounds: (355,1277),(383,1277),(383,1291),(355,1291)
"3021"bounds: (392,1276),(431,1276),(431,1291),(392,1291)
"?"bounds: (858,1274),(865,1274),(865,1288),(858,1288)
"*"bounds: (347,1325),(357,1325),(357,1341),(347,1341)
"Levi"bounds: (359,1325),(383,1325),(383,1341),(359,1341)
"1926,"bounds: (390,1327),(426,1327),(426,1341),(390,1341)
"p."bounds: (435,1331),(446,1331),(446,1341),(435,1341)
"82,"bounds: (456,1327),(476,1327),(476,1340),(456,1340)
"no"bounds: (485,1329),(501,1329),(501,1337),(485,1337)
"19"bounds: (510,1327),(524,1327),(524,1337),(510,1337)
"et"bounds: (533,1327),(545,1327),(545,1337),(533,1337)
"fig."bounds: (554,1327),(575,1327),(575,1340),(554,1340)
"22."bounds: (583,1326),(604,1326),(604,1337),(583,1337)