Texts:

"КН 17
-[3,30] x [4,50]x 0,90 cm.
КН 18
..........
-[6,90]x [5,30] x 1,00 cm.
48
"bounds: (69,63),(1041,63),(1041,1523),(69,1523)
"КН"bounds: (82,63),(139,63),(139,82),(82,82)
"17"bounds: (141,63),(156,63),(156,82),(141,82)
"-[3,30]"bounds: (788,525),(858,526),(858,549),(788,548)
"x"bounds: (867,538),(873,538),(873,546),(867,546)
"[4,50]x"bounds: (880,529),(950,530),(950,552),(880,551)
"0,90"bounds: (959,531),(997,531),(997,545),(959,545)
"cm."bounds: (1001,528),(1029,528),(1029,553),(1001,553)
"КН"bounds: (80,856),(133,856),(133,877),(80,877)
"18"bounds: (135,856),(152,856),(152,877),(135,877)
".........."bounds: (973,1325),(1025,1275),(1032,1282),(980,1332)
"-[6,90]x"bounds: (784,1376),(869,1377),(869,1401),(784,1400)
"[5,30]"bounds: (878,1378),(939,1379),(939,1401),(878,1400)
"x"bounds: (946,1386),(954,1386),(954,1396),(946,1396)
"1,00"bounds: (965,1382),(1005,1383),(1005,1399),(965,1398)
"cm."bounds: (1014,1389),(1041,1389),(1041,1396),(1014,1396)
"48"bounds: (69,1506),(93,1506),(93,1523),(69,1523)