Texts:

"HAGHIA TRIADA - NODULES
Wa 1442
Wa 1443
Wa 1444
HM 465.20
HM 465.21
HM 465.22
Wa 1445
Wa 1446
Wa 1447
HM 465. 26
HM 465.23
HM 465.25
Wa 1448
Wa 1449
Wa 1450
HM 465.27
HM 465. 28
HM 472.1
Wa 1451
Wa 1452
Wa 1453
HM 476.2
HM 472.2
HM 476.1
Wa 1454
Wa 1455
Wa 1456
HM 476.3
HM 476.4
HM 484. 4
39
"bounds: (158,79),(1158,79),(1158,1536),(158,1536)
"HAGHIA"bounds: (465,79),(531,79),(531,90),(465,90)
"TRIADA"bounds: (544,79),(607,79),(607,90),(544,90)
"-"bounds: (619,85),(623,85),(623,86),(619,86)
"NODULES"bounds: (636,80),(712,80),(712,91),(636,91)
"Wa"bounds: (158,160),(189,160),(189,175),(158,175)
"1442"bounds: (203,160),(244,160),(244,177),(203,177)
"Wa"bounds: (528,159),(559,160),(559,175),(528,174)
"1443"bounds: (574,159),(614,160),(614,176),(574,175)
"Wa"bounds: (891,158),(922,158),(922,172),(891,172)
"1444"bounds: (936,158),(977,159),(977,174),(936,173)
"HM"bounds: (279,370),(304,370),(304,383),(279,383)
"465.20"bounds: (316,370),(378,370),(378,383),(316,383)
"HM"bounds: (635,371),(658,371),(658,384),(635,384)
"465.21"bounds: (670,370),(728,370),(728,384),(670,384)
"HM"bounds: (1003,372),(1025,373),(1025,387),(1003,386)
"465.22"bounds: (1033,372),(1088,373),(1088,387),(1033,386)
"Wa"bounds: (159,433),(190,433),(190,447),(159,447)
"1445"bounds: (204,432),(245,432),(245,447),(204,447)
"Wa"bounds: (527,432),(558,432),(558,446),(527,446)
"1446"bounds: (573,430),(613,430),(613,446),(573,446)
"Wa"bounds: (893,430),(925,430),(925,444),(893,444)
"1447"bounds: (939,429),(980,429),(980,444),(939,444)
"HM"bounds: (1006,632),(1032,632),(1032,647),(1006,647)
"465."bounds: (1044,629),(1078,629),(1078,647),(1044,647)
"26"bounds: (1080,629),(1099,629),(1099,646),(1080,646)
"HM"bounds: (283,642),(307,642),(307,657),(283,657)
"465.23"bounds: (317,641),(380,640),(380,655),(317,656)
"HM"bounds: (641,644),(666,644),(666,657),(641,657)
"465.25"bounds: (673,643),(733,643),(733,656),(673,656)
"Wa"bounds: (164,702),(195,703),(195,717),(164,716)
"1448"bounds: (209,702),(250,703),(250,719),(209,718)
"Wa"bounds: (534,701),(565,701),(565,715),(534,715)
"1449"bounds: (579,701),(620,701),(620,716),(579,716)
"Wa"bounds: (893,699),(924,699),(924,713),(893,713)
"1450"bounds: (939,698),(980,698),(980,713),(939,713)
"HM"bounds: (304,917),(326,917),(326,928),(304,928)
"465.27"bounds: (333,916),(386,916),(386,930),(333,930)
"HM"bounds: (652,912),(677,912),(677,925),(652,925)
"465."bounds: (685,912),(717,912),(717,925),(685,925)
"28"bounds: (724,911),(741,911),(741,924),(724,924)
"HM"bounds: (993,911),(1017,911),(1017,925),(993,925)
"472.1"bounds: (1027,910),(1081,910),(1081,923),(1027,923)
"Wa"bounds: (167,974),(198,974),(198,988),(167,988)
"1451"bounds: (213,974),(252,974),(252,988),(213,988)
"Wa"bounds: (534,975),(565,975),(565,989),(534,989)
"1452"bounds: (579,974),(620,974),(620,989),(579,989)
"Wa"bounds: (894,971),(925,971),(925,985),(894,985)
"1453"bounds: (940,971),(980,971),(980,986),(940,986)
"HM"bounds: (1011,1171),(1034,1171),(1034,1184),(1011,1184)
"476.2"bounds: (1044,1170),(1090,1170),(1090,1183),(1044,1183)
"HM"bounds: (281,1185),(307,1185),(307,1200),(281,1200)
"472.2"bounds: (318,1185),(376,1186),(376,1201),(318,1200)
"HM"bounds: (649,1180),(674,1179),(675,1194),(650,1195)
"476.1"bounds: (684,1178),(738,1176),(739,1191),(685,1193)
"Wa"bounds: (167,1248),(198,1248),(198,1262),(167,1262)
"1454"bounds: (213,1248),(254,1248),(254,1262),(213,1262)
"Wa"bounds: (539,1244),(570,1244),(570,1259),(539,1259)
"1455"bounds: (584,1245),(625,1246),(625,1260),(584,1259)
"Wa"bounds: (898,1241),(929,1241),(929,1255),(898,1255)
"1456"bounds: (944,1241),(984,1241),(984,1255),(944,1255)
"HM"bounds: (295,1445),(322,1445),(322,1458),(295,1458)
"476.3"bounds: (332,1445),(381,1445),(381,1458),(332,1458)
"HM"bounds: (641,1442),(668,1441),(668,1455),(641,1456)
"476.4"bounds: (676,1441),(734,1440),(734,1454),(676,1455)
"HM"bounds: (992,1444),(1018,1444),(1018,1459),(992,1459)
"484."bounds: (1031,1443),(1072,1443),(1072,1458),(1031,1458)
"4"bounds: (1079,1444),(1087,1444),(1087,1456),(1079,1456)
"39"bounds: (1135,1519),(1158,1519),(1158,1536),(1135,1536)