Texts:

"188
A [27
188
IT 103.3'
НT 123b.1.2
L 4/2_7
HT 15.4' 56a.11
[47
FT Wc 3009b2 30132
HT 98b.
B
7188
188 -51
HT 123h.3' Wa 1021x2 wc 3020a?
188 -86
HT 26b.4
58-29- 188
FT 8b.1
目由
HT 8h.3
56- 188
A 565
HT 8b.5'
KH Nc 20583 20593 20603 20613 20623 21093
86 '188'
A 566
86+ 188
A 604
IT 16.3' 20.5'
2117b5
188 '81'
A 645
KH Wc 20563 20573
'337''188'
191
AL4_7
191
KH Wc 20283
281
"bounds: (110,335),(1166,335),(1166,1540),(110,1540)
"188"bounds: (573,335),(631,335),(631,366),(573,366)
"A"bounds: (328,524),(335,524),(335,535),(328,535)
"[27"bounds: (345,521),(385,521),(385,539),(345,539)
"188"bounds: (527,520),(549,520),(549,529),(527,529)
"IT"bounds: (715,522),(731,521),(732,532),(716,533)
"103.3'"bounds: (742,516),(788,513),(789,532),(743,535)
"НT"bounds: (707,553),(747,551),(748,569),(708,571)
"123b.1.2"bounds: (749,551),(807,548),(808,566),(750,569)
"L"bounds: (345,588),(358,588),(358,606),(345,606)
"4/2_7"bounds: (363,589),(402,588),(402,606),(363,607)
"HT"bounds: (716,590),(732,590),(732,600),(716,600)
"15.4'"bounds: (743,582),(779,581),(779,599),(743,600)
"56a.11"bounds: (793,581),(839,580),(839,600),(793,601)
"[47"bounds: (346,621),(386,621),(386,640),(346,640)
"FT"bounds: (716,623),(732,622),(732,632),(716,633)
"Wc"bounds: (744,617),(764,616),(765,634),(745,635)
"3009b2"bounds: (767,616),(816,614),(817,631),(768,633)
"30132"bounds: (826,614),(867,613),(868,632),(827,633)
"HT"bounds: (717,648),(732,648),(732,658),(717,658)
"98b."bounds: (742,644),(774,644),(774,662),(742,662)
"B"bounds: (330,650),(336,650),(336,660),(330,660)
"7188"bounds: (512,646),(552,646),(552,668),(512,668)
"188"bounds: (524,686),(551,685),(552,700),(525,701)
"-51"bounds: (560,686),(583,685),(584,696),(561,697)
"HT"bounds: (717,682),(732,682),(732,692),(717,692)
"123h.3'"bounds: (744,674),(797,673),(797,691),(744,692)
"Wa"bounds: (809,681),(824,681),(824,691),(809,691)
"1021x2"bounds: (837,673),(883,672),(883,691),(837,692)
"wc"bounds: (894,681),(909,681),(909,690),(894,690)
"3020a?"bounds: (920,672),(968,671),(968,690),(920,691)
"188"bounds: (528,719),(550,720),(550,730),(528,729)
"-86"bounds: (561,719),(584,720),(584,730),(561,729)
"HT"bounds: (717,716),(733,715),(734,725),(718,726)
"26b.4"bounds: (744,709),(786,707),(787,725),(745,727)
"58-29-"bounds: (469,751),(517,751),(517,761),(469,761)
"188"bounds: (528,751),(551,751),(551,761),(528,761)
"FT"bounds: (717,746),(733,745),(734,756),(718,757)
"8b.1"bounds: (742,741),(778,738),(779,757),(744,760)
"目"bounds: (180,779),(189,779),(189,799),(180,799)
"由"bounds: (199,779),(219,779),(219,799),(199,799)
"HT"bounds: (718,782),(734,781),(735,792),(719,793)
"8h.3"bounds: (745,776),(778,774),(779,792),(746,794)
"56-"bounds: (495,786),(517,786),(517,795),(495,795)
"188"bounds: (529,786),(551,786),(551,796),(529,796)
"A"bounds: (113,850),(121,850),(121,865),(113,865)
"565"bounds: (122,851),(145,850),(145,862),(122,863)
"HT"bounds: (719,850),(735,849),(736,860),(720,861)
"8b.5'"bounds: (744,842),(784,839),(785,858),(745,861)
"KH"bounds: (720,883),(735,883),(735,893),(720,893)
"Nc"bounds: (745,883),(759,883),(759,893),(745,893)
"20583"bounds: (771,874),(810,874),(810,893),(771,893)
"20593"bounds: (822,872),(861,872),(861,893),(822,893)
"20603"bounds: (873,873),(911,873),(911,892),(873,892)
"20613"bounds: (923,873),(962,873),(962,892),(923,892)
"20623"bounds: (974,873),(1013,873),(1013,892),(974,892)
"21093"bounds: (1025,873),(1063,873),(1063,892),(1025,892)
"86"bounds: (495,853),(510,853),(510,863),(495,863)
"'188'"bounds: (523,852),(559,852),(559,864),(523,864)
"A"bounds: (110,882),(119,882),(119,897),(110,897)
"566"bounds: (122,885),(145,885),(145,896),(122,896)
"86+"bounds: (495,887),(518,887),(518,897),(495,897)
"188"bounds: (529,887),(551,887),(551,897),(529,897)
"A"bounds: (115,916),(123,916),(123,929),(115,929)
"604"bounds: (122,918),(144,918),(144,929),(122,929)
"IT"bounds: (719,916),(735,915),(735,926),(719,927)
"16.3'"bounds: (747,909),(783,908),(784,926),(748,927)
"20.5'"bounds: (796,908),(834,907),(835,927),(797,928)
"2117b5"bounds: (954,903),(1003,899),(1004,916),(955,920)
"188"bounds: (529,921),(552,921),(552,931),(529,931)
"'81'"bounds: (566,920),(593,920),(593,930),(566,930)
"A"bounds: (115,949),(123,949),(123,964),(115,964)
"645"bounds: (122,952),(145,952),(145,963),(122,963)
"KH"bounds: (720,974),(736,973),(736,985),(720,986)
"Wc"bounds: (745,974),(760,973),(760,985),(745,986)
"20563"bounds: (771,967),(811,966),(812,985),(772,986)
"20573"bounds: (822,967),(862,966),(863,985),(823,986)
"'337''188'"bounds: (480,976),(558,976),(558,987),(480,987)
"191"bounds: (575,1130),(630,1131),(629,1163),(574,1162)
"AL4_7"bounds: (335,1239),(390,1238),(390,1257),(335,1258)
"191"bounds: (531,1246),(552,1246),(552,1259),(531,1259)
"KH"bounds: (723,1243),(739,1242),(740,1254),(724,1255)
"Wc"bounds: (748,1243),(763,1242),(764,1253),(749,1254)
"20283"bounds: (775,1236),(814,1234),(815,1252),(776,1254)
"281"bounds: (1130,1522),(1166,1521),(1166,1539),(1130,1540)