Texts:

"I 24
A L5_7
24
4.
HT Zd 156
II
24
KH 53.1
C
24 -
HT 55a.2'
724 -73-06
HT 135a.1
24 -81
*HT 55a.21
上王30
HIC )
E
01- 24 -81-37
НT 117а.8-91
08- 24
THE Zb 34
751- 24 -73
НT 127а.21
4-EJ-I
144 I6
帝王T
41-.]- 24 -37
PK 1.1
741-17- 24 -310
KN Z£ 314
06-21- 24 -73-06
нг 115а.2-3
01-26- 24 -04
HT 98b.2'
08-27- 24 -41-
KN Zf 134
39-37- 24 -08-
ARKH 4a.4-53
學以王4
田3王非
28-51- 24 -41
нT 13.5-61
77-81- 24 -04
ZA 106.63
01-81-09- 24 -37
нT 104.1-21
F
724
ARKH la.53
нT 52b.1 127b.2' zа 1568
KH 7a.1°
PH(?) 31a.3,b.3
PK Za 12c4
G
J08 J- 24
57-31-60-08-06- 24
KN Zc 7.24
HTIC
08-07- 24 /
КH 83.13
61-76-07- 24
НT ба.41
ITC ITE
J08L 708- 24
*PK Za 12c4
08-70-08- 24
PK Za 11b4
HT 103.4-51 *104.1-2'
01-81-09- 24
01-81-09- 24
*HT 103.21
56-01-81-09- 24
нT 103.21
180
"bounds: (54,303),(1017,303),(1017,1523),(54,1523)
"I"bounds: (626,303),(651,303),(651,345),(626,345)
"24"bounds: (682,310),(719,310),(719,339),(682,339)
"A"bounds: (441,488),(449,488),(450,499),(442,499)
"L5_7"bounds: (459,484),(501,482),(502,501),(460,503)
"24"bounds: (634,490),(651,490),(651,504),(634,504)
"4."bounds: (890,477),(895,477),(895,487),(890,487)
"HT"bounds: (813,490),(829,490),(829,500),(813,500)
"Zd"bounds: (835,486),(856,486),(856,503),(835,503)
"156"bounds: (865,490),(887,490),(887,501),(865,501)
"II"bounds: (325,513),(352,513),(352,536),(325,536)
"24"bounds: (627,518),(651,518),(651,539),(627,539)
"KH"bounds: (814,523),(829,523),(829,533),(814,533)
"53.1"bounds: (839,520),(871,521),(871,538),(839,537)
"C"bounds: (442,521),(449,521),(449,531),(442,531)
"24"bounds: (633,556),(651,556),(651,571),(633,571)
"-"bounds: (660,553),(684,553),(684,571),(660,571)
"HT"bounds: (812,557),(828,556),(829,567),(813,568)
"55a.2'"bounds: (839,551),(885,549),(886,568),(840,570)
"724"bounds: (626,586),(650,586),(650,601),(626,601)
"-73-06"bounds: (660,588),(709,589),(709,601),(660,600)
"HT"bounds: (812,590),(828,589),(829,601),(813,602)
"135a.1"bounds: (838,585),(886,583),(887,603),(839,605)
"24"bounds: (633,622),(652,621),(652,637),(633,638)
"-81"bounds: (660,621),(701,620),(701,636),(660,637)
"*HT"bounds: (812,617),(837,616),(837,634),(812,635)
"55a.21"bounds: (847,617),(893,616),(893,634),(847,635)
"上"bounds: (305,646),(313,646),(313,668),(305,668)
"王"bounds: (324,646),(338,646),(338,668),(324,668)
"30"bounds: (349,642),(388,642),(388,669),(349,669)
"HIC"bounds: (293,677),(379,675),(380,706),(294,708)
")"bounds: (377,679),(391,679),(392,701),(378,701)
"E"bounds: (442,654),(449,654),(449,664),(442,664)
"01-"bounds: (601,656),(624,656),(624,666),(601,666)
"24"bounds: (633,656),(651,656),(651,670),(633,670)
"-81-37"bounds: (660,657),(709,657),(709,666),(660,666)
"НT"bounds: (812,657),(828,656),(828,667),(812,668)
"117а.8-91"bounds: (839,651),(910,648),(911,667),(840,670)
"08-"bounds: (601,689),(624,689),(624,699),(601,699)
"24"bounds: (632,684),(651,684),(651,703),(632,703)
"THE"bounds: (811,689),(836,688),(837,701),(812,702)
"Zb"bounds: (846,689),(860,688),(861,700),(847,701)
"34"bounds: (871,682),(886,681),(887,700),(872,701)
"751-"bounds: (581,716),(625,717),(625,735),(581,734)
"24"bounds: (633,721),(652,721),(652,736),(633,736)
"-73"bounds: (660,722),(683,722),(683,732),(660,732)
"НT"bounds: (804,717),(842,716),(843,735),(805,736)
"127а.21"bounds: (844,715),(895,713),(896,733),(845,735)
"4-EJ-I"bounds: (247,745),(363,744),(363,770),(247,771)
"144"bounds: (267,778),(317,778),(317,809),(267,809)
"I6"bounds: (327,779),(363,779),(363,801),(327,801)
"帝王"bounds: (281,807),(338,807),(338,837),(281,837)
"T"bounds: (348,812),(387,812),(387,843),(348,843)
"41-.]-"bounds: (551,752),(624,753),(624,771),(551,770)
"24"bounds: (633,756),(651,756),(651,771),(633,771)
"-37"bounds: (660,757),(683,757),(683,767),(660,767)
"PK"bounds: (812,758),(828,757),(829,768),(813,769)
"1.1"bounds: (838,750),(861,749),(862,771),(839,772)
"741-17-"bounds: (559,785),(624,786),(624,803),(559,802)
"24"bounds: (633,789),(651,789),(651,803),(633,803)
"-310"bounds: (660,790),(692,790),(692,800),(660,800)
"KN"bounds: (811,791),(827,790),(828,801),(812,802)
"Z£"bounds: (837,791),(853,790),(854,801),(838,802)
"314"bounds: (862,785),(886,784),(887,802),(863,803)
"06-21-"bounds: (567,815),(625,817),(624,835),(566,833)
"24"bounds: (635,822),(651,823),(650,837),(634,836)
"-73-06"bounds: (660,821),(709,823),(708,835),(659,833)
"нг"bounds: (811,824),(827,824),(827,835),(811,835)
"115а.2-3"bounds: (840,818),(903,817),(903,839),(840,840)
"01-26-"bounds: (575,856),(624,857),(624,867),(575,866)
"24"bounds: (633,857),(650,857),(650,871),(633,871)
"-04"bounds: (659,857),(682,857),(682,867),(659,867)
"HT"bounds: (811,858),(827,858),(827,870),(811,870)
"98b.2'"bounds: (837,854),(883,853),(883,869),(837,870)
"08-27-"bounds: (575,890),(624,890),(624,900),(575,900)
"24"bounds: (635,891),(648,891),(648,900),(635,900)
"-41-"bounds: (659,891),(691,891),(691,901),(659,901)
"KN"bounds: (811,892),(827,891),(828,902),(812,903)
"Zf"bounds: (837,892),(852,891),(853,902),(838,903)
"134"bounds: (863,886),(885,885),(886,902),(864,903)
"39-37-"bounds: (576,924),(624,925),(624,935),(576,934)
"24"bounds: (635,924),(649,924),(649,934),(635,934)
"-08-"bounds: (659,921),(708,922),(708,939),(659,938)
"ARKH"bounds: (810,925),(844,923),(845,936),(811,938)
"4a.4-53"bounds: (853,920),(910,917),(911,936),(854,939)
"學"bounds: (281,944),(296,944),(296,969),(281,969)
"以"bounds: (302,944),(322,944),(322,968),(302,968)
"王"bounds: (330,945),(344,945),(344,968),(330,968)
"4"bounds: (350,945),(373,945),(373,970),(350,970)
"田"bounds: (274,975),(309,975),(309,1009),(274,1009)
"3"bounds: (311,975),(327,975),(327,1009),(311,1009)
"王非"bounds: (329,977),(371,977),(371,1005),(329,1005)
"28-51-"bounds: (575,957),(624,958),(624,968),(575,967)
"24"bounds: (634,958),(648,958),(648,967),(634,967)
"-41"bounds: (659,958),(681,958),(681,969),(659,969)
"нT"bounds: (811,960),(827,960),(827,970),(811,970)
"13.5-61"bounds: (838,952),(891,951),(891,971),(838,972)
"77-81-"bounds: (576,991),(623,991),(623,1001),(576,1001)
"24"bounds: (634,992),(648,992),(648,1001),(634,1001)
"-04"bounds: (659,992),(682,992),(682,1002),(659,1002)
"ZA"bounds: (806,987),(835,986),(836,1008),(807,1009)
"106.63"bounds: (837,987),(885,985),(886,1004),(838,1006)
"01-81-09-"bounds: (549,1025),(623,1025),(623,1034),(549,1034)
"24"bounds: (634,1025),(648,1025),(648,1034),(634,1034)
"-37"bounds: (659,1026),(682,1026),(682,1035),(659,1035)
"нT"bounds: (810,1026),(826,1025),(826,1037),(810,1038)
"104.1-21"bounds: (837,1021),(899,1019),(900,1037),(838,1039)
"F"bounds: (448,1057),(455,1057),(455,1067),(448,1067)
"724"bounds: (616,1055),(650,1055),(650,1073),(616,1073)
"ARKH"bounds: (810,1059),(843,1058),(843,1070),(810,1071)
"la.53"bounds: (854,1054),(893,1053),(893,1071),(854,1072)
"нT"bounds: (811,1093),(826,1093),(826,1104),(811,1104)
"52b.1"bounds: (838,1087),(877,1087),(877,1109),(838,1109)
"127b.2'"bounds: (897,1087),(950,1087),(950,1104),(897,1104)
"zа"bounds: (963,1093),(976,1093),(976,1104),(963,1104)
"1568"bounds: (989,1087),(1017,1087),(1017,1105),(989,1105)
"KH"bounds: (811,1127),(826,1127),(826,1137),(811,1137)
"7a.1°"bounds: (837,1122),(876,1122),(876,1145),(837,1145)
"PH(?)"bounds: (810,1159),(848,1159),(848,1173),(810,1173)
"31a.3,b.3"bounds: (861,1152),(941,1153),(941,1183),(861,1182)
"PK"bounds: (809,1186),(826,1185),(827,1196),(810,1197)
"Za"bounds: (835,1181),(855,1180),(856,1198),(836,1199)
"12c4"bounds: (862,1179),(892,1178),(893,1197),(863,1198)
"G"bounds: (448,1183),(455,1183),(455,1193),(448,1193)
"J08"bounds: (536,1178),(585,1179),(585,1199),(536,1198)
"J-"bounds: (599,1180),(623,1180),(623,1198),(599,1198)
"24"bounds: (631,1184),(649,1184),(649,1199),(631,1199)
"57-31-60-08-06-"bounds: (498,1216),(622,1217),(622,1229),(498,1228)
"24"bounds: (631,1218),(649,1218),(649,1232),(631,1232)
"KN"bounds: (810,1219),(825,1219),(825,1230),(810,1230)
"Zc"bounds: (836,1214),(862,1213),(863,1232),(837,1233)
"7.24"bounds: (861,1214),(891,1213),(891,1229),(861,1230)
"HTIC"bounds: (280,1240),(355,1241),(355,1268),(280,1267)
"08-07-"bounds: (573,1251),(622,1252),(622,1264),(573,1263)
"24"bounds: (633,1252),(647,1252),(647,1265),(633,1265)
"/"bounds: (657,1249),(672,1249),(672,1265),(657,1265)
"КH"bounds: (809,1253),(825,1252),(826,1263),(810,1265)
"83.13"bounds: (834,1248),(876,1244),(878,1263),(836,1267)
"61-76-07-"bounds: (549,1282),(623,1284),(623,1296),(549,1294)
"24"bounds: (633,1284),(647,1284),(647,1293),(633,1293)
"НT"bounds: (804,1282),(837,1280),(838,1299),(805,1301)
"ба.41"bounds: (834,1281),(873,1279),(874,1298),(835,1300)
"ITC"bounds: (231,1309),(268,1309),(268,1335),(231,1335)
"ITE"bounds: (289,1309),(341,1310),(341,1339),(289,1338)
"J08L"bounds: (523,1312),(571,1313),(571,1333),(523,1332)
"708-"bounds: (582,1313),(622,1314),(622,1335),(582,1334)
"24"bounds: (631,1318),(649,1318),(649,1333),(631,1333)
"*PK"bounds: (807,1315),(834,1315),(834,1331),(807,1331)
"Za"bounds: (843,1321),(858,1321),(858,1332),(843,1332)
"12c4"bounds: (869,1313),(900,1313),(900,1332),(869,1332)
"08-70-08-"bounds: (548,1351),(622,1351),(622,1362),(548,1362)
"24"bounds: (633,1352),(647,1352),(647,1362),(633,1362)
"PK"bounds: (808,1355),(825,1354),(826,1365),(809,1366)
"Za"bounds: (832,1349),(853,1348),(854,1367),(833,1368)
"11b4"bounds: (861,1348),(891,1346),(892,1365),(862,1367)
"HT"bounds: (808,1389),(825,1389),(825,1399),(808,1399)
"103.4-51"bounds: (835,1380),(897,1381),(897,1401),(835,1400)
"*104.1-2'"bounds: (909,1380),(981,1381),(980,1409),(909,1408)
"01-81-09-"bounds: (548,1385),(622,1386),(622,1398),(548,1397)
"24"bounds: (632,1386),(647,1386),(647,1396),(632,1396)
"01-81-09-"bounds: (547,1419),(621,1420),(621,1432),(547,1431)
"24"bounds: (631,1416),(647,1416),(647,1433),(631,1433)
"*HT"bounds: (807,1417),(833,1417),(833,1434),(807,1434)
"103.21"bounds: (844,1414),(888,1414),(888,1435),(844,1435)
"56-01-81-09-"bounds: (522,1454),(621,1455),(621,1467),(522,1466)
"24"bounds: (630,1452),(647,1452),(647,1470),(630,1470)
"нT"bounds: (807,1459),(824,1458),(825,1470),(808,1471)
"103.21"bounds: (834,1452),(880,1449),(881,1469),(835,1472)
"180"bounds: (54,1505),(89,1505),(89,1523),(54,1523)