Texts:

"KI 45
KH 43
.4
金平:
imf. mut.
penf- She ajoute' afrès Coumo .
inf. mut.
afrè's
KII 44
KH44
Sup. mut.
Jvesr.R: mat
.1
2
inf. mut.
& Moracer a ganche; peut. Ete F.
inf. mut.
KI 45
KH 45
TE
is
Jvesr. I
inf. mut.
inf.
mut.
71
"bounds: (57,119),(1168,119),(1168,1529),(57,1529)
"KI"bounds: (57,119),(94,119),(94,139),(57,139)
"45"bounds: (111,121),(143,121),(143,140),(111,140)
"KH"bounds: (640,138),(671,139),(670,158),(639,157)
"43"bounds: (670,142),(688,143),(688,159),(670,158)
".4"bounds: (689,176),(705,176),(705,187),(689,187)
"金"bounds: (257,198),(312,198),(312,243),(257,243)
"平"bounds: (330,200),(357,200),(357,241),(330,241)
":"bounds: (387,199),(390,199),(390,240),(387,240)
"imf."bounds: (290,264),(371,258),(373,296),(293,302)
"mut."bounds: (373,260),(432,256),(434,292),(376,296)
"penf-"bounds: (267,317),(309,317),(309,339),(267,339)
"She"bounds: (318,319),(347,319),(347,333),(318,333)
"ajoute'"bounds: (367,317),(423,317),(423,343),(367,343)
"afrès"bounds: (432,314),(495,314),(495,343),(432,343)
"Coumo"bounds: (497,318),(533,318),(533,341),(497,341)
"."bounds: (541,330),(542,330),(542,330),(541,330)
"inf."bounds: (782,246),(829,242),(831,266),(784,270)
"mut."bounds: (832,241),(871,237),(873,261),(834,265)
"afrè's"bounds: (331,395),(380,394),(380,411),(331,412)
"KII"bounds: (61,649),(110,648),(110,671),(61,672)
"44"bounds: (114,651),(148,651),(148,670),(114,670)
"KH44"bounds: (616,644),(678,644),(678,669),(616,669)
"Sup."bounds: (845,669),(885,667),(886,687),(846,689)
"mut."bounds: (896,668),(942,666),(943,685),(897,687)
"Jvesr.R:"bounds: (352,714),(448,697),(452,718),(356,736)
"mat"bounds: (452,696),(499,688),(503,709),(456,718)
".1"bounds: (666,714),(685,714),(685,728),(666,728)
"2"bounds: (668,784),(685,784),(685,801),(668,801)
"inf."bounds: (397,813),(449,807),(452,834),(400,840)
"mut."bounds: (452,806),(506,800),(509,827),(455,834)
"&"bounds: (349,853),(361,853),(361,863),(349,863)
"Moracer"bounds: (371,846),(433,845),(433,864),(371,865)
"a"bounds: (444,851),(455,851),(455,863),(444,863)
"ganche;"bounds: (469,848),(552,847),(552,869),(469,870)
"peut."bounds: (569,843),(614,842),(614,868),(569,869)
"Ete"bounds: (617,843),(649,843),(649,868),(617,868)
"F."bounds: (666,842),(685,842),(685,866),(666,866)
"inf."bounds: (842,829),(885,826),(887,857),(845,861)
"mut."bounds: (894,830),(947,826),(949,853),(896,857)
"KI"bounds: (62,1203),(99,1203),(99,1222),(62,1222)
"45"bounds: (128,1204),(162,1204),(162,1223),(128,1223)
"KH"bounds: (632,1202),(664,1202),(664,1221),(632,1221)
"45"bounds: (666,1206),(685,1206),(685,1220),(666,1220)
"TE"bounds: (735,1226),(762,1226),(762,1248),(735,1248)
"is"bounds: (689,1240),(702,1240),(702,1251),(689,1251)
"Jvesr."bounds: (891,1272),(931,1272),(931,1297),(891,1297)
"I"bounds: (934,1272),(942,1272),(942,1290),(934,1290)
"inf."bounds: (794,1309),(831,1307),(832,1328),(795,1330)
"mut."bounds: (839,1306),(874,1304),(875,1326),(840,1328)
"inf."bounds: (407,1424),(466,1423),(467,1456),(408,1457)
"mut."bounds: (468,1424),(525,1423),(525,1440),(468,1441)
"71"bounds: (1147,1512),(1168,1512),(1168,1529),(1147,1529)