Texts:

"TABLETTES, NODULES ET RONDELLES
ÉDITÉS EN 1975 ET 1976
1. ARKHANÈS
"bounds: (315,452),(873,452),(873,730),(315,730)
"TABLETTES,"bounds: (315,458),(483,456),(483,482),(315,484)
"NODULES"bounds: (505,456),(634,455),(634,476),(505,477)
"ET"bounds: (655,456),(690,456),(690,475),(655,475)
"RONDELLES"bounds: (707,454),(873,452),(873,474),(707,476)
"ÉDITÉS"bounds: (418,490),(518,490),(518,515),(418,515)
"EN"bounds: (535,494),(572,494),(572,514),(535,514)
"1975"bounds: (590,494),(644,494),(644,514),(590,514)
"ET"bounds: (661,493),(698,493),(698,513),(661,513)
"1976"bounds: (715,493),(769,493),(769,513),(715,513)
"1."bounds: (450,688),(513,686),(514,728),(451,730)
"ARKHANÈS"bounds: (508,691),(732,685),(733,721),(509,727)