Texts:

"HAGHIA TRIADA - NODULES
Wa 1650
Wa 1651
Wa 1652
HM 435.27
HM435.28
HM 435. 29
Wa 1653
Wa 1654
Wa 1655
HM 435.30
HM 435.31
HM 435.32
Wa 1656
Wa 1657
Wa 1658
HM 435.33
HM 435. 35
HM 435.34
Wa 1659
Wa 1660
Wa 1661
HM 435.36
HM 435.37
HM 435.38
Wa 1662
Wa 1663
Wa 1664
HM 455. 39
HM 435.40
HM 435.41
53
"bounds: (147,72),(1159,72),(1159,1525),(147,1525)
"HAGHIA"bounds: (452,73),(519,73),(519,84),(452,84)
"TRIADA"bounds: (531,72),(594,72),(594,84),(531,84)
"-"bounds: (606,77),(610,77),(610,78),(606,78)
"NODULES"bounds: (623,72),(700,72),(700,83),(623,83)
"Wa"bounds: (147,154),(178,153),(178,168),(147,169)
"1650"bounds: (193,153),(234,152),(234,168),(193,169)
"Wa"bounds: (514,151),(545,151),(545,165),(514,165)
"1651"bounds: (559,151),(598,151),(598,165),(559,165)
"Wa"bounds: (878,148),(910,148),(910,162),(878,162)
"1652"bounds: (924,146),(965,146),(965,162),(924,162)
"HM"bounds: (270,361),(295,361),(295,376),(270,376)
"435.27"bounds: (304,361),(369,361),(369,376),(304,376)
"HM435.28"bounds: (632,356),(718,357),(718,372),(632,371)
"HM"bounds: (989,356),(1013,356),(1013,371),(989,371)
"435."bounds: (1021,355),(1056,355),(1056,369),(1021,369)
"29"bounds: (1063,355),(1079,355),(1079,369),(1063,369)
"Wa"bounds: (154,426),(184,426),(184,440),(154,440)
"1653"bounds: (199,425),(239,424),(239,439),(199,440)
"Wa"bounds: (521,423),(552,422),(552,437),(521,438)
"1654"bounds: (566,422),(607,421),(607,436),(566,437)
"Wa"bounds: (881,417),(912,416),(912,431),(881,432)
"1655"bounds: (927,416),(967,415),(967,430),(927,431)
"HM"bounds: (272,624),(296,624),(296,639),(272,639)
"435.30"bounds: (306,626),(368,627),(368,639),(306,638)
"HM"bounds: (628,623),(652,623),(652,638),(628,638)
"435.31"bounds: (663,623),(724,622),(724,636),(663,637)
"HM"bounds: (996,623),(1019,623),(1019,638),(996,638)
"435.32"bounds: (1030,623),(1092,623),(1092,637),(1030,637)
"Wa"bounds: (153,694),(184,694),(184,708),(153,708)
"1656"bounds: (199,693),(239,693),(239,707),(199,707)
"Wa"bounds: (526,692),(557,692),(557,706),(526,706)
"1657"bounds: (571,692),(612,692),(612,707),(571,707)
"Wa"bounds: (884,690),(915,690),(915,704),(884,704)
"1658"bounds: (930,690),(970,690),(970,706),(930,706)
"HM"bounds: (282,901),(309,902),(309,916),(282,915)
"435.33"bounds: (318,901),(380,903),(380,918),(318,916)
"HM"bounds: (1002,895),(1027,895),(1027,910),(1002,910)
"435."bounds: (1036,893),(1075,894),(1075,912),(1036,911)
"35"bounds: (1077,893),(1091,893),(1091,911),(1077,911)
"HM"bounds: (644,906),(667,906),(667,920),(644,920)
"435.34"bounds: (678,906),(732,907),(732,921),(678,920)
"Wa"bounds: (156,964),(187,964),(187,978),(156,978)
"1659"bounds: (202,965),(242,966),(242,979),(202,978)
"Wa"bounds: (529,964),(560,964),(560,977),(529,977)
"1660"bounds: (574,963),(615,963),(615,977),(574,977)
"Wa"bounds: (889,959),(920,958),(920,973),(889,974)
"1661"bounds: (934,958),(973,957),(973,972),(934,973)
"HM"bounds: (285,1168),(308,1169),(307,1185),(284,1184)
"435.36"bounds: (322,1170),(383,1172),(382,1187),(321,1185)
"HM"bounds: (650,1166),(671,1166),(671,1180),(650,1180)
"435.37"bounds: (680,1166),(734,1166),(734,1179),(680,1179)
"HM"bounds: (998,1164),(1024,1164),(1024,1180),(998,1180)
"435.38"bounds: (1034,1164),(1088,1164),(1088,1179),(1034,1179)
"Wa"bounds: (162,1234),(193,1234),(193,1248),(162,1248)
"1662"bounds: (208,1235),(248,1236),(248,1250),(208,1249)
"Wa"bounds: (534,1233),(565,1233),(565,1247),(534,1247)
"1663"bounds: (579,1233),(620,1233),(620,1248),(579,1248)
"Wa"bounds: (894,1229),(925,1229),(925,1243),(894,1243)
"1664"bounds: (940,1229),(980,1229),(980,1243),(940,1243)
"HM"bounds: (279,1435),(304,1436),(304,1451),(279,1450)
"455."bounds: (314,1436),(351,1437),(351,1451),(314,1450)
"39"bounds: (359,1439),(380,1439),(380,1452),(359,1452)
"HM"bounds: (640,1429),(665,1429),(665,1443),(640,1443)
"435.40"bounds: (677,1429),(743,1430),(743,1445),(677,1444)
"HM"bounds: (991,1426),(1016,1426),(1016,1440),(991,1440)
"435.41"bounds: (1025,1426),(1094,1427),(1094,1442),(1025,1441)
"53"bounds: (1137,1509),(1159,1509),(1159,1525),(1137,1525)