Texts:

"KN Za 17
éch. 1: 1
HM 2394 "Gable à libalions ".
10
"bounds: (46,73),(832,73),(832,1534),(46,1534)
"KN"bounds: (53,73),(91,73),(91,90),(53,90)
"Za"bounds: (103,74),(131,74),(131,90),(103,90)
"17"bounds: (145,73),(167,73),(167,90),(145,90)
"éch."bounds: (570,773),(607,774),(606,790),(569,789)
"1:"bounds: (620,776),(642,777),(642,791),(620,790)
"1"bounds: (655,776),(660,776),(659,791),(654,791)
"HM"bounds: (352,1273),(405,1273),(405,1301),(352,1301)
"2394"bounds: (428,1267),(486,1267),(486,1307),(428,1307)
""Gable"bounds: (489,1268),(609,1268),(609,1308),(489,1308)
"à"bounds: (622,1281),(643,1281),(643,1301),(622,1301)
"libalions"bounds: (668,1270),(802,1270),(802,1305),(668,1305)
""."bounds: (816,1276),(832,1276),(832,1306),(816,1306)
"10"bounds: (46,1516),(69,1516),(69,1534),(46,1534)