Texts:

"79
PHAISTOS
in PH 13c
79
A 2_7
79
HT 66.1
79
HT 97a.5
KH 91.:
D
79 -07-60
HT Wc 30112 3012a?
个可
79 -22-07
HT 101.11
79 -51
HT 99b.21
779 -51
HT 51b.21
79 -58
HT 1.2'
779 -65-29
HT 25a.41
/?9 -76-37
*HT 108.3
79 -301-09-45-21-118 ARKH 2.3-4
E
08- 79 -60
KN Zc 7.14
26- 79 -06
HT 11b.31
28- 79 -53-30-59
PH 6.2'
51- 79 -54
НТ 36.2
上 TC
781- 79 -06/
HT 64,1'
81- 79 -30
HT 13.4' 85a.41
77-10- 79 -30
HT 26b.2-3'
O40 A
4TC4T4田
78-41- 79 -38
ZA 4a.53 15a.23
28-06-59-28- 79 -07-41-77
IO Za 65
F
779
нT 63.21
79L+ 783.3
キ
G
81-03- 79
KH 5.33
65-81-06-03-81-55-.._7-28- 79
KN Zc 6.34
17-41- 79 /
ARKH 4b.53
80- 79
HT 102.3-41
本主业
39-81- 79
TY 3b.21
262
"bounds: (57,281),(1010,281),(1010,1530),(57,1530)
"79"bounds: (579,281),(617,283),(615,314),(577,312)
"PHAISTOS"bounds: (354,460),(420,460),(420,471),(354,471)
"in"bounds: (814,459),(836,457),(837,479),(816,481)
"PH"bounds: (840,464),(856,463),(857,475),(841,476)
"13c"bounds: (864,455),(891,453),(892,475),(866,477)
"79"bounds: (655,464),(669,464),(669,474),(655,474)
"A"bounds: (361,494),(369,494),(369,505),(361,505)
"2_7"bounds: (379,490),(419,490),(419,510),(379,510)
"79"bounds: (655,498),(669,498),(669,508),(655,508)
"HT"bounds: (841,498),(857,498),(857,508),(841,508)
"66.1"bounds: (867,497),(896,497),(896,509),(867,509)
"79"bounds: (652,532),(670,532),(670,546),(652,546)
"HT"bounds: (840,531),(856,530),(857,542),(841,543)
"97a.5"bounds: (866,526),(908,524),(909,543),(867,545)
"KH"bounds: (841,565),(857,565),(857,575),(841,575)
"91.:"bounds: (867,565),(894,565),(894,576),(867,576)
"D"bounds: (361,595),(369,595),(369,605),(361,605)
"79"bounds: (651,600),(669,599),(670,613),(652,614)
"-07-60"bounds: (678,599),(728,596),(729,608),(679,611)
"HT"bounds: (840,597),(856,597),(856,610),(840,610)
"Wc"bounds: (866,598),(880,598),(880,609),(866,609)
"30112"bounds: (891,591),(931,590),(932,610),(892,611)
"3012a?"bounds: (942,591),(991,590),(992,610),(943,611)
"个"bounds: (217,618),(258,617),(259,645),(218,646)
"可"bounds: (265,618),(286,618),(286,641),(265,641)
"79"bounds: (651,631),(669,629),(670,645),(652,647)
"-22-07"bounds: (678,626),(735,621),(737,642),(680,647)
"HT"bounds: (840,632),(856,631),(857,642),(841,643)
"101.11"bounds: (867,625),(913,623),(914,642),(868,644)
"79"bounds: (652,665),(670,665),(670,679),(652,679)
"-51"bounds: (679,665),(701,665),(701,675),(679,675)
"HT"bounds: (839,665),(856,664),(857,676),(840,677)
"99b.21"bounds: (866,659),(913,656),(914,675),(867,678)
"779"bounds: (644,694),(671,694),(671,712),(644,712)
"-51"bounds: (679,697),(700,697),(700,707),(679,707)
"HT"bounds: (839,697),(856,696),(857,708),(840,709)
"51b.21"bounds: (866,692),(912,689),(913,708),(867,711)
"79"bounds: (651,732),(669,731),(670,746),(652,747)
"-58"bounds: (678,733),(702,732),(702,742),(678,743)
"HT"bounds: (840,732),(856,732),(856,742),(840,742)
"1.2'"bounds: (867,725),(895,725),(895,743),(867,743)
"779"bounds: (637,762),(670,762),(670,782),(637,782)
"-65-29"bounds: (679,764),(728,765),(728,784),(679,783)
"HT"bounds: (839,766),(856,765),(856,776),(840,777)
"25a.41"bounds: (866,760),(912,758),(913,776),(867,778)
"/?9"bounds: (635,800),(668,799),(669,814),(636,815)
"-76-37"bounds: (678,800),(727,798),(727,809),(678,811)
"*HT"bounds: (839,794),(864,794),(864,810),(839,810)
"108.3"bounds: (873,792),(914,792),(914,812),(873,812)
"79"bounds: (652,833),(670,833),(670,848),(652,848)
"-301-09-45-21-118"bounds: (679,829),(828,827),(828,843),(679,845)
"ARKH"bounds: (839,832),(872,832),(872,843),(839,843)
"2.3-4"bounds: (884,827),(923,827),(923,845),(884,845)
"E"bounds: (360,863),(367,863),(367,873),(360,873)
"08-"bounds: (619,867),(643,867),(643,876),(619,876)
"79"bounds: (654,867),(669,867),(669,876),(654,876)
"-60"bounds: (680,867),(701,867),(701,876),(680,876)
"KN"bounds: (839,866),(855,865),(856,876),(840,877)
"Zc"bounds: (864,862),(886,861),(887,878),(865,879)
"7.14"bounds: (891,860),(922,858),(923,876),(892,878)
"26-"bounds: (620,900),(643,900),(643,910),(620,910)
"79"bounds: (654,900),(668,900),(668,910),(654,910)
"-06"bounds: (679,900),(702,900),(702,910),(679,910)
"HT"bounds: (839,900),(855,899),(856,910),(840,911)
"11b.31"bounds: (866,896),(911,893),(912,911),(867,914)
"28-"bounds: (620,934),(643,934),(643,944),(620,944)
"79"bounds: (651,934),(669,934),(669,948),(651,948)
"-53-30-59"bounds: (678,934),(752,934),(752,944),(678,944)
"PH"bounds: (839,934),(855,932),(856,942),(840,944)
"6.2'"bounds: (864,929),(895,926),(897,944),(866,947)
"51-"bounds: (620,968),(643,968),(643,978),(620,978)
"79"bounds: (654,968),(668,968),(668,978),(654,978)
"-54"bounds: (679,968),(701,968),(701,978),(679,978)
"НТ"bounds: (833,963),(869,962),(870,980),(834,981)
"36.2"bounds: (871,961),(898,960),(899,979),(872,980)
"上"bounds: (202,983),(216,983),(215,1014),(201,1014)
"TC"bounds: (244,986),(271,987),(271,1010),(244,1009)
"781-"bounds: (603,997),(643,998),(643,1017),(603,1016)
"79"bounds: (652,1001),(670,1001),(670,1016),(652,1016)
"-06/"bounds: (678,997),(719,998),(719,1017),(678,1016)
"HT"bounds: (838,1001),(855,1000),(856,1012),(839,1013)
"64,1'"bounds: (865,997),(903,994),(904,1010),(866,1013)
"81-"bounds: (620,1035),(643,1035),(643,1044),(620,1044)
"79"bounds: (654,1035),(668,1035),(668,1044),(654,1044)
"-30"bounds: (678,1034),(702,1034),(702,1045),(678,1045)
"HT"bounds: (838,1035),(855,1035),(855,1045),(838,1045)
"13.4'"bounds: (866,1028),(902,1027),(902,1045),(866,1046)
"85a.41"bounds: (915,1027),(962,1026),(962,1046),(915,1047)
"77-10-"bounds: (595,1067),(643,1068),(643,1079),(595,1078)
"79"bounds: (654,1068),(668,1068),(668,1078),(654,1078)
"-30"bounds: (678,1068),(702,1068),(702,1078),(678,1078)
"HT"bounds: (838,1068),(855,1067),(856,1079),(839,1080)
"26b.2-3'"bounds: (865,1064),(928,1060),(929,1078),(866,1082)
"O40"bounds: (171,1085),(235,1085),(235,1112),(171,1112)
"A"bounds: (239,1086),(259,1086),(259,1112),(239,1112)
"4TC4T4"bounds: (107,1107),(288,1109),(288,1143),(107,1141)
"田"bounds: (290,1109),(311,1109),(311,1143),(290,1143)
"78-41-"bounds: (595,1103),(642,1103),(642,1112),(595,1112)
"79"bounds: (654,1102),(667,1102),(667,1112),(654,1112)
"-38"bounds: (678,1103),(701,1103),(701,1112),(678,1112)
"ZA"bounds: (840,1102),(853,1102),(853,1112),(840,1112)
"4a.53"bounds: (864,1095),(904,1095),(904,1113),(864,1113)
"15a.23"bounds: (916,1095),(963,1095),(963,1113),(916,1113)
"28-06-59-28-"bounds: (544,1127),(642,1127),(642,1137),(544,1137)
"79"bounds: (654,1127),(667,1127),(667,1136),(654,1136)
"-07-41-77"bounds: (678,1128),(752,1128),(752,1137),(678,1137)
"IO"bounds: (833,1126),(868,1123),(869,1141),(835,1144)
"Za"bounds: (870,1123),(884,1122),(886,1140),(872,1141)
"65"bounds: (888,1121),(904,1120),(905,1136),(890,1138)
"F"bounds: (359,1155),(366,1155),(366,1166),(359,1166)
"779"bounds: (636,1155),(670,1155),(670,1174),(636,1174)
"нT"bounds: (832,1155),(867,1152),(869,1173),(834,1176)
"63.21"bounds: (869,1151),(904,1148),(906,1170),(871,1173)
"79L+"bounds: (902,1151),(962,1151),(962,1182),(902,1182)
"783.3"bounds: (964,1151),(1010,1151),(1010,1182),(964,1182)
"キ"bounds: (172,1180),(212,1180),(212,1204),(172,1204)
"G"bounds: (359,1189),(366,1189),(366,1199),(359,1199)
"81-03-"bounds: (594,1192),(643,1193),(643,1203),(594,1202)
"79"bounds: (654,1192),(668,1192),(668,1202),(654,1202)
"KH"bounds: (839,1193),(854,1193),(854,1203),(839,1203)
"5.33"bounds: (865,1185),(895,1185),(895,1204),(865,1204)
"65-81-06-03-81-55-.._7-28-"bounds: (409,1220),(642,1222),(642,1242),(409,1240)
"79"bounds: (651,1226),(669,1226),(669,1242),(651,1242)
"KN"bounds: (838,1227),(854,1226),(855,1237),(839,1238)
"Zc"bounds: (863,1226),(878,1225),(879,1237),(864,1238)
"6.34"bounds: (889,1221),(920,1219),(921,1237),(890,1239)
"17-41-"bounds: (594,1259),(642,1260),(642,1270),(594,1269)
"79"bounds: (654,1261),(669,1261),(669,1270),(654,1270)
"/"bounds: (677,1257),(692,1257),(692,1272),(677,1272)
"ARKH"bounds: (836,1260),(871,1258),(872,1271),(837,1273)
"4b.53"bounds: (880,1256),(920,1254),(921,1271),(881,1273)
"80-"bounds: (619,1294),(642,1295),(642,1305),(619,1304)
"79"bounds: (654,1294),(668,1294),(668,1304),(654,1304)
"HT"bounds: (837,1294),(853,1293),(853,1305),(837,1306)
"102.3-41"bounds: (864,1288),(927,1286),(928,1306),(865,1308)
"本主"bounds: (154,1309),(213,1310),(212,1345),(153,1344)
"业"bounds: (215,1310),(231,1310),(230,1345),(214,1345)
"39-81-"bounds: (594,1327),(642,1329),(642,1341),(594,1339)
"79"bounds: (652,1328),(669,1329),(669,1343),(652,1342)
"TY"bounds: (837,1329),(853,1328),(854,1340),(838,1341)
"3b.21"bounds: (862,1323),(901,1321),(902,1341),(863,1343)
"262"bounds: (57,1513),(93,1513),(93,1530),(57,1530)