Texts:

"37
Is n"
60- 37 -09
HT 6b.2'
61- 37 -.7
HT 93a.6-71
*HT 93a.6-71
PK 1.3'
61- 37 -02
66- 37 -04
77- 37 -60-51
*HT 58.1
78- 37 -60-51
HT 58.1
80- 37 -17-28-04
PK 1.71
708-06- 37 -301-54-57 10 Za 85
28-37- 37 -8 1-30
HT 96a.1
日ANT2
54-40- 37 -06-76
PH Zb 54
69-73- 37 -17-03
ZA 14.33
7-306- 37 -77-08-27/ HT 4.1
*HT 41a.1'
28-81-65- 37 -28b
ZA 6b.13
06-80-80- 37 -37
*HT za 1554
06-80-80- 37 -37-313
HT Zd 1554
06-80-80-37- 37 -319
HT Zd 155"
08-07-01-67- 37 -03-81
KN Zc 6.2*
40-57-58-80- 37 -37
*HT zd 1574
40-57-58-80- 37 -37-319
HT zd 1574
59-06-60-04-10- 37 -55
IO Za 2a-h.25
BT半月F0H
4目C200I
59-06-28-301-10- 37 -55
IO Za 65
40-57-58-80-37- 37 -319
HT zd 1574
F
732
MA 2h.21
PH 30.11
*PK_ 1.81
G
80-01- 37
80-04- 37
PK 1.8'
06- 37
HT 97a.4!
CTO
59-06- 37
HT 7a.4 10b.4 98a.2'
759-06- 37
HT 49a.2
10-06-26-77-06-37
PK Za 11c4
10- 37
HT 10b.1
目260
OT非堂0
757-80-10- 37
MA 2c.2'
37-07-04-16- 37
KN Z£ 314
08-77-55-17- 37
KN Zc 7.14
7-59-55-23- 37
KN Za 10a
41-.7-84- 32
РК 1.11
01-81-09-24- 37
HT 104.1-21
..
7-27- 32
MA 2b.11
28- 37
НT 25b.2-31
201
"bounds: (108,105),(1155,105),(1155,1541),(108,1541)
"37"bounds: (1049,105),(1064,105),(1064,118),(1049,118)
"Is"bounds: (195,159),(233,160),(232,193),(194,192)
"n""bounds: (230,161),(268,162),(267,189),(229,188)
"60-"bounds: (551,179),(574,180),(574,191),(551,190)
"37"bounds: (584,180),(599,180),(599,190),(584,190)
"-09"bounds: (609,179),(632,180),(632,191),(609,190)
"HT"bounds: (717,181),(734,180),(735,192),(718,193)
"6b.2'"bounds: (743,175),(782,173),(783,192),(744,194)
"61-"bounds: (550,214),(573,214),(573,223),(550,223)
"37"bounds: (582,214),(599,214),(599,229),(582,229)
"-.7"bounds: (608,211),(658,211),(658,229),(608,229)
"HT"bounds: (717,215),(734,214),(734,226),(717,227)
"93a.6-71"bounds: (743,210),(807,208),(808,226),(744,228)
"*HT"bounds: (717,243),(741,243),(741,260),(717,260)
"93a.6-71"bounds: (752,243),(814,242),(814,260),(752,261)
"PK"bounds: (717,274),(733,273),(734,284),(718,285)
"1.3'"bounds: (744,268),(772,266),(773,285),(745,287)
"61-"bounds: (550,247),(574,248),(573,259),(549,258)
"37"bounds: (582,246),(600,247),(599,264),(581,263)
"-02"bounds: (608,247),(631,248),(630,265),(607,264)
"66-"bounds: (550,273),(572,273),(572,283),(550,283)
"37"bounds: (583,274),(598,274),(598,284),(583,284)
"-04"bounds: (608,274),(631,274),(631,284),(608,284)
"77-"bounds: (550,307),(572,307),(572,317),(550,317)
"37"bounds: (581,307),(598,307),(598,321),(581,321)
"-60-51"bounds: (608,307),(655,307),(655,319),(608,319)
"*HT"bounds: (717,303),(740,303),(740,319),(717,319)
"58.1"bounds: (750,302),(785,302),(785,321),(750,321)
"78-"bounds: (549,341),(572,341),(572,351),(549,351)
"37"bounds: (580,342),(598,342),(598,356),(580,356)
"-60-51"bounds: (607,341),(655,341),(655,353),(607,353)
"HT"bounds: (716,343),(732,343),(732,354),(716,354)
"58.1"bounds: (743,343),(771,342),(771,354),(743,355)
"80-"bounds: (548,376),(571,376),(571,386),(548,386)
"37"bounds: (580,377),(598,377),(598,391),(580,391)
"-17-28-04"bounds: (607,377),(680,377),(680,388),(607,388)
"PK"bounds: (716,378),(731,377),(732,389),(717,390)
"1.71"bounds: (744,372),(772,370),(773,388),(745,390)
"708-06-"bounds: (505,406),(571,406),(571,426),(505,426)
"37"bounds: (580,410),(598,410),(598,425),(580,425)
"-301-54-57"bounds: (606,409),(706,410),(706,427),(606,426)
"10"bounds: (718,412),(731,412),(731,422),(718,422)
"Za"bounds: (742,412),(757,412),(757,422),(742,422)
"85"bounds: (767,406),(781,406),(781,422),(767,422)
"28-37-"bounds: (522,443),(570,443),(570,453),(522,453)
"37"bounds: (582,445),(596,445),(596,455),(582,455)
"-8"bounds: (605,442),(620,442),(620,458),(605,458)
"1-30"bounds: (624,442),(654,442),(654,458),(624,458)
"HT"bounds: (715,445),(731,444),(731,456),(715,457)
"96a.1"bounds: (741,441),(781,439),(782,457),(742,459)
"日"bounds: (169,463),(202,463),(202,497),(169,497)
"ANT2"bounds: (204,463),(289,464),(289,499),(204,498)
"54-40-"bounds: (522,476),(570,475),(570,487),(522,488)
"37"bounds: (579,478),(595,478),(595,491),(579,491)
"-06-76"bounds: (606,478),(655,477),(655,488),(606,489)
"PH"bounds: (715,479),(731,478),(732,489),(716,490)
"Zb"bounds: (741,479),(755,478),(756,489),(742,490)
"54"bounds: (766,474),(780,473),(781,489),(767,490)
"69-73-"bounds: (522,510),(570,510),(570,521),(522,521)
"37"bounds: (579,512),(596,512),(596,525),(579,525)
"-17-03"bounds: (606,512),(654,512),(654,522),(606,522)
"ZA"bounds: (715,513),(729,512),(730,524),(716,525)
"14.33"bounds: (742,508),(780,505),(781,523),(743,526)
"7-306-"bounds: (512,540),(570,539),(570,558),(512,559)
"37"bounds: (578,545),(596,545),(596,560),(578,560)
"-77-08-27/"bounds: (605,543),(696,542),(696,561),(605,562)
"HT"bounds: (714,546),(730,546),(730,556),(714,556)
"4.1"bounds: (736,539),(763,539),(763,560),(736,560)
"*HT"bounds: (714,575),(738,575),(738,591),(714,591)
"41a.1'"bounds: (749,572),(794,572),(794,592),(749,592)
"28-81-65-"bounds: (496,611),(569,612),(569,623),(496,622)
"37"bounds: (580,613),(594,613),(594,622),(580,622)
"-28b"bounds: (605,611),(638,611),(638,622),(605,622)
"ZA"bounds: (714,614),(729,613),(730,625),(715,626)
"6b.13"bounds: (739,609),(779,606),(780,624),(740,627)
"06-80-80-"bounds: (495,645),(569,645),(569,662),(495,662)
"37"bounds: (578,647),(596,647),(596,661),(578,661)
"-37"bounds: (604,647),(628,647),(628,656),(604,656)
"*HT"bounds: (714,641),(737,641),(737,659),(714,659)
"za"bounds: (748,647),(761,647),(761,658),(748,658)
"1554"bounds: (775,640),(805,639),(805,658),(775,659)
"06-80-80-"bounds: (494,678),(569,678),(569,689),(494,689)
"37"bounds: (577,680),(595,680),(595,694),(577,694)
"-37-313"bounds: (604,680),(661,680),(661,690),(604,690)
"HT"bounds: (712,681),(728,680),(729,691),(713,692)
"Zd"bounds: (738,680),(752,679),(753,691),(739,692)
"1554"bounds: (765,674),(795,672),(796,691),(766,693)
"06-80-80-37-"bounds: (469,711),(568,712),(568,723),(469,722)
"37"bounds: (577,712),(595,712),(595,727),(577,727)
"-319"bounds: (604,713),(635,713),(635,723),(604,723)
"HT"bounds: (712,714),(729,714),(729,724),(712,724)
"Zd"bounds: (739,714),(752,714),(752,725),(739,725)
"155""bounds: (765,709),(795,709),(795,725),(765,725)
"08-07-01-67-"bounds: (468,744),(568,746),(568,757),(468,755)
"37"bounds: (577,746),(593,746),(593,759),(577,759)
"-03-81"bounds: (604,745),(651,746),(651,757),(604,756)
"KN"bounds: (713,747),(728,747),(728,758),(713,758)
"Zc"bounds: (737,744),(764,743),(764,759),(737,760)
"6.2*"bounds: (764,744),(794,743),(794,758),(764,759)
"40-57-58-80-"bounds: (469,778),(568,780),(568,791),(469,789)
"37"bounds: (576,781),(595,781),(595,794),(576,794)
"-37"bounds: (603,780),(627,780),(627,790),(603,790)
"*HT"bounds: (712,777),(737,777),(737,792),(712,792)
"zd"bounds: (748,775),(766,775),(766,794),(748,794)
"1574"bounds: (774,774),(803,774),(803,792),(774,792)
"40-57-58-80-"bounds: (468,811),(567,813),(567,825),(468,823)
"37"bounds: (578,814),(592,814),(592,824),(578,824)
"-37-319"bounds: (603,813),(660,814),(660,826),(603,825)
"HT"bounds: (712,816),(727,815),(727,826),(712,827)
"zd"bounds: (737,810),(760,809),(761,827),(738,828)
"1574"bounds: (764,809),(794,808),(795,826),(765,827)
"59-06-60-04-10-"bounds: (443,846),(567,847),(567,857),(443,856)
"37"bounds: (578,848),(592,848),(592,857),(578,857)
"-55"bounds: (603,848),(625,848),(625,858),(603,858)
"IO"bounds: (713,849),(728,848),(728,859),(713,860)
"Za"bounds: (737,849),(752,848),(752,860),(737,861)
"2a-h.25"bounds: (763,845),(820,843),(821,861),(764,863)
"BT"bounds: (109,866),(144,866),(144,890),(109,890)
"半月"bounds: (146,860),(199,860),(199,895),(146,895)
"F0H"bounds: (201,860),(259,860),(259,895),(201,895)
"4"bounds: (108,898),(123,898),(123,921),(108,921)
"目"bounds: (125,894),(153,894),(153,927),(125,927)
"C200I"bounds: (155,894),(261,895),(261,929),(155,928)
"59-06-28-301-10-"bounds: (434,878),(567,881),(567,893),(434,890)
"37"bounds: (576,881),(593,881),(593,894),(576,894)
"-55"bounds: (602,881),(626,881),(626,891),(602,891)
"IO"bounds: (708,878),(741,878),(741,895),(708,895)
"Za"bounds: (743,877),(759,877),(759,895),(743,895)
"65"bounds: (763,877),(777,877),(777,893),(763,893)
"40-57-58-80-37-"bounds: (442,913),(567,915),(567,925),(442,923)
"37"bounds: (578,915),(592,915),(592,925),(578,925)
"-319"bounds: (602,914),(634,914),(634,925),(602,925)
"HT"bounds: (711,917),(727,917),(727,928),(711,928)
"zd"bounds: (736,911),(756,911),(756,929),(736,929)
"1574"bounds: (764,911),(794,910),(794,926),(764,927)
"F"bounds: (374,946),(381,946),(381,956),(374,956)
"732"bounds: (560,943),(593,943),(593,962),(560,962)
"MA"bounds: (709,950),(726,949),(727,959),(710,961)
"2h.21"bounds: (737,945),(776,942),(777,960),(739,963)
"PH"bounds: (711,982),(726,981),(727,993),(712,994)
"30.11"bounds: (736,976),(774,974),(775,994),(737,996)
"*PK_"bounds: (708,1001),(746,1000),(746,1021),(708,1022)
"1.81"bounds: (746,1000),(774,1000),(774,1020),(746,1020)
"G"bounds: (371,1002),(378,1002),(378,1012),(371,1012)
"80-01-"bounds: (517,1006),(566,1006),(566,1016),(517,1016)
"37"bounds: (577,1007),(591,1007),(591,1017),(577,1017)
"80-04-"bounds: (517,1039),(566,1040),(566,1050),(517,1049)
"37"bounds: (576,1040),(591,1040),(591,1050),(576,1050)
"PK"bounds: (710,1042),(726,1040),(727,1052),(711,1054)
"1.8'"bounds: (737,1038),(766,1035),(768,1053),(739,1056)
"06-"bounds: (542,1072),(565,1074),(564,1085),(541,1083)
"37"bounds: (575,1072),(594,1073),(593,1089),(574,1088)
"HT"bounds: (709,1075),(725,1074),(726,1086),(710,1087)
"97a.4!"bounds: (735,1069),(782,1067),(783,1086),(736,1088)
"CTO"bounds: (180,1096),(239,1096),(239,1121),(180,1121)
"59-06-"bounds: (517,1105),(566,1107),(565,1119),(516,1117)
"37"bounds: (576,1107),(592,1108),(591,1122),(575,1121)
"HT"bounds: (709,1109),(725,1109),(725,1120),(709,1120)
"7a.4"bounds: (736,1102),(773,1102),(773,1120),(736,1120)
"10b.4"bounds: (786,1101),(828,1101),(828,1124),(786,1124)
"98a.2'"bounds: (845,1103),(891,1103),(891,1121),(845,1121)
"759-06-"bounds: (499,1136),(565,1137),(565,1159),(499,1158)
"37"bounds: (573,1141),(592,1141),(592,1156),(573,1156)
"HT"bounds: (709,1142),(724,1141),(724,1153),(709,1154)
"49a.2"bounds: (735,1138),(777,1137),(778,1155),(736,1156)
"10-06-26-77-06-37"bounds: (440,1172),(589,1174),(589,1189),(440,1187)
"PK"bounds: (709,1176),(725,1175),(725,1186),(709,1187)
"Za"bounds: (734,1176),(749,1175),(749,1186),(734,1187)
"11c4"bounds: (761,1171),(791,1170),(792,1188),(762,1189)
"10-"bounds: (542,1207),(565,1208),(564,1218),(541,1217)
"37"bounds: (574,1207),(592,1208),(591,1222),(573,1221)
"HT"bounds: (708,1210),(724,1209),(724,1220),(708,1221)
"10b.1"bounds: (734,1205),(776,1204),(777,1223),(735,1224)
"目"bounds: (139,1226),(167,1226),(167,1253),(139,1253)
"260"bounds: (177,1227),(239,1228),(239,1255),(177,1254)
"OT"bounds: (129,1261),(170,1261),(170,1288),(129,1288)
"非"bounds: (172,1257),(202,1257),(202,1293),(172,1293)
"堂"bounds: (204,1257),(220,1257),(220,1293),(204,1293)
"0"bounds: (224,1263),(239,1263),(239,1285),(224,1285)
"757-80-10-"bounds: (473,1236),(564,1238),(564,1258),(473,1256)
"37"bounds: (573,1241),(591,1241),(591,1257),(573,1257)
"MA"bounds: (706,1244),(722,1243),(723,1255),(707,1256)
"2c.2'"bounds: (734,1238),(772,1235),(773,1254),(735,1257)
"37-07-04-16-"bounds: (465,1273),(564,1275),(564,1286),(465,1284)
"37"bounds: (573,1275),(591,1275),(591,1289),(573,1289)
"KN"bounds: (708,1277),(724,1276),(725,1288),(709,1289)
"Z£"bounds: (733,1276),(749,1275),(750,1287),(734,1288)
"314"bounds: (758,1271),(782,1270),(783,1289),(759,1290)
"08-77-55-17-"bounds: (464,1307),(563,1308),(563,1319),(464,1318)
"37"bounds: (574,1308),(588,1308),(588,1318),(574,1318)
"KN"bounds: (707,1311),(723,1310),(723,1321),(707,1322)
"Zc"bounds: (733,1306),(759,1305),(760,1323),(734,1324)
"7.14"bounds: (759,1305),(790,1304),(791,1322),(760,1323)
"7-59-55-23-"bounds: (464,1337),(563,1339),(563,1356),(464,1354)
"37"bounds: (572,1343),(590,1343),(590,1357),(572,1357)
"KN"bounds: (707,1345),(723,1344),(724,1355),(708,1356)
"Za"bounds: (733,1344),(747,1343),(748,1355),(734,1356)
"10a"bounds: (759,1339),(790,1337),(791,1354),(760,1356)
"41-.7-84-"bounds: (464,1370),(563,1372),(563,1391),(464,1389)
"32"bounds: (572,1375),(590,1375),(590,1392),(572,1392)
"РК"bounds: (702,1375),(735,1372),(737,1391),(704,1394)
"1.11"bounds: (737,1371),(765,1368),(767,1387),(739,1390)
"01-81-09-24-"bounds: (463,1406),(563,1409),(563,1422),(463,1419)
"37"bounds: (571,1409),(590,1410),(590,1425),(571,1424)
"HT"bounds: (706,1411),(722,1410),(722,1422),(706,1423)
"104.1-21"bounds: (733,1405),(796,1403),(797,1422),(734,1424)
".."bounds: (490,1424),(500,1424),(500,1427),(490,1427)
"7-27-"bounds: (513,1439),(562,1439),(562,1459),(513,1459)
"32"bounds: (571,1444),(589,1444),(589,1459),(571,1459)
"MA"bounds: (704,1446),(722,1445),(722,1456),(704,1457)
"2b.11"bounds: (732,1441),(770,1439),(771,1456),(733,1458)
"28-"bounds: (539,1476),(562,1476),(562,1486),(539,1486)
"37"bounds: (573,1477),(587,1477),(587,1487),(573,1487)
"НT"bounds: (698,1475),(736,1474),(737,1493),(699,1494)
"25b.2-31"bounds: (738,1473),(796,1471),(797,1491),(739,1493)
"201"bounds: (1120,1522),(1155,1523),(1155,1541),(1120,1540)