Texts:

"INSCRIPTIONS EN LINÉAIRE A
Wa 1726
Wa 1727
Wa 1725
HM 435.102
HM 435.103
HM 435.104
Wa 1730
Wa 1728
Wa 1729
HM 435.107
HM 435.105
HM 435.106
Wa 1733
Wa 1731
Wa 1732
HM 435.108
HM 435. 109
HM 435. 110
Wa 1734
Wa 1735
Wa 1736
HM 435.112
HM 435.113
HM 435.111
Wa 1738
Wa 1739
Wa 1737
HM 435.114
HM 435.145
HM 435. 116
58
"bounds: (72,66),(1184,66),(1184,1517),(72,1517)
"INSCRIPTIONS"bounds: (514,67),(638,66),(638,79),(514,80)
"EN"bounds: (650,69),(671,69),(671,79),(650,79)
"LINÉAIRE"bounds: (684,66),(767,66),(767,80),(684,80)
"A"bounds: (778,70),(787,70),(787,81),(778,81)
"Wa"bounds: (598,147),(629,148),(629,163),(598,162)
"1726"bounds: (643,147),(684,148),(684,164),(643,163)
"Wa"bounds: (963,145),(994,146),(994,161),(963,160)
"1727"bounds: (1008,146),(1049,147),(1049,162),(1008,161)
"Wa"bounds: (229,144),(260,144),(260,158),(229,158)
"1725"bounds: (274,144),(315,144),(315,159),(274,159)
"HM"bounds: (353,351),(375,351),(375,365),(353,365)
"435.102"bounds: (381,350),(445,350),(445,366),(381,366)
"HM"bounds: (719,353),(742,354),(742,368),(719,367)
"435.103"bounds: (748,353),(812,355),(812,370),(748,368)
"HM"bounds: (1065,353),(1089,355),(1088,368),(1064,366)
"435.104"bounds: (1097,356),(1169,361),(1168,374),(1096,369)
"Wa"bounds: (960,414),(991,414),(991,428),(960,428)
"1730"bounds: (1006,414),(1047,414),(1047,428),(1006,428)
"Wa"bounds: (229,412),(260,413),(259,427),(228,426)
"1728"bounds: (274,414),(315,416),(314,431),(273,429)
"Wa"bounds: (601,416),(632,416),(632,430),(601,430)
"1729"bounds: (647,417),(688,417),(688,431),(647,431)
"HM"bounds: (1058,614),(1083,615),(1082,629),(1057,628)
"435.107"bounds: (1090,616),(1162,619),(1161,633),(1089,630)
"HM"bounds: (355,616),(376,616),(376,629),(355,629)
"435.105"bounds: (382,616),(449,616),(449,629),(382,629)
"HM"bounds: (699,624),(722,624),(722,638),(699,638)
"435.106"bounds: (731,621),(803,620),(803,638),(731,639)
"Wa"bounds: (961,683),(992,684),(992,698),(961,697)
"1733"bounds: (1007,682),(1047,683),(1047,699),(1007,698)
"Wa"bounds: (232,681),(263,682),(263,696),(232,695)
"1731"bounds: (277,681),(316,682),(316,698),(277,697)
"Wa"bounds: (605,685),(636,686),(636,700),(605,699)
"1732"bounds: (651,685),(691,686),(691,701),(651,700)
"HM"bounds: (357,895),(378,895),(378,909),(357,909)
"435.108"bounds: (383,893),(447,892),(447,908),(383,909)
"HM"bounds: (703,891),(726,891),(726,906),(703,906)
"435."bounds: (734,892),(769,893),(769,906),(734,905)
"109"bounds: (776,894),(809,894),(809,907),(776,907)
"HM"bounds: (1080,898),(1105,899),(1104,914),(1080,913)
"435."bounds: (1112,898),(1147,899),(1146,916),(1111,915)
"110"bounds: (1153,903),(1184,904),(1184,917),(1153,916)
"Wa"bounds: (229,953),(260,954),(260,969),(229,968)
"1734"bounds: (275,954),(316,955),(316,971),(275,970)
"Wa"bounds: (602,956),(633,957),(633,971),(602,970)
"1735"bounds: (648,956),(688,957),(688,972),(648,971)
"Wa"bounds: (965,956),(996,956),(996,970),(965,970)
"1736"bounds: (1011,957),(1052,958),(1052,972),(1011,971)
"HM"bounds: (699,1159),(726,1160),(726,1175),(699,1174)
"435.112"bounds: (736,1160),(815,1162),(814,1177),(736,1175)
"HM"bounds: (1061,1167),(1084,1167),(1084,1181),(1061,1181)
"435.113"bounds: (1092,1166),(1167,1167),(1167,1181),(1092,1180)
"HM"bounds: (354,1166),(381,1168),(380,1182),(353,1180)
"435.111"bounds: (390,1166),(465,1171),(464,1187),(389,1182)
"Wa"bounds: (603,1229),(635,1229),(635,1243),(603,1243)
"1738"bounds: (649,1228),(690,1228),(690,1244),(649,1244)
"Wa"bounds: (965,1229),(996,1230),(996,1245),(965,1244)
"1739"bounds: (1010,1230),(1051,1231),(1051,1245),(1010,1244)
"Wa"bounds: (229,1227),(261,1227),(261,1241),(229,1241)
"1737"bounds: (275,1227),(316,1227),(316,1242),(275,1242)
"HM"bounds: (345,1424),(368,1424),(368,1437),(345,1437)
"435.114"bounds: (375,1422),(446,1423),(446,1440),(375,1439)
"HM"bounds: (707,1427),(732,1428),(732,1442),(707,1441)
"435.145"bounds: (739,1427),(809,1429),(808,1444),(738,1442)
"HM"bounds: (1054,1427),(1081,1427),(1081,1441),(1054,1441)
"435."bounds: (1089,1426),(1123,1426),(1123,1441),(1089,1441)
"116"bounds: (1130,1428),(1158,1428),(1158,1442),(1130,1442)
"58"bounds: (72,1501),(95,1501),(95,1517),(72,1517)