Texts:

"HAGHIA TRIADA - NODULES
Wa 1211
Wa 1212
Wa 1213
HM 443.35
HM 443. 36
HM 443.37
Wa 1214
Wa 1215
Wa 1216
HM 443.38
HM 443.39
HM 443.40
Wa 1217
Wa 1218
Wa 1219
HM 443.41
HM 443. 42
HM 443. 43
Wa 1220
Wa 1221
Wa 1222
HM 443. 44
HM 443.45
HM 443.46
Wa 1223
Wa 1224
Wa 1225
HM 443.47
HM 452.28
HM 452.29
23
"bounds: (175,80),(1163,80),(1163,1536),(175,1536)
"HAGHIA"bounds: (463,80),(529,80),(529,91),(463,91)
"TRIADA"bounds: (542,80),(605,80),(605,91),(542,91)
"-"bounds: (617,86),(621,86),(621,87),(617,87)
"NODULES"bounds: (633,80),(711,80),(711,91),(633,91)
"Wa"bounds: (177,162),(208,162),(208,177),(177,177)
"1211"bounds: (222,161),(261,160),(261,176),(222,177)
"Wa"bounds: (545,162),(576,162),(576,176),(545,176)
"1212"bounds: (590,161),(631,161),(631,176),(590,176)
"Wa"bounds: (909,161),(939,160),(939,174),(909,175)
"1213"bounds: (954,160),(994,159),(994,173),(954,174)
"HM"bounds: (283,364),(310,364),(310,378),(283,378)
"443.35"bounds: (318,363),(398,362),(398,378),(318,379)
"HM"bounds: (634,361),(661,361),(661,375),(634,375)
"443."bounds: (672,362),(717,363),(717,378),(672,377)
"36"bounds: (724,361),(746,361),(746,376),(724,376)
"HM"bounds: (989,358),(1016,359),(1016,373),(989,372)
"443.37"bounds: (1029,359),(1108,361),(1108,375),(1029,373)
"Wa"bounds: (175,433),(206,433),(206,447),(175,447)
"1214"bounds: (221,432),(261,432),(261,448),(221,448)
"Wa"bounds: (546,433),(577,433),(577,447),(546,447)
"1215"bounds: (592,432),(632,432),(632,447),(592,447)
"Wa"bounds: (908,431),(939,431),(939,445),(908,445)
"1216"bounds: (954,431),(994,431),(994,445),(954,445)
"HM"bounds: (282,628),(310,628),(310,641),(282,641)
"443.38"bounds: (321,628),(394,629),(394,643),(321,642)
"HM"bounds: (648,631),(676,631),(676,646),(648,646)
"443.39"bounds: (687,631),(765,631),(765,646),(687,646)
"HM"bounds: (975,628),(1006,628),(1006,642),(975,642)
"443.40"bounds: (1020,628),(1108,628),(1108,642),(1020,642)
"Wa"bounds: (176,702),(207,702),(207,716),(176,716)
"1217"bounds: (222,703),(263,703),(263,717),(222,717)
"Wa"bounds: (546,702),(576,701),(576,715),(546,716)
"1218"bounds: (591,702),(632,701),(632,715),(591,716)
"Wa"bounds: (909,702),(940,702),(940,717),(909,717)
"1219"bounds: (955,703),(995,704),(995,719),(955,718)
"HM"bounds: (276,905),(309,905),(309,919),(276,919)
"443.41"bounds: (320,903),(406,902),(406,918),(320,919)
"HM"bounds: (632,903),(661,903),(661,916),(632,916)
"443."bounds: (672,901),(720,900),(720,914),(672,915)
"42"bounds: (728,899),(758,899),(758,913),(728,913)
"HM"bounds: (999,905),(1027,905),(1027,919),(999,919)
"443."bounds: (1036,903),(1082,903),(1082,917),(1036,917)
"43"bounds: (1091,902),(1115,902),(1115,916),(1091,916)
"Wa"bounds: (181,976),(212,976),(212,990),(181,990)
"1220"bounds: (227,976),(267,976),(267,990),(227,990)
"Wa"bounds: (552,976),(582,976),(582,990),(552,990)
"1221"bounds: (597,976),(636,976),(636,990),(597,990)
"Wa"bounds: (911,976),(942,976),(942,990),(911,990)
"1222"bounds: (957,974),(997,974),(997,989),(957,989)
"HM"bounds: (290,1174),(316,1174),(316,1187),(290,1187)
"443."bounds: (325,1175),(368,1176),(368,1188),(325,1187)
"44"bounds: (377,1174),(398,1174),(398,1188),(377,1188)
"HM"bounds: (642,1166),(670,1166),(670,1180),(642,1180)
"443.45"bounds: (679,1167),(755,1168),(755,1182),(679,1181)
"HM"bounds: (992,1172),(1018,1172),(1018,1186),(992,1186)
"443.46"bounds: (1028,1171),(1107,1171),(1107,1186),(1028,1186)
"Wa"bounds: (183,1247),(213,1247),(213,1261),(183,1261)
"1223"bounds: (228,1247),(268,1247),(268,1262),(228,1262)
"Wa"bounds: (552,1247),(583,1247),(583,1261),(552,1261)
"1224"bounds: (598,1246),(638,1246),(638,1261),(598,1261)
"Wa"bounds: (915,1244),(946,1244),(946,1258),(915,1258)
"1225"bounds: (961,1244),(1001,1244),(1001,1258),(961,1258)
"HM"bounds: (286,1442),(316,1442),(316,1455),(286,1455)
"443.47"bounds: (327,1442),(402,1442),(402,1457),(327,1457)
"HM"bounds: (653,1442),(680,1442),(680,1454),(653,1454)
"452.28"bounds: (691,1441),(758,1442),(758,1455),(691,1454)
"HM"bounds: (1014,1443),(1037,1443),(1037,1456),(1014,1456)
"452.29"bounds: (1047,1442),(1111,1442),(1111,1456),(1047,1456)
"23"bounds: (1140,1520),(1163,1520),(1163,1536),(1140,1536)