Texts:

"CONCORDANCE ARITHMO-SÉMIOGRAPHIQUE A
115
GORILA
PUGLIESE CARRATELLI 1963
BRICE 1961
RAISON-POPE 1977
REMARQUES
L 17 L 97
AB 10
АВ 11
В 12
АВ 13
В 14
В 15
AB 16
АВ 17
В 18
В 19
АВ 20
АВ 21
AB 21
L 17 L 97 (a-e)
L 15 L 21
97 (sauf a')
21 (a a' b)
L 15 L 21
B
L 46 L 84 L 104 Lc 20
L 46 L 84 L' 13 Lc 20
84 a
B
B
L 62
L 62
62
L 23
L 23
23
B
B
667
L 48 (b)
L 48 (a) L 79 L 99 (e) L 109L 48 L' 32 L 79 L 109 48 a 79 83 b 93 (f')
L 111 L 134
L 48'
48 b
L 111 L 112 Lm' 2
109 111 162 597 (b)
633
АВ 21 m
АВ 22
АВ 22
597 (a)
140 (a)
140 (b) 627 (a) 96
(а IV)
Lm 3 Lm 5 (a)
L 27 L 67 (d)
Lc 38
L 61
AB 22m
Lm 3 Lm 5 (a)
626 G
АВ 23
L 27 L 104
27 84 b 86 (c')
AB 23m
L'2 Lc 38
538 a b e
АВ 24
B 25
АВ 26
L 61
61
L 55
L 55
55
AB 27
L 54
L 54
54
АВ 28
L 19 L 38 L 100 L 131
L 100 L 118 L 131 L' 18 100 a
100 b
(pas-
sim)
100 b (passim)
A 28b
АВ 29
АВ 30
АВ 31
в 32
В 33
АВ 4
В 35
в 36
АВ 37
АВ 38
АВ 39
АВ 40
АВ 41
В 42
В 43
АВ 44
АВ 45
АВ 46
АВ 47
В 48
АВ 49
АВ 50
АВ 51
L 100
A
L 34 L 130
L 34 L' 18 L 101
34 60
L 60
L 31
L 60
60
L 31
31
B
L 69
L 69
69
B (= B 34)
B
20 (a b b') 78
20 (a') 44 135
41 56 a 95 (o" II)
L 20 L 78
L 20 L 78 L 135
L 44
L 5 L 41 L 56 Lc 76
L 20 L 44 L 135
L 5 L 41 L 56 (a) Lc 76
L 28
L 28 L 132
28
L 57
L 19 L 57
57
B
B
L 24
L 24
24 93 (e')
L 102 (a-f, i)
L 81 (a, b)
L 102 (g, h)
L 102 Lc 88
102 a
L 81
81 a
L 29 L 102
102 b 154
L 120
L 120
120
L 64 L 127
L 64 L 127
64 205
L 93
L 93
93
"bounds: (171,185),(965,185),(965,1329),(171,1329)
"CONCORDANCE"bounds: (368,189),(492,189),(492,198),(368,198)
"ARITHMO-SÉMIOGRAPHIQUE"bounds: (505,185),(743,185),(743,201),(505,201)
"A"bounds: (756,189),(766,189),(766,198),(756,198)
"115"bounds: (937,185),(965,185),(965,198),(937,198)
"GORILA"bounds: (193,254),(247,255),(247,266),(193,265)
"PUGLIESE"bounds: (275,254),(347,254),(347,265),(275,265)
"CARRATELLI"bounds: (355,254),(444,254),(444,265),(355,265)
"1963"bounds: (454,254),(485,254),(485,265),(454,265)
"BRICE"bounds: (542,254),(587,254),(587,265),(542,265)
"1961"bounds: (599,253),(629,253),(629,265),(599,265)
"RAISON-POPE"bounds: (695,253),(797,252),(797,264),(695,265)
"1977"bounds: (807,253),(839,253),(839,264),(807,264)
"REMARQUES"bounds: (861,254),(952,255),(952,267),(861,266)
"L"bounds: (499,301),(508,301),(508,311),(499,311)
"17"bounds: (519,297),(537,297),(537,313),(519,313)
"L"bounds: (543,301),(552,301),(552,311),(543,311)
"97"bounds: (559,301),(575,301),(575,311),(559,311)
"AB"bounds: (171,299),(201,298),(201,314),(171,315)
"10"bounds: (210,301),(224,301),(224,312),(210,312)
"АВ"bounds: (182,318),(215,319),(215,336),(182,335)
"11"bounds: (217,319),(226,319),(226,335),(217,335)
"В"bounds: (209,340),(216,340),(216,355),(209,355)
"12"bounds: (218,340),(227,340),(227,355),(218,355)
"АВ"bounds: (183,360),(215,360),(215,375),(183,375)
"13"bounds: (217,360),(226,360),(226,375),(217,375)
"В"bounds: (209,381),(216,381),(216,396),(209,396)
"14"bounds: (218,381),(227,381),(227,396),(218,396)
"В"bounds: (211,400),(216,400),(216,415),(211,415)
"15"bounds: (218,401),(224,401),(224,416),(218,416)
"AB"bounds: (172,422),(201,422),(201,435),(172,435)
"16"bounds: (210,422),(224,422),(224,433),(210,433)
"АВ"bounds: (182,440),(214,440),(214,456),(182,456)
"17"bounds: (216,440),(225,440),(225,455),(216,455)
"В"bounds: (208,460),(215,460),(215,475),(208,475)
"18"bounds: (217,459),(226,459),(226,475),(217,475)
"В"bounds: (211,481),(217,481),(217,494),(211,494)
"19"bounds: (219,481),(226,481),(226,494),(219,494)
"АВ"bounds: (185,500),(212,499),(212,515),(185,516)
"20"bounds: (214,500),(226,500),(226,515),(214,515)
"АВ"bounds: (186,520),(213,521),(213,536),(186,535)
"21"bounds: (215,521),(227,521),(227,536),(215,536)
"AB"bounds: (179,542),(202,541),(202,553),(179,554)
"21"bounds: (210,539),(225,539),(225,555),(210,555)
"L"bounds: (280,301),(289,301),(289,311),(280,311)
"17"bounds: (298,301),(311,301),(311,312),(298,312)
"L"bounds: (323,301),(332,301),(332,311),(323,311)
"97"bounds: (339,300),(354,300),(354,311),(339,311)
"(a-e)"bounds: (362,300),(393,301),(393,316),(362,315)
"L"bounds: (287,318),(294,318),(294,333),(287,333)
"15"bounds: (297,321),(311,321),(311,332),(297,332)
"L"bounds: (323,321),(331,321),(331,332),(323,332)
"21"bounds: (339,321),(352,321),(352,332),(339,332)
"97"bounds: (693,300),(708,300),(708,311),(693,311)
"(sauf"bounds: (720,300),(755,300),(755,314),(720,314)
"a')"bounds: (765,300),(782,300),(782,314),(765,314)
"21"bounds: (692,320),(707,320),(707,331),(692,331)
"(a"bounds: (721,321),(735,321),(735,334),(721,334)
"a'"bounds: (742,320),(754,320),(754,331),(742,331)
"b)"bounds: (762,320),(775,320),(775,334),(762,334)
"L"bounds: (499,321),(508,321),(508,331),(499,331)
"15"bounds: (517,321),(531,321),(531,331),(517,331)
"L"bounds: (543,321),(552,321),(552,331),(543,331)
"21"bounds: (559,321),(573,321),(573,331),(559,331)
"B"bounds: (859,340),(869,340),(869,351),(859,351)
"L"bounds: (280,362),(288,362),(288,372),(280,372)
"46"bounds: (296,361),(312,361),(312,372),(296,372)
"L"bounds: (320,361),(329,361),(329,372),(320,372)
"84"bounds: (337,361),(352,361),(352,372),(337,372)
"L"bounds: (361,361),(370,361),(370,372),(361,372)
"104"bounds: (379,362),(401,362),(401,373),(379,373)
"Lc"bounds: (410,362),(427,362),(427,372),(410,372)
"20"bounds: (434,362),(450,362),(450,372),(434,372)
"L"bounds: (500,361),(509,361),(509,372),(500,372)
"46"bounds: (516,361),(532,361),(532,372),(516,372)
"L"bounds: (542,361),(551,361),(551,372),(542,372)
"84"bounds: (558,361),(573,361),(573,372),(558,372)
"L'"bounds: (584,361),(598,361),(598,372),(584,372)
"13"bounds: (606,361),(621,361),(621,372),(606,372)
"Lc"bounds: (630,361),(648,361),(648,372),(630,372)
"20"bounds: (655,361),(670,361),(670,371),(655,371)
"84"bounds: (693,360),(708,360),(708,372),(693,372)
"a"bounds: (715,364),(722,364),(722,372),(715,372)
"B"bounds: (859,381),(869,381),(869,391),(859,391)
"B"bounds: (859,401),(869,401),(869,411),(859,411)
"L"bounds: (280,422),(288,422),(288,433),(280,433)
"62"bounds: (296,422),(312,422),(312,433),(296,433)
"L"bounds: (500,422),(509,422),(509,432),(500,432)
"62"bounds: (516,422),(532,422),(532,433),(516,433)
"62"bounds: (693,421),(709,421),(709,432),(693,432)
"L"bounds: (286,439),(294,439),(294,456),(286,456)
"23"bounds: (296,442),(312,442),(312,452),(296,452)
"L"bounds: (500,442),(509,442),(509,452),(500,452)
"23"bounds: (516,442),(532,442),(532,453),(516,453)
"23"bounds: (693,441),(708,441),(708,451),(693,451)
"B"bounds: (860,460),(869,460),(869,471),(860,471)
"B"bounds: (860,480),(869,480),(869,491),(860,491)
"667"bounds: (693,500),(718,500),(718,512),(693,512)
"L"bounds: (280,522),(289,522),(289,532),(280,532)
"48"bounds: (296,522),(312,522),(312,533),(296,533)
"(b)"bounds: (320,522),(338,522),(338,536),(320,536)
"L"bounds: (280,542),(289,542),(289,553),(280,553)
"48"bounds: (296,542),(311,542),(311,553),(296,553)
"(a)"bounds: (319,542),(336,542),(336,556),(319,556)
"L"bounds: (344,542),(352,542),(352,553),(344,553)
"79"bounds: (360,542),(375,542),(375,553),(360,553)
"L"bounds: (383,541),(391,541),(391,552),(383,552)
"99"bounds: (398,541),(414,541),(414,553),(398,553)
"(e)"bounds: (422,542),(438,542),(438,556),(422,556)
"L"bounds: (446,542),(455,542),(455,552),(446,552)
"109L"bounds: (463,539),(509,539),(509,556),(463,556)
"48"bounds: (516,541),(532,541),(532,552),(516,552)
"L'"bounds: (544,541),(558,541),(558,552),(544,552)
"32"bounds: (566,540),(581,540),(581,552),(566,552)
"L"bounds: (593,540),(602,540),(602,551),(593,551)
"79"bounds: (610,541),(625,541),(625,552),(610,552)
"L"bounds: (639,541),(648,541),(648,551),(639,551)
"109"bounds: (657,538),(679,538),(679,555),(657,555)
"48"bounds: (694,541),(709,541),(709,551),(694,551)
"a"bounds: (716,544),(723,544),(723,552),(716,552)
"79"bounds: (733,541),(748,541),(748,552),(733,552)
"83"bounds: (757,541),(773,541),(773,552),(757,552)
"b"bounds: (781,540),(788,540),(788,551),(781,551)
"93"bounds: (797,540),(813,540),(813,551),(797,551)
"(f')"bounds: (822,540),(846,540),(846,554),(822,554)
"L"bounds: (295,559),(304,559),(304,573),(295,573)
"111"bounds: (307,562),(328,562),(328,572),(307,572)
"L"bounds: (341,562),(350,562),(350,572),(341,572)
"134"bounds: (359,562),(381,562),(381,572),(359,572)
"L"bounds: (500,521),(509,521),(509,532),(500,532)
"48'"bounds: (516,521),(537,521),(537,532),(516,532)
"48"bounds: (693,521),(709,521),(709,531),(693,531)
"b"bounds: (716,521),(724,521),(724,531),(716,531)
"L"bounds: (509,561),(518,561),(518,572),(509,572)
"111"bounds: (527,561),(548,561),(548,572),(527,572)
"L"bounds: (561,561),(570,561),(570,572),(561,572)
"112"bounds: (579,561),(603,561),(603,572),(579,572)
"Lm'"bounds: (614,561),(643,561),(643,572),(614,572)
"2"bounds: (653,561),(661,561),(661,571),(653,571)
"109"bounds: (695,561),(718,561),(718,571),(695,571)
"111"bounds: (728,561),(749,561),(749,571),(728,571)
"162"bounds: (760,560),(783,560),(783,571),(760,571)
"597"bounds: (791,560),(815,560),(815,571),(791,571)
"(b)"bounds: (824,560),(846,560),(846,574),(824,574)
"633"bounds: (703,580),(727,580),(727,591),(703,591)
"АВ"bounds: (183,601),(213,600),(213,615),(183,616)
"21"bounds: (215,600),(227,600),(227,615),(215,615)
"m"bounds: (229,604),(237,604),(237,609),(229,609)
"АВ"bounds: (186,620),(213,620),(213,635),(186,635)
"22"bounds: (215,620),(227,620),(227,635),(215,635)
"АВ"bounds: (185,640),(212,639),(212,654),(185,655)
"22"bounds: (214,639),(228,639),(228,654),(214,654)
"597"bounds: (694,600),(718,601),(718,612),(694,611)
"(a)"bounds: (728,600),(749,601),(748,615),(727,614)
"140"bounds: (696,619),(719,620),(718,632),(695,631)
"(a)"bounds: (728,620),(749,621),(748,635),(727,634)
"140"bounds: (695,641),(718,641),(718,651),(695,651)
"(b)"bounds: (728,641),(749,641),(749,654),(728,654)
"627"bounds: (763,641),(787,641),(787,651),(763,651)
"(a)"bounds: (797,641),(818,641),(818,654),(797,654)
"96"bounds: (830,638),(846,638),(846,655),(830,655)
"(а"bounds: (688,659),(726,658),(726,675),(688,676)
"IV)"bounds: (728,661),(750,661),(750,675),(728,675)
"Lm"bounds: (281,682),(305,682),(305,692),(281,692)
"3"bounds: (312,682),(319,682),(319,693),(312,693)
"Lm"bounds: (330,682),(354,682),(354,692),(330,692)
"5"bounds: (361,682),(368,682),(368,692),(361,692)
"(a)"bounds: (375,681),(393,681),(393,696),(375,696)
"L"bounds: (281,702),(290,702),(290,712),(281,712)
"27"bounds: (297,701),(313,701),(313,712),(297,712)
"L"bounds: (324,702),(333,702),(333,712),(324,712)
"67"bounds: (341,702),(356,702),(356,712),(341,712)
"(d)"bounds: (364,701),(382,701),(382,716),(364,716)
"Lc"bounds: (273,720),(307,720),(307,733),(273,733)
"38"bounds: (305,721),(321,721),(321,733),(305,733)
"L"bounds: (290,739),(297,739),(297,752),(290,752)
"61"bounds: (297,742),(311,742),(311,752),(297,752)
"AB"bounds: (179,682),(202,682),(202,693),(179,693)
"22m"bounds: (209,682),(238,681),(238,691),(209,692)
"Lm"bounds: (501,682),(524,682),(524,692),(501,692)
"3"bounds: (532,681),(539,681),(539,692),(532,692)
"Lm"bounds: (550,681),(574,681),(574,692),(550,692)
"5"bounds: (581,681),(588,681),(588,692),(581,692)
"(a)"bounds: (595,681),(613,681),(613,695),(595,695)
"626"bounds: (694,681),(718,681),(718,691),(694,691)
"G"bounds: (730,681),(740,681),(740,692),(730,692)
"АВ"bounds: (186,700),(213,700),(213,715),(186,715)
"23"bounds: (215,700),(227,700),(227,715),(215,715)
"L"bounds: (501,701),(510,701),(510,711),(501,711)
"27"bounds: (517,701),(533,701),(533,712),(517,712)
"L"bounds: (544,702),(553,702),(553,712),(544,712)
"104"bounds: (562,701),(584,701),(584,711),(562,711)
"27"bounds: (694,701),(710,701),(710,711),(694,711)
"84"bounds: (721,701),(736,701),(736,711),(721,711)
"b"bounds: (744,700),(751,700),(751,711),(744,711)
"86"bounds: (762,700),(777,700),(777,711),(762,711)
"(c')"bounds: (787,700),(811,700),(811,713),(787,713)
"AB"bounds: (180,722),(203,722),(203,732),(180,732)
"23m"bounds: (210,722),(238,722),(238,732),(210,732)
"L'2"bounds: (501,721),(525,721),(525,732),(501,732)
"Lc"bounds: (536,722),(553,722),(553,732),(536,732)
"38"bounds: (560,722),(575,722),(575,732),(560,732)
"538"bounds: (694,721),(719,721),(719,731),(694,731)
"a"bounds: (726,724),(732,724),(732,731),(726,731)
"b"bounds: (744,721),(751,721),(751,731),(744,731)
"e"bounds: (762,724),(768,724),(768,731),(762,731)
"АВ"bounds: (186,740),(213,740),(213,755),(186,755)
"24"bounds: (215,740),(227,740),(227,755),(215,755)
"B"bounds: (203,760),(211,760),(211,773),(203,773)
"25"bounds: (210,761),(225,761),(225,772),(210,772)
"АВ"bounds: (184,779),(213,779),(213,795),(184,795)
"26"bounds: (215,779),(227,779),(227,795),(215,795)
"L"bounds: (501,741),(510,741),(510,752),(501,752)
"61"bounds: (517,742),(531,742),(531,752),(517,752)
"61"bounds: (694,741),(707,741),(707,750),(694,750)
"L"bounds: (281,781),(290,781),(290,792),(281,792)
"55"bounds: (297,781),(313,781),(313,792),(297,792)
"L"bounds: (501,781),(510,781),(510,792),(501,792)
"55"bounds: (517,780),(533,780),(533,792),(517,792)
"55"bounds: (695,780),(710,780),(710,791),(695,791)
"AB"bounds: (181,801),(203,801),(203,812),(181,812)
"27"bounds: (210,801),(226,801),(226,812),(210,812)
"L"bounds: (281,801),(290,801),(290,812),(281,812)
"54"bounds: (297,801),(313,801),(313,812),(297,812)
"L"bounds: (501,801),(510,801),(510,811),(501,811)
"54"bounds: (518,801),(533,801),(533,811),(518,811)
"54"bounds: (695,800),(710,800),(710,811),(695,811)
"АВ"bounds: (184,818),(213,818),(213,834),(184,834)
"28"bounds: (215,818),(227,818),(227,834),(215,834)
"L"bounds: (281,821),(290,821),(290,831),(281,831)
"19"bounds: (299,821),(313,821),(313,831),(299,831)
"L"bounds: (322,821),(331,821),(331,831),(322,831)
"38"bounds: (338,821),(353,821),(353,831),(338,831)
"L"bounds: (362,821),(371,821),(371,831),(362,831)
"100"bounds: (380,821),(403,821),(403,831),(380,831)
"L"bounds: (411,821),(420,821),(420,831),(411,831)
"131"bounds: (429,821),(450,821),(450,831),(429,831)
"L"bounds: (501,821),(510,821),(510,831),(501,831)
"100"bounds: (519,820),(543,820),(543,831),(519,831)
"L"bounds: (550,820),(558,820),(558,831),(550,831)
"118"bounds: (567,820),(591,820),(591,831),(567,831)
"L"bounds: (597,820),(606,820),(606,830),(597,830)
"131"bounds: (615,820),(637,820),(637,831),(615,831)
"L'"bounds: (645,820),(659,820),(659,830),(645,830)
"18"bounds: (666,817),(681,817),(681,833),(666,833)
"100"bounds: (696,820),(719,820),(719,830),(696,830)
"a"bounds: (727,823),(733,823),(733,831),(727,831)
"100"bounds: (753,820),(776,820),(776,830),(753,830)
"b"bounds: (784,820),(791,820),(791,830),(784,830)
"(pas-"bounds: (812,819),(847,819),(847,833),(812,833)
"sim)"bounds: (703,840),(736,840),(736,853),(703,853)
"100"bounds: (696,859),(719,859),(719,870),(696,870)
"b"bounds: (727,859),(734,859),(734,870),(727,870)
"(passim)"bounds: (747,857),(812,858),(812,874),(747,873)
"A"bounds: (202,858),(211,858),(211,875),(202,875)
"28b"bounds: (210,860),(236,860),(236,871),(210,871)
"АВ"bounds: (187,878),(214,877),(214,892),(187,893)
"29"bounds: (216,877),(228,877),(228,892),(216,892)
"АВ"bounds: (184,898),(218,898),(218,913),(184,913)
"30"bounds: (220,898),(229,898),(229,913),(220,913)
"АВ"bounds: (184,917),(220,917),(220,932),(184,932)
"31"bounds: (222,917),(228,917),(228,932),(222,932)
"в"bounds: (210,938),(217,938),(217,953),(210,953)
"32"bounds: (219,937),(228,937),(228,953),(219,953)
"В"bounds: (212,958),(218,958),(218,971),(212,971)
"33"bounds: (220,957),(227,957),(227,970),(220,970)
"АВ"bounds: (181,978),(218,977),(218,993),(181,994)
"4"bounds: (220,977),(227,977),(227,993),(220,993)
"В"bounds: (214,996),(220,996),(220,1011),(214,1011)
"35"bounds: (222,996),(228,996),(228,1011),(222,1011)
"в"bounds: (211,1017),(218,1017),(218,1032),(211,1032)
"36"bounds: (220,1017),(229,1017),(229,1032),(220,1032)
"АВ"bounds: (184,1036),(218,1036),(218,1051),(184,1051)
"37"bounds: (220,1036),(229,1036),(229,1051),(220,1051)
"АВ"bounds: (185,1056),(218,1056),(218,1072),(185,1072)
"38"bounds: (220,1056),(229,1056),(229,1072),(220,1072)
"АВ"bounds: (184,1076),(217,1076),(217,1092),(184,1092)
"39"bounds: (219,1076),(231,1076),(231,1092),(219,1092)
"АВ"bounds: (188,1097),(215,1096),(215,1111),(188,1112)
"40"bounds: (218,1096),(229,1096),(229,1111),(218,1111)
"АВ"bounds: (188,1116),(215,1116),(215,1132),(188,1132)
"41"bounds: (217,1116),(229,1116),(229,1131),(217,1131)
"В"bounds: (211,1136),(218,1136),(218,1151),(211,1151)
"42"bounds: (220,1136),(229,1136),(229,1151),(220,1151)
"В"bounds: (211,1156),(218,1156),(218,1171),(211,1171)
"43"bounds: (220,1156),(229,1156),(229,1171),(220,1171)
"АВ"bounds: (185,1175),(216,1174),(216,1191),(185,1192)
"44"bounds: (218,1175),(227,1175),(227,1191),(218,1191)
"АВ"bounds: (188,1195),(215,1195),(215,1211),(188,1211)
"45"bounds: (218,1195),(229,1195),(229,1210),(218,1210)
"АВ"bounds: (186,1216),(218,1216),(218,1231),(186,1231)
"46"bounds: (220,1216),(229,1216),(229,1231),(220,1231)
"АВ"bounds: (184,1236),(217,1236),(217,1252),(184,1252)
"47"bounds: (219,1236),(228,1236),(228,1252),(219,1252)
"В"bounds: (213,1256),(220,1256),(219,1271),(212,1271)
"48"bounds: (222,1257),(231,1257),(230,1272),(221,1272)
"АВ"bounds: (185,1275),(218,1275),(218,1291),(185,1291)
"49"bounds: (220,1275),(229,1275),(229,1291),(220,1291)
"АВ"bounds: (186,1295),(218,1294),(219,1309),(187,1310)
"50"bounds: (220,1293),(229,1293),(230,1308),(221,1308)
"АВ"bounds: (185,1313),(218,1313),(218,1329),(185,1329)
"51"bounds: (220,1313),(229,1313),(229,1329),(220,1329)
"L"bounds: (501,860),(510,860),(510,870),(501,870)
"100"bounds: (519,860),(542,860),(542,871),(519,871)
"A"bounds: (861,859),(872,859),(872,869),(861,869)
"L"bounds: (281,880),(290,880),(290,891),(281,891)
"34"bounds: (298,880),(313,880),(313,891),(298,891)
"L"bounds: (325,881),(334,881),(334,891),(325,891)
"130"bounds: (343,880),(366,880),(366,891),(343,891)
"L"bounds: (502,880),(511,880),(511,890),(502,890)
"34"bounds: (518,880),(534,880),(534,890),(518,890)
"L'"bounds: (542,880),(556,880),(556,890),(542,890)
"18"bounds: (565,880),(579,880),(579,890),(565,890)
"L"bounds: (587,880),(596,880),(596,890),(587,890)
"101"bounds: (605,880),(626,880),(626,890),(605,890)
"34"bounds: (695,879),(710,879),(710,890),(695,890)
"60"bounds: (721,879),(737,879),(737,890),(721,890)
"L"bounds: (288,898),(296,898),(296,914),(288,914)
"60"bounds: (302,900),(318,900),(318,911),(302,911)
"L"bounds: (288,918),(295,918),(295,933),(288,933)
"31"bounds: (302,920),(316,920),(316,931),(302,931)
"L"bounds: (501,900),(510,900),(510,910),(501,910)
"60"bounds: (518,900),(534,900),(534,911),(518,911)
"60"bounds: (695,899),(711,899),(711,908),(695,908)
"L"bounds: (508,918),(515,918),(515,933),(508,933)
"31"bounds: (518,920),(532,920),(532,930),(518,930)
"31"bounds: (695,919),(709,919),(709,930),(695,930)
"B"bounds: (862,938),(871,938),(871,948),(862,948)
"L"bounds: (282,980),(291,980),(291,990),(282,990)
"69"bounds: (298,980),(314,980),(314,991),(298,991)
"L"bounds: (502,980),(511,980),(511,990),(502,990)
"69"bounds: (519,980),(534,980),(534,990),(519,990)
"69"bounds: (695,979),(711,979),(711,989),(695,989)
"B"bounds: (862,998),(871,998),(871,1008),(862,1008)
"(="bounds: (884,999),(902,999),(902,1012),(884,1012)
"B"bounds: (911,998),(921,998),(921,1008),(911,1008)
"34)"bounds: (928,998),(949,998),(949,1011),(928,1011)
"B"bounds: (862,1018),(872,1018),(872,1028),(862,1028)
"20"bounds: (695,1038),(711,1038),(711,1049),(695,1049)
"(a"bounds: (721,1038),(734,1038),(734,1051),(721,1051)
"b"bounds: (746,1037),(752,1037),(752,1048),(746,1048)
"b')"bounds: (764,1038),(782,1038),(782,1051),(764,1051)
"78"bounds: (794,1038),(810,1038),(810,1048),(794,1048)
"20"bounds: (695,1058),(711,1058),(711,1069),(695,1069)
"(a')"bounds: (720,1058),(747,1058),(747,1071),(720,1071)
"44"bounds: (758,1058),(774,1058),(774,1068),(758,1068)
"135"bounds: (787,1057),(809,1057),(809,1068),(787,1068)
"41"bounds: (696,1078),(710,1078),(710,1088),(696,1088)
"56"bounds: (722,1077),(738,1077),(738,1088),(722,1088)
"a"bounds: (745,1080),(751,1080),(751,1088),(745,1088)
"95"bounds: (763,1077),(778,1077),(778,1089),(763,1089)
"(o""bounds: (786,1077),(807,1077),(807,1092),(786,1092)
"II)"bounds: (819,1077),(837,1077),(837,1091),(819,1091)
"L"bounds: (282,1040),(291,1040),(291,1050),(282,1050)
"20"bounds: (299,1039),(314,1039),(314,1050),(299,1050)
"L"bounds: (326,1039),(334,1039),(334,1050),(326,1050)
"78"bounds: (343,1038),(358,1038),(358,1050),(343,1050)
"L"bounds: (502,1039),(511,1039),(511,1050),(502,1050)
"20"bounds: (519,1039),(535,1039),(535,1050),(519,1050)
"L"bounds: (545,1039),(554,1039),(554,1050),(545,1050)
"78"bounds: (562,1038),(577,1038),(577,1049),(562,1049)
"L"bounds: (588,1038),(597,1038),(597,1049),(588,1049)
"135"bounds: (606,1038),(629,1038),(629,1049),(606,1049)
"L"bounds: (509,1057),(516,1057),(517,1072),(510,1072)
"44"bounds: (518,1059),(533,1058),(533,1068),(518,1069)
"L"bounds: (503,1079),(512,1079),(512,1089),(503,1089)
"5"bounds: (524,1075),(531,1075),(531,1091),(524,1091)
"L"bounds: (535,1079),(543,1079),(543,1089),(535,1089)
"41"bounds: (551,1078),(565,1078),(565,1089),(551,1089)
"L"bounds: (575,1078),(584,1078),(584,1088),(575,1088)
"56"bounds: (592,1078),(607,1078),(607,1089),(592,1089)
"Lc"bounds: (616,1078),(633,1078),(633,1089),(616,1089)
"76"bounds: (640,1078),(655,1078),(655,1089),(640,1089)
"L"bounds: (283,1059),(291,1059),(291,1070),(283,1070)
"20"bounds: (299,1059),(315,1059),(315,1070),(299,1070)
"L"bounds: (326,1059),(335,1059),(335,1070),(326,1070)
"44"bounds: (342,1059),(357,1059),(357,1070),(342,1070)
"L"bounds: (369,1059),(378,1059),(378,1070),(369,1070)
"135"bounds: (387,1058),(410,1058),(410,1069),(387,1069)
"L"bounds: (283,1079),(292,1079),(292,1089),(283,1089)
"5"bounds: (303,1076),(310,1076),(310,1093),(303,1093)
"L"bounds: (315,1079),(324,1079),(324,1089),(315,1089)
"41"bounds: (331,1079),(345,1079),(345,1089),(331,1089)
"L"bounds: (355,1079),(364,1079),(364,1089),(355,1089)
"56"bounds: (372,1079),(387,1079),(387,1089),(372,1089)
"(a)"bounds: (395,1078),(413,1078),(413,1093),(395,1093)
"Lc"bounds: (422,1079),(440,1079),(440,1089),(422,1089)
"76"bounds: (447,1079),(462,1079),(462,1089),(447,1089)
"L"bounds: (289,1096),(297,1096),(297,1112),(289,1112)
"28"bounds: (299,1099),(315,1099),(315,1110),(299,1110)
"L"bounds: (503,1098),(512,1098),(512,1109),(503,1109)
"28"bounds: (519,1098),(535,1098),(535,1109),(519,1109)
"L"bounds: (546,1098),(555,1098),(555,1109),(546,1109)
"132"bounds: (564,1098),(587,1098),(587,1109),(564,1109)
"28"bounds: (696,1098),(711,1098),(711,1108),(696,1108)
"L"bounds: (283,1119),(292,1119),(292,1129),(283,1129)
"57"bounds: (299,1118),(315,1118),(315,1130),(299,1130)
"L"bounds: (503,1118),(512,1118),(512,1129),(503,1129)
"19"bounds: (521,1118),(535,1118),(535,1129),(521,1129)
"L"bounds: (546,1118),(555,1118),(555,1129),(546,1129)
"57"bounds: (563,1118),(578,1118),(578,1129),(563,1129)
"57"bounds: (696,1117),(711,1117),(711,1128),(696,1128)
"B"bounds: (863,1137),(872,1137),(872,1147),(863,1147)
"B"bounds: (863,1157),(872,1157),(872,1167),(863,1167)
"L"bounds: (283,1178),(292,1178),(292,1188),(283,1188)
"24"bounds: (299,1178),(315,1178),(315,1188),(299,1188)
"L"bounds: (504,1178),(513,1178),(513,1188),(504,1188)
"24"bounds: (519,1177),(535,1178),(535,1189),(519,1188)
"24"bounds: (696,1177),(712,1177),(712,1187),(696,1187)
"93"bounds: (723,1177),(739,1177),(739,1188),(723,1188)
"(e')"bounds: (748,1176),(772,1176),(772,1190),(748,1190)
"L"bounds: (283,1198),(292,1198),(292,1208),(283,1208)
"102"bounds: (301,1198),(325,1199),(325,1210),(301,1209)
"(a-f,"bounds: (332,1198),(361,1199),(361,1213),(332,1212)
"i)"bounds: (372,1198),(379,1198),(379,1211),(372,1211)
"L"bounds: (283,1218),(292,1218),(292,1228),(283,1228)
"81"bounds: (305,1216),(320,1216),(320,1232),(305,1232)
"(a,"bounds: (323,1218),(340,1218),(340,1232),(323,1232)
"b)"bounds: (351,1218),(364,1218),(364,1231),(351,1231)
"L"bounds: (284,1238),(292,1238),(292,1248),(284,1248)
"102"bounds: (302,1237),(324,1237),(324,1249),(302,1249)
"(g,"bounds: (332,1238),(349,1238),(349,1251),(332,1251)
"h)"bounds: (360,1237),(373,1237),(373,1250),(360,1250)
"L"bounds: (504,1198),(512,1198),(512,1208),(504,1208)
"102"bounds: (521,1198),(544,1198),(544,1208),(521,1208)
"Lc"bounds: (556,1198),(573,1198),(573,1208),(556,1208)
"88"bounds: (580,1198),(595,1198),(595,1208),(580,1208)
"102"bounds: (698,1197),(721,1197),(721,1207),(698,1207)
"a"bounds: (728,1200),(734,1200),(734,1207),(728,1207)
"L"bounds: (510,1216),(517,1216),(517,1229),(510,1229)
"81"bounds: (520,1218),(533,1218),(533,1228),(520,1228)
"81"bounds: (696,1217),(711,1217),(711,1228),(696,1228)
"a"bounds: (719,1220),(726,1220),(726,1228),(719,1228)
"L"bounds: (503,1238),(512,1238),(512,1248),(503,1248)
"29"bounds: (520,1238),(535,1238),(535,1248),(520,1248)
"L"bounds: (547,1238),(556,1238),(556,1248),(547,1248)
"102"bounds: (565,1237),(588,1237),(588,1247),(565,1247)
"102"bounds: (698,1237),(721,1237),(721,1248),(698,1248)
"b"bounds: (728,1236),(735,1236),(735,1247),(728,1247)
"154"bounds: (748,1236),(770,1236),(770,1247),(748,1247)
"L"bounds: (284,1278),(292,1278),(292,1287),(284,1287)
"120"bounds: (302,1277),(325,1277),(325,1288),(302,1288)
"L"bounds: (504,1277),(512,1277),(512,1287),(504,1287)
"120"bounds: (522,1277),(545,1277),(545,1288),(522,1288)
"120"bounds: (698,1276),(721,1276),(721,1287),(698,1287)
"L"bounds: (284,1297),(293,1297),(293,1307),(284,1307)
"64"bounds: (300,1297),(315,1297),(315,1307),(300,1307)
"L"bounds: (328,1297),(336,1297),(336,1308),(328,1308)
"127"bounds: (345,1297),(367,1297),(367,1308),(345,1308)
"L"bounds: (504,1297),(512,1297),(512,1307),(504,1307)
"64"bounds: (520,1297),(536,1297),(536,1307),(520,1307)
"L"bounds: (547,1297),(556,1297),(556,1307),(547,1307)
"127"bounds: (565,1297),(588,1297),(588,1307),(565,1307)
"64"bounds: (697,1296),(712,1296),(712,1306),(697,1306)
"205"bounds: (723,1296),(748,1296),(748,1306),(723,1306)
"L"bounds: (291,1314),(298,1314),(298,1329),(291,1329)
"93"bounds: (300,1317),(316,1317),(316,1328),(300,1328)
"L"bounds: (511,1314),(518,1314),(518,1329),(511,1329)
"93"bounds: (520,1317),(535,1317),(535,1327),(520,1327)
"93"bounds: (697,1316),(712,1316),(712,1326),(697,1326)