Texts:

"INSCRIPTIONS EN LINÉAIRE A
Wa 1546
Wa 1547
Wa 1548
HM 455.16
Bigorini 17
HM 459.1
Wa 1549
Wa 1550
Wa 1551
HM 459.2
HM 459.3
HM 459.4
Wa 1552
Wa 1553
Wa 1554
HM 459.5
HM 459.6
HM 459.7
Wa 1555
Wa 1556
Wa 1557
ito
HM 459.8
HM 459.9
Firenze 3
Wa 1558
Wa 1559
Wa 1560
Firenze 4
Pigorini 2
Pigonini 18
46
"bounds: (80,65),(1163,65),(1163,1520),(80,1520)
"INSCRIPTIONS"bounds: (515,67),(639,68),(639,79),(515,78)
"EN"bounds: (651,69),(673,69),(673,79),(651,79)
"LINÉAIRE"bounds: (684,65),(768,65),(768,80),(684,80)
"A"bounds: (779,69),(789,69),(789,80),(779,80)
"Wa"bounds: (233,148),(264,148),(264,162),(233,162)
"1546"bounds: (279,146),(319,146),(319,161),(279,161)
"Wa"bounds: (605,149),(636,149),(636,163),(605,163)
"1547"bounds: (650,149),(691,149),(691,164),(650,164)
"Wa"bounds: (965,149),(996,149),(996,164),(965,164)
"1548"bounds: (1010,150),(1051,150),(1051,164),(1010,164)
"HM"bounds: (339,352),(364,353),(364,366),(339,365)
"455.16"bounds: (373,352),(433,354),(432,369),(373,367)
"Bigorini"bounds: (699,348),(760,350),(759,378),(698,376)
"17"bounds: (772,359),(787,359),(787,372),(772,372)
"HM"bounds: (1069,356),(1091,356),(1091,368),(1069,368)
"459.1"bounds: (1103,357),(1154,358),(1154,370),(1103,369)
"Wa"bounds: (237,415),(268,415),(268,429),(237,429)
"1549"bounds: (283,415),(323,415),(323,429),(283,429)
"Wa"bounds: (608,416),(639,416),(639,430),(608,430)
"1550"bounds: (653,415),(694,415),(694,430),(653,430)
"Wa"bounds: (967,417),(998,417),(998,431),(967,431)
"1551"bounds: (1013,416),(1051,416),(1051,431),(1013,431)
"HM"bounds: (364,622),(389,622),(389,635),(364,635)
"459.2"bounds: (401,622),(458,623),(458,639),(401,638)
"HM"bounds: (717,621),(743,621),(743,634),(717,634)
"459.3"bounds: (753,619),(799,618),(799,634),(753,635)
"HM"bounds: (1064,622),(1090,622),(1090,636),(1064,636)
"459.4"bounds: (1106,622),(1161,622),(1161,636),(1106,636)
"Wa"bounds: (239,683),(270,683),(270,698),(239,698)
"1552"bounds: (285,684),(325,685),(325,700),(285,699)
"Wa"bounds: (607,684),(638,684),(638,699),(607,699)
"1553"bounds: (653,684),(693,684),(693,700),(653,700)
"Wa"bounds: (967,685),(999,685),(999,699),(967,699)
"1554"bounds: (1013,685),(1054,685),(1054,700),(1013,700)
"HM"bounds: (356,889),(378,889),(378,902),(356,902)
"459.5"bounds: (393,889),(442,890),(442,904),(393,903)
"HM"bounds: (725,893),(749,893),(749,906),(725,906)
"459.6"bounds: (760,891),(806,890),(806,904),(760,905)
"HM"bounds: (1073,891),(1100,892),(1100,908),(1073,907)
"459.7"bounds: (1113,892),(1163,893),(1163,907),(1113,906)
"Wa"bounds: (238,955),(269,955),(269,970),(238,970)
"1555"bounds: (283,955),(323,955),(323,970),(283,970)
"Wa"bounds: (610,954),(641,954),(641,968),(610,968)
"1556"bounds: (655,954),(696,954),(696,969),(655,969)
"Wa"bounds: (969,957),(1000,957),(1000,971),(969,971)
"1557"bounds: (1015,956),(1055,956),(1055,971),(1015,971)
"ito"bounds: (355,1042),(463,1039),(466,1143),(358,1147)
"HM"bounds: (372,1160),(398,1161),(398,1175),(372,1174)
"459.8"bounds: (408,1160),(454,1161),(454,1175),(408,1174)
"HM"bounds: (708,1163),(734,1164),(734,1177),(708,1176)
"459.9"bounds: (748,1163),(798,1164),(798,1179),(748,1178)
"Firenze"bounds: (1073,1164),(1132,1165),(1132,1182),(1073,1181)
"3"bounds: (1146,1168),(1152,1168),(1152,1178),(1146,1178)
"Wa"bounds: (240,1227),(271,1227),(271,1241),(240,1241)
"1558"bounds: (285,1227),(326,1227),(326,1242),(285,1242)
"Wa"bounds: (613,1229),(644,1229),(644,1243),(613,1243)
"1559"bounds: (659,1229),(699,1229),(699,1244),(659,1244)
"Wa"bounds: (972,1228),(1004,1228),(1004,1243),(972,1243)
"1560"bounds: (1018,1227),(1059,1227),(1059,1243),(1018,1243)
"Firenze"bounds: (355,1420),(411,1423),(410,1441),(354,1438)
"4"bounds: (422,1427),(431,1428),(430,1439),(421,1439)
"Pigorini"bounds: (704,1432),(768,1430),(769,1460),(705,1462)
"2"bounds: (782,1438),(794,1438),(794,1449),(782,1449)
"Pigonini"bounds: (1067,1426),(1126,1426),(1126,1451),(1067,1451)
"18"bounds: (1140,1434),(1159,1434),(1159,1445),(1140,1445)
"46"bounds: (80,1503),(103,1503),(103,1520),(80,1520)