Texts:

"TABLEAU DES VARIANTES DES SIGNES
XLI
PH 6.2 HT 66.1 HT116.3 TY 3b.2 IO Za 6 PH 13c
AB80
KH 64.2 HT 39.3 ZA8.4 HT 88.5 HT69.2 HT8565 ZA 56.1
HT 52 a.1. ZA150.4 PH 31a.2 HT10A.1
(?)
PYR 1.1 AR
AR
IO Za id.4 ko za 1d PH Fa.3
SY Za la
МА ЛЬ
SK Zb 1
AB 84
HT86 a.1 HT24 a.1HTWa 1490 HTWA 1518 HTwa 1552 HTWA 1582
HT Wa ns86 TY3..7 MA 2b.2 HTA.3 HTWa 1614 HT27A.7 ZA15..1
ZA Zb3.2
HT Wa 1600 ARKH3..6
::.
LA Zb1
"bounds: (141,80),(1053,80),(1053,1394),(141,1394)
"TABLEAU"bounds: (401,80),(478,80),(478,89),(401,89)
"DES"bounds: (492,80),(522,80),(522,89),(492,89)
"VARIANTES"bounds: (535,80),(630,80),(630,89),(535,89)
"DES"bounds: (643,80),(673,80),(673,89),(643,89)
"SIGNES"bounds: (687,80),(745,80),(745,89),(687,89)
"XLI"bounds: (944,81),(972,81),(972,90),(944,90)
"PH"bounds: (146,280),(220,280),(220,311),(146,311)
"6.2"bounds: (228,289),(254,289),(254,311),(228,311)
"HT"bounds: (290,284),(343,284),(343,310),(290,310)
"66.1"bounds: (357,287),(425,287),(425,313),(357,313)
"HT116.3"bounds: (452,284),(594,284),(594,312),(452,312)
"TY"bounds: (613,287),(666,287),(666,314),(613,314)
"3b.2"bounds: (674,280),(741,280),(741,314),(674,314)
"IO"bounds: (761,281),(816,281),(816,314),(761,314)
"Za"bounds: (833,280),(864,280),(864,319),(833,319)
"6"bounds: (866,280),(917,280),(917,319),(866,319)
"PH"bounds: (911,285),(951,285),(951,312),(911,312)
"13c"bounds: (959,293),(1013,293),(1013,312),(959,312)
"AB80"bounds: (456,374),(557,375),(557,402),(456,401)
"KH"bounds: (146,498),(186,498),(186,517),(146,517)
"64.2"bounds: (197,496),(260,496),(260,517),(197,517)
"HT"bounds: (285,491),(337,491),(337,523),(285,523)
"39.3"bounds: (351,491),(409,491),(409,523),(351,523)
"ZA8.4"bounds: (430,496),(525,496),(525,520),(430,520)
"HT"bounds: (546,496),(586,496),(586,516),(546,516)
"88.5"bounds: (596,498),(653,498),(653,517),(596,517)
"HT69.2"bounds: (677,498),(789,498),(789,518),(677,518)
"HT8565"bounds: (816,491),(927,491),(927,518),(816,518)
"ZA"bounds: (940,491),(992,491),(992,523),(940,523)
"56.1"bounds: (990,491),(1046,491),(1046,515),(990,515)
"HT"bounds: (144,613),(182,613),(182,634),(144,634)
"52"bounds: (192,614),(221,614),(221,633),(192,633)
"a.1."bounds: (231,617),(276,617),(276,639),(231,639)
"ZA150.4"bounds: (300,615),(417,615),(417,638),(300,638)
"PH"bounds: (434,611),(475,611),(475,638),(434,638)
"31a.2"bounds: (478,611),(562,611),(562,638),(478,638)
"HT10A.1"bounds: (587,615),(725,615),(725,639),(587,639)
"(?)"bounds: (457,633),(486,633),(486,655),(457,655)
"PYR"bounds: (757,616),(812,616),(812,635),(757,635)
"1.1"bounds: (821,617),(861,617),(861,634),(821,634)
"AR"bounds: (889,614),(925,614),(925,634),(889,634)
"AR"bounds: (149,723),(188,723),(188,746),(149,746)
"IO"bounds: (294,721),(341,721),(341,748),(294,748)
"Za"bounds: (353,723),(388,723),(388,748),(353,748)
"id.4"bounds: (398,721),(466,722),(466,751),(398,750)
"ko"bounds: (517,722),(573,723),(573,755),(517,754)
"za"bounds: (575,723),(595,723),(595,754),(575,754)
"1d"bounds: (598,728),(636,728),(636,749),(598,749)
"PH"bounds: (669,725),(713,725),(713,750),(669,750)
"Fa.3"bounds: (725,724),(795,725),(795,753),(725,752)
"SY"bounds: (956,779),(991,778),(992,801),(957,802)
"Za"bounds: (993,778),(1021,777),(1022,799),(994,800)
"la"bounds: (1023,780),(1049,779),(1050,794),(1024,795)
"МА"bounds: (148,840),(222,839),(222,870),(148,871)
"ЛЬ"bounds: (224,839),(248,839),(248,870),(224,870)
"SK"bounds: (842,830),(906,830),(906,859),(842,859)
"Zb"bounds: (908,830),(931,830),(931,859),(908,859)
"1"bounds: (928,835),(947,835),(947,853),(928,853)
"AB"bounds: (435,926),(488,927),(488,955),(435,954)
"84"bounds: (502,931),(545,932),(545,954),(502,953)
"HT86"bounds: (141,1040),(232,1040),(232,1073),(141,1073)
"a.1"bounds: (226,1052),(271,1052),(271,1068),(226,1068)
"HT24"bounds: (303,1047),(379,1047),(379,1071),(303,1071)
"a.1HTWa"bounds: (391,1041),(506,1042),(506,1072),(391,1071)
"1490"bounds: (517,1042),(594,1042),(594,1075),(517,1075)
"HTWA"bounds: (590,1043),(656,1043),(656,1072),(590,1072)
"1518"bounds: (665,1043),(725,1043),(725,1076),(665,1076)
"HTwa"bounds: (727,1043),(798,1043),(798,1076),(727,1076)
"1552"bounds: (803,1051),(871,1051),(871,1071),(803,1071)
"HTWA"bounds: (879,1044),(944,1044),(944,1071),(879,1071)
"1582"bounds: (957,1052),(1027,1052),(1027,1073),(957,1073)
"HT"bounds: (145,1161),(184,1161),(184,1187),(145,1187)
"Wa"bounds: (194,1159),(227,1159),(227,1185),(194,1185)
"ns86"bounds: (234,1165),(283,1165),(283,1185),(234,1185)
"TY3..7"bounds: (305,1162),(398,1163),(398,1188),(305,1187)
"MA"bounds: (420,1164),(455,1164),(455,1187),(420,1187)
"2b.2"bounds: (464,1161),(521,1161),(521,1186),(464,1186)
"HTA.3"bounds: (550,1165),(627,1165),(627,1187),(550,1187)
"HTWa"bounds: (649,1163),(723,1163),(723,1188),(649,1188)
"1614"bounds: (731,1168),(787,1168),(787,1187),(731,1187)
"HT27A.7"bounds: (802,1164),(927,1165),(927,1189),(802,1188)
"ZA15..1"bounds: (952,1163),(1053,1164),(1053,1195),(952,1194)
"ZA"bounds: (144,1301),(198,1301),(198,1337),(144,1337)
"Zb3.2"bounds: (196,1305),(279,1306),(279,1334),(196,1333)
"HT"bounds: (486,1306),(529,1306),(529,1336),(486,1336)
"Wa"bounds: (541,1306),(575,1306),(575,1337),(541,1337)
"1600"bounds: (583,1312),(643,1312),(643,1333),(583,1333)
"ARKH3..6"bounds: (677,1309),(836,1310),(836,1335),(677,1334)
"::."bounds: (343,1315),(364,1315),(364,1324),(343,1324)
"LA"bounds: (389,1372),(424,1372),(424,1394),(389,1394)
"Zb1"bounds: (439,1372),(500,1371),(500,1391),(439,1392)