Texts:

"KH 62
.C3,10Jx C4.50) x ,20 cm.
- Compde
bas .
Кн 63
-[3,10]x [4,50] x 0,60 cm .
КН 64
-[1.40]x [8,90] ×[0.20] cm.
84
"bounds: (67,62),(1152,62),(1152,1521),(67,1521)
"KH"bounds: (74,62),(112,63),(112,80),(74,79)
"62"bounds: (128,63),(152,63),(152,80),(128,80)
".C3,10Jx"bounds: (797,409),(906,411),(906,430),(797,428)
"C4.50)"bounds: (923,410),(1008,412),(1008,430),(923,428)
"x"bounds: (1021,418),(1033,418),(1033,429),(1021,429)
",20"bounds: (1048,412),(1111,413),(1111,435),(1048,434)
"cm."bounds: (1113,414),(1152,415),(1152,436),(1113,435)
"-"bounds: (796,434),(816,434),(816,464),(796,464)
"Compde"bounds: (809,436),(894,436),(894,458),(809,458)
"bas"bounds: (959,437),(1019,438),(1019,461),(959,460)
"."bounds: (1021,437),(1026,437),(1025,466),(1020,466)
"Кн"bounds: (79,586),(127,587),(127,609),(79,608)
"63"bounds: (124,590),(148,590),(148,607),(124,607)
"-[3,10]x"bounds: (837,885),(898,885),(898,904),(837,904)
"[4,50]"bounds: (904,885),(950,885),(950,905),(904,905)
"x"bounds: (957,892),(964,892),(964,900),(957,900)
"0,60"bounds: (970,889),(1003,889),(1003,902),(970,902)
"cm"bounds: (1007,892),(1028,892),(1028,900),(1007,900)
"."bounds: (1032,898),(1033,898),(1033,899),(1032,899)
"КН"bounds: (70,1116),(127,1116),(127,1137),(70,1137)
"64"bounds: (121,1121),(145,1121),(145,1137),(121,1137)
"-[1.40]x"bounds: (788,1431),(856,1434),(855,1457),(787,1454)
"[8,90]"bounds: (862,1436),(915,1439),(914,1460),(861,1457)
"×[0.20]"bounds: (922,1440),(977,1443),(976,1463),(921,1460)
"cm."bounds: (982,1450),(1007,1451),(1007,1459),(982,1458)
"84"bounds: (67,1505),(91,1505),(91,1521),(67,1521)