Texts:

"TABLEAU DES VARIANTES DES SIGNES
XXXVII
AB 54
PK Za 11 HT20.4 HT85 6.4 IO Za RaaMA 10b.1 IO Za 3
AB 55
HT1.3 KH 6.2 IO Za 6 ZA 9. 4
AB S6
HT1.3 HT8..4 APZA 2.1
AB 57
HT7 .2 IO Za 3 (KH 8ì.2) (HT34.5)
AB 58
HT108.2 SYZ. 2a HT95 b.3 TL Za 1a HT Zb 158b KNZ316OWC1
AB 59
HT25A.3 HTW 1278 APZA 1 HT6A.6
"bounds: (92,81),(1045,81),(1045,1361),(92,1361)
"TABLEAU"bounds: (394,83),(471,83),(471,91),(394,91)
"DES"bounds: (485,82),(515,82),(515,91),(485,91)
"VARIANTES"bounds: (528,82),(623,82),(623,91),(528,91)
"DES"bounds: (636,82),(666,82),(666,90),(636,90)
"SIGNES"bounds: (680,81),(738,81),(738,90),(680,90)
"XXXVII"bounds: (904,82),(965,82),(965,91),(904,91)
"AB"bounds: (444,193),(483,193),(483,217),(444,217)
"54"bounds: (494,191),(530,191),(530,220),(494,220)
"PK"bounds: (94,313),(129,313),(129,339),(94,339)
"Za"bounds: (140,311),(178,310),(178,344),(140,345)
"11"bounds: (180,310),(207,310),(207,345),(180,345)
"HT20.4"bounds: (219,310),(324,309),(324,337),(219,338)
"HT85"bounds: (350,314),(429,313),(429,336),(350,337)
"6.4"bounds: (439,310),(479,309),(479,334),(439,335)
"IO"bounds: (497,310),(538,309),(538,334),(497,335)
"Za"bounds: (547,314),(579,314),(579,334),(547,334)
"RaaMA"bounds: (588,307),(674,306),(674,335),(588,336)
"10b.1"bounds: (687,307),(766,306),(766,331),(687,332)
"IO"bounds: (786,303),(830,302),(830,329),(786,330)
"Za"bounds: (841,307),(870,307),(870,331),(841,331)
"3"bounds: (880,312),(893,312),(893,330),(880,330)
"AB"bounds: (444,400),(481,400),(481,426),(444,426)
"55"bounds: (492,402),(527,402),(527,425),(492,425)
"HT1.3"bounds: (99,518),(188,517),(188,545),(99,546)
"KH"bounds: (218,518),(256,518),(256,543),(218,543)
"6.2"bounds: (268,520),(315,520),(315,545),(268,545)
"IO"bounds: (333,515),(381,515),(381,541),(333,541)
"Za"bounds: (392,517),(429,517),(429,542),(392,542)
"6"bounds: (438,519),(453,519),(453,541),(438,541)
"ZA"bounds: (472,516),(518,516),(518,543),(472,543)
"9."bounds: (531,514),(557,514),(557,548),(531,548)
"4"bounds: (557,522),(574,522),(574,540),(557,540)
"AB"bounds: (441,601),(492,601),(492,629),(441,629)
"S6"bounds: (501,606),(536,606),(536,628),(501,628)
"HT1.3"bounds: (100,727),(182,727),(182,749),(100,749)
"HT8..4"bounds: (217,726),(334,726),(334,748),(217,748)
"APZA"bounds: (363,723),(443,723),(443,753),(363,753)
"2.1"bounds: (446,723),(490,723),(490,753),(446,753)
"AB"bounds: (445,805),(489,807),(488,833),(444,831)
"57"bounds: (502,808),(537,809),(536,833),(501,832)
"HT7"bounds: (92,918),(181,918),(181,957),(92,957)
".2"bounds: (183,918),(221,918),(221,957),(183,957)
"IO"bounds: (248,921),(293,921),(293,950),(248,950)
"Za"bounds: (310,917),(333,917),(333,956),(310,956)
"3"bounds: (350,917),(373,917),(373,956),(350,956)
"(KH"bounds: (396,923),(449,923),(449,956),(396,956)
"8ì.2)"bounds: (460,916),(531,916),(531,956),(460,956)
"(HT34.5)"bounds: (558,918),(705,917),(705,954),(558,955)
"AB"bounds: (432,1007),(479,1007),(479,1036),(432,1036)
"58"bounds: (489,1011),(522,1011),(522,1034),(489,1034)
"HT108.2"bounds: (105,1130),(219,1129),(219,1153),(105,1154)
"SYZ."bounds: (248,1127),(324,1126),(324,1153),(248,1154)
"2a"bounds: (333,1134),(366,1134),(366,1153),(333,1153)
"HT95"bounds: (379,1130),(456,1129),(456,1154),(379,1155)
"b.3"bounds: (467,1129),(509,1129),(509,1152),(467,1152)
"TL"bounds: (540,1129),(585,1129),(585,1152),(540,1152)
"Za"bounds: (594,1131),(628,1131),(628,1152),(594,1152)
"1a"bounds: (637,1134),(672,1134),(672,1152),(637,1152)
"HT"bounds: (683,1127),(722,1127),(722,1150),(683,1150)
"Zb"bounds: (730,1126),(766,1126),(766,1151),(730,1151)
"158b"bounds: (774,1126),(828,1126),(828,1149),(774,1149)
"KNZ316OWC1"bounds: (850,1122),(1045,1121),(1045,1156),(850,1157)
"AB"bounds: (428,1211),(475,1212),(474,1240),(427,1239)
"59"bounds: (484,1217),(518,1218),(518,1241),(484,1240)
"HT25A.3"bounds: (109,1333),(239,1332),(239,1357),(109,1358)
"HTW"bounds: (265,1331),(352,1331),(352,1360),(265,1360)
"1278"bounds: (362,1334),(427,1334),(427,1357),(362,1357)
"APZA"bounds: (459,1327),(550,1327),(550,1361),(459,1361)
"1"bounds: (564,1327),(585,1327),(585,1361),(564,1361)
"HT6A.6"bounds: (609,1330),(728,1330),(728,1356),(609,1356)