Texts:

"KH 50
-[5,60]x [5,10] x 1,80 cm
- Coupée
en bas
КН 51
-[3.70]x[3,30]x 1,00 cm.
KH 52
-[4.00] x [4.,70] x [o.40] cm
74
"bounds: (66,65),(1080,65),(1080,1524),(66,1524)
"KH"bounds: (67,65),(105,66),(105,83),(67,82)
"50"bounds: (121,66),(145,66),(145,83),(121,83)
"-[5,60]x"bounds: (816,406),(904,405),(904,435),(816,436)
"[5,10]"bounds: (913,406),(979,405),(979,430),(913,431)
"x"bounds: (989,414),(998,414),(998,424),(989,424)
"1,80"bounds: (1010,409),(1049,408),(1049,425),(1010,426)
"cm"bounds: (1059,414),(1080,414),(1080,422),(1059,422)
"-"bounds: (824,453),(837,453),(838,472),(825,472)
"Coupée"bounds: (839,453),(891,451),(892,470),(840,472)
"en"bounds: (909,459),(933,456),(934,464),(910,467)
"bas"bounds: (947,450),(975,446),(977,463),(949,467)
"КН"bounds: (77,591),(125,592),(124,614),(76,613)
"51"bounds: (121,594),(143,595),(142,612),(121,611)
"-[3.70]x[3,30]x"bounds: (792,927),(952,927),(952,954),(792,954)
"1,00"bounds: (963,934),(1000,934),(1000,949),(963,949)
"cm."bounds: (1009,937),(1039,937),(1039,945),(1009,945)
"KH"bounds: (67,1125),(106,1126),(106,1143),(67,1142)
"52"bounds: (121,1125),(145,1125),(145,1142),(121,1142)
"-[4.00]"bounds: (776,1401),(842,1402),(842,1428),(776,1427)
"x"bounds: (849,1398),(864,1398),(864,1433),(849,1433)
"[4.,70]"bounds: (864,1403),(915,1404),(915,1430),(864,1429)
"x"bounds: (921,1415),(927,1415),(927,1424),(921,1424)
"[o.40]"bounds: (934,1404),(989,1405),(989,1429),(934,1428)
"cm"bounds: (995,1414),(1018,1414),(1018,1423),(995,1423)
"74"bounds: (66,1508),(90,1508),(90,1524),(66,1524)