Texts:

"80
320-320- 80 -02
PH HC 40a-b?
757-10-03- 80 -28-01/ Jo7 PK Za 9.24
757-10-03- 80 -28-01-301-07/ *pK Za 9.24
...
59-28-55- 80 -03
ZA 8.3-43
GO Pc la.1-32
*HT Zd 1574
08-31-58- 80 -28-09
40-57-58-
80
-37-37
40-57-58-80 -37-37-319
HT Zd 1574
57-31-31-60- 80 -06
KN Za 10a-b4
-3全日YFX+-
-81-16-54-31-05- 80 -02-
KO(?) ZE 24
780
08-51-L. J- 80
77-.7- 80
ZA 29.13
*TY 3a.3!
F
G.
*HT 140.31
51-01- 80
HT 6h.41
7-06- 80
TL Za 1c4
半本了必
28-39-06- 80
АP Za 2.14
IO Za 2d.15
KO Za 1c-d4
VRY Za la
TX
MA 1b'
08- 80
08- 80 L
ZA 7b.15
HT 64.21
нT 118.41
HT 115b.3
26- 80 /
53-26- 80
81-26- 80
14 XC
728- 80
ZA 6h.53
L.7-28- 80
*PL Z£ 14
67-30- 80
ZA Sa.1-23
58-67-30- 80
*ZA 5a.1-23
31- 80
HT 6h.5' 10a.1' 52a.1'
ZA 10b.3-43
41- 80
PH Zh 44
16-55- 80
HT 116a.6
KH 88.15
727-57- 80
*TRA Zb 14
Y目2
HT 31.31
31-57- 80
53-58- 80
HT 115a [.61
753-58- 80
HT 81.2' *115a.1'
VÇX
PH WC 382
314-59- 80
HT 117a.3-41
HT 94h.1
69-65- 80
69- 80
265
"bounds: (81,102),(1160,102),(1160,1540),(81,1540)
"80"bounds: (1049,102),(1067,102),(1067,114),(1049,114)
"320-320-"bounds: (492,181),(558,179),(558,192),(492,194)
"80"bounds: (570,178),(585,177),(585,189),(570,190)
"-02"bounds: (594,178),(618,177),(618,190),(594,191)
"PH"bounds: (725,179),(741,178),(742,191),(726,192)
"HC"bounds: (750,179),(765,178),(766,190),(751,191)
"40a-b?"bounds: (776,172),(825,169),(826,190),(777,193)
"757-10-03-"bounds: (467,212),(558,211),(558,229),(467,230)
"80"bounds: (570,213),(585,213),(585,229),(570,229)
"-28-01/"bounds: (595,210),(660,209),(660,228),(595,229)
"Jo7"bounds: (672,207),(706,207),(706,228),(672,228)
"PK"bounds: (726,214),(742,214),(742,226),(726,226)
"Za"bounds: (752,214),(766,214),(766,224),(752,224)
"9.24"bounds: (777,206),(808,206),(808,225),(777,225)
"757-10-03-"bounds: (467,247),(558,247),(558,265),(467,265)
"80"bounds: (569,251),(584,251),(584,262),(569,262)
"-28-01-301-07/"bounds: (594,245),(709,244),(709,264),(594,265)
"*pK"bounds: (727,246),(752,246),(752,262),(727,262)
"Za"bounds: (762,251),(776,251),(776,262),(762,262)
"9.24"bounds: (787,244),(818,244),(818,261),(787,261)
"..."bounds: (654,268),(673,268),(673,270),(654,270)
"59-28-55-"bounds: (485,285),(558,285),(558,295),(485,295)
"80"bounds: (569,285),(583,285),(583,295),(569,295)
"-03"bounds: (593,285),(617,285),(617,295),(593,295)
"ZA"bounds: (727,285),(742,284),(743,296),(728,297)
"8.3-43"bounds: (752,279),(802,276),(803,295),(753,298)
"GO"bounds: (724,314),(753,312),(754,333),(725,335)
"Pc"bounds: (756,312),(775,311),(776,332),(757,333)
"la.1-32"bounds: (779,313),(835,310),(836,328),(780,331)
"*HT"bounds: (728,347),(752,347),(752,363),(728,363)
"Zd"bounds: (762,345),(783,345),(783,364),(762,364)
"1574"bounds: (788,345),(818,345),(818,363),(788,363)
"08-31-58-"bounds: (484,319),(558,319),(558,329),(484,329)
"80"bounds: (567,319),(585,319),(585,333),(567,333)
"-28-09"bounds: (594,319),(642,319),(642,329),(594,329)
"40-57-58-"bounds: (484,353),(558,352),(558,363),(484,364)
"80"bounds: (567,353),(585,353),(585,368),(567,368)
"-37-37"bounds: (594,353),(642,353),(642,363),(594,363)
"40-57-58-80"bounds: (479,384),(600,385),(600,400),(479,399)
"-37-37-319"bounds: (602,385),(675,386),(675,402),(602,401)
"HT"bounds: (727,387),(743,386),(744,398),(728,399)
"Zd"bounds: (752,382),(775,381),(776,399),(753,400)
"1574"bounds: (780,380),(810,378),(811,397),(781,399)
"57-31-31-60-"bounds: (459,421),(558,421),(558,432),(459,432)
"80"bounds: (569,422),(584,422),(584,432),(569,432)
"-06"bounds: (594,421),(617,421),(617,432),(594,432)
"KN"bounds: (728,420),(743,419),(743,431),(728,432)
"Za"bounds: (753,421),(767,420),(767,431),(753,432)
"10a-b4"bounds: (779,414),(827,412),(828,431),(780,433)
"-3"bounds: (81,437),(133,437),(133,469),(81,469)
"全"bounds: (135,437),(155,437),(155,469),(135,469)
"日"bounds: (152,441),(168,441),(168,463),(152,463)
"YFX"bounds: (177,441),(238,441),(238,463),(177,463)
"+"bounds: (245,441),(257,441),(257,462),(245,462)
"-"bounds: (267,450),(273,450),(273,451),(267,451)
"-81-16-54-31-05-"bounds: (425,454),(559,455),(559,466),(425,465)
"80"bounds: (569,456),(584,456),(584,469),(569,469)
"-02-"bounds: (594,455),(626,455),(626,465),(594,465)
"KO(?)"bounds: (728,454),(766,451),(767,468),(729,471)
"ZE"bounds: (779,455),(794,454),(795,465),(780,466)
"24"bounds: (804,448),(819,447),(820,464),(805,465)
"780"bounds: (555,485),(585,485),(585,504),(555,504)
"08-51-L."bounds: (459,511),(531,509),(532,531),(460,533)
"J-"bounds: (536,511),(559,510),(559,529),(536,530)
"80"bounds: (570,514),(585,514),(585,533),(570,533)
"77-.7-"bounds: (486,543),(559,544),(559,564),(486,563)
"80"bounds: (565,542),(586,542),(586,564),(565,564)
"ZA"bounds: (725,484),(751,483),(752,501),(726,502)
"29.13"bounds: (754,483),(793,481),(794,498),(755,500)
"*TY"bounds: (727,513),(751,511),(752,525),(728,527)
"3a.3!"bounds: (761,507),(800,504),(801,523),(762,526)
"F"bounds: (388,489),(395,489),(395,499),(388,499)
"G."bounds: (387,511),(399,511),(399,522),(387,522)
"*HT"bounds: (728,543),(752,542),(752,558),(728,559)
"140.31"bounds: (764,541),(809,540),(809,557),(764,558)
"51-01-"bounds: (511,580),(559,581),(559,592),(511,591)
"80"bounds: (570,581),(585,581),(585,591),(570,591)
"HT"bounds: (728,581),(744,580),(745,591),(729,592)
"6h.41"bounds: (754,575),(792,573),(793,591),(755,593)
"7-06-"bounds: (511,611),(559,612),(558,631),(510,630)
"80"bounds: (569,615),(587,616),(587,632),(569,631)
"TL"bounds: (728,615),(743,614),(744,626),(729,627)
"Za"bounds: (754,615),(770,614),(771,625),(755,626)
"1c4"bounds: (780,608),(803,606),(804,624),(781,626)
"半"bounds: (156,637),(169,637),(169,661),(156,661)
"本"bounds: (179,636),(193,636),(193,661),(179,661)
"了"bounds: (203,639),(216,639),(216,661),(203,661)
"必"bounds: (223,638),(239,638),(239,660),(223,660)
"28-39-06-"bounds: (486,647),(560,649),(560,661),(486,659)
"80"bounds: (570,648),(587,648),(587,662),(570,662)
"АP"bounds: (729,648),(745,647),(746,658),(730,659)
"Za"bounds: (755,648),(769,647),(769,657),(755,658)
"2.14"bounds: (780,641),(811,640),(812,659),(781,660)
"IO"bounds: (727,678),(755,676),(756,697),(728,699)
"Za"bounds: (755,681),(770,680),(771,692),(756,693)
"2d.15"bounds: (780,675),(820,672),(821,691),(781,694)
"KO"bounds: (729,715),(744,714),(745,725),(730,726)
"Za"bounds: (753,710),(774,709),(775,727),(754,729)
"1c-d4"bounds: (781,709),(820,706),(821,724),(782,727)
"VRY"bounds: (729,748),(753,748),(753,758),(729,758)
"Za"bounds: (764,748),(779,748),(779,758),(764,758)
"la"bounds: (787,744),(805,744),(805,760),(787,760)
"TX"bounds: (200,767),(239,768),(238,792),(199,791)
"MA"bounds: (729,783),(745,783),(745,793),(729,793)
"1b'"bounds: (757,777),(776,777),(776,793),(757,793)
"08-"bounds: (536,782),(560,782),(560,792),(536,792)
"80"bounds: (571,782),(586,782),(586,792),(571,792)
"08-"bounds: (536,816),(560,817),(560,827),(536,826)
"80"bounds: (570,815),(588,816),(587,831),(569,830)
"L"bounds: (596,815),(603,815),(602,830),(595,830)
"ZA"bounds: (726,812),(756,811),(757,829),(727,830)
"7b.15"bounds: (756,811),(795,809),(796,826),(757,828)
"HT"bounds: (729,850),(746,849),(747,860),(730,861)
"64.21"bounds: (756,844),(794,841),(795,859),(757,862)
"нT"bounds: (722,870),(763,868),(764,889),(723,891)
"118.41"bounds: (765,867),(803,865),(804,887),(766,889)
"HT"bounds: (730,909),(746,908),(746,919),(730,920)
"115b.3"bounds: (754,902),(807,900),(808,921),(755,923)
"26-"bounds: (537,849),(561,849),(561,860),(537,860)
"80"bounds: (571,850),(586,850),(586,861),(571,861)
"/"bounds: (595,847),(610,847),(610,863),(595,863)
"53-26-"bounds: (512,875),(560,875),(560,885),(512,885)
"80"bounds: (571,875),(585,875),(585,885),(571,885)
"81-26-"bounds: (512,908),(560,908),(560,918),(512,918)
"80"bounds: (571,909),(586,909),(586,918),(571,918)
"14"bounds: (186,932),(212,932),(212,957),(186,957)
"XC"bounds: (221,933),(248,933),(248,957),(221,957)
"728-"bounds: (520,938),(560,939),(560,958),(520,957)
"80"bounds: (567,937),(587,937),(587,958),(567,958)
"ZA"bounds: (730,942),(744,941),(745,952),(731,953)
"6h.53"bounds: (755,938),(796,934),(798,952),(757,956)
"L.7-28-"bounds: (486,973),(561,973),(561,991),(486,991)
"80"bounds: (572,976),(586,976),(586,986),(572,986)
"*PL"bounds: (730,971),(754,970),(755,986),(731,987)
"Z£"bounds: (763,969),(788,968),(789,987),(764,988)
"14"bounds: (792,967),(805,967),(806,985),(793,986)
"67-30-"bounds: (513,1009),(561,1010),(561,1021),(513,1020)
"80"bounds: (572,1010),(587,1010),(587,1020),(572,1020)
"ZA"bounds: (731,1009),(746,1008),(747,1020),(732,1021)
"Sa.1-23"bounds: (756,1002),(813,1000),(814,1020),(757,1022)
"58-67-30-"bounds: (488,1043),(561,1043),(561,1053),(488,1053)
"80"bounds: (572,1044),(587,1044),(587,1054),(572,1054)
"*ZA"bounds: (731,1037),(754,1037),(754,1054),(731,1054)
"5a.1-23"bounds: (765,1036),(822,1035),(822,1054),(765,1055)
"31-"bounds: (539,1076),(562,1077),(562,1088),(539,1087)
"80"bounds: (572,1076),(587,1077),(587,1087),(572,1086)
"HT"bounds: (731,1077),(747,1077),(747,1087),(731,1087)
"6h.5'"bounds: (757,1070),(795,1069),(795,1087),(757,1088)
"10a.1'"bounds: (809,1069),(854,1068),(854,1086),(809,1087)
"52a.1'"bounds: (867,1069),(913,1068),(913,1086),(867,1087)
"ZA"bounds: (731,1110),(746,1109),(747,1121),(732,1122)
"10b.3-43"bounds: (758,1105),(822,1102),(823,1121),(759,1124)
"41-"bounds: (538,1144),(561,1144),(561,1153),(538,1153)
"80"bounds: (572,1144),(588,1144),(588,1154),(572,1154)
"PH"bounds: (732,1144),(747,1142),(748,1153),(733,1155)
"Zh"bounds: (756,1143),(771,1141),(772,1152),(757,1154)
"44"bounds: (781,1136),(797,1134),(799,1151),(783,1153)
"16-55-"bounds: (514,1175),(562,1176),(562,1187),(514,1186)
"80"bounds: (572,1176),(587,1176),(587,1187),(572,1187)
"HT"bounds: (731,1177),(747,1177),(747,1188),(731,1188)
"116a.6"bounds: (757,1171),(805,1170),(805,1190),(757,1191)
"KH"bounds: (732,1210),(747,1209),(747,1220),(733,1221)
"88.15"bounds: (757,1207),(797,1205),(798,1220),(758,1222)
"727-57-"bounds: (496,1240),(562,1240),(562,1258),(496,1258)
"80"bounds: (572,1244),(587,1244),(587,1260),(572,1260)
"*TRA"bounds: (732,1239),(764,1239),(764,1254),(732,1254)
"Zb"bounds: (772,1237),(797,1237),(797,1256),(772,1256)
"14"bounds: (801,1237),(814,1237),(814,1254),(801,1254)
"Y"bounds: (177,1266),(192,1266),(191,1286),(176,1286)
"目"bounds: (202,1265),(212,1265),(211,1287),(201,1287)
"2"bounds: (223,1265),(240,1265),(239,1286),(222,1286)
"HT"bounds: (731,1276),(747,1275),(748,1287),(732,1288)
"31.31"bounds: (757,1271),(795,1268),(796,1286),(759,1289)
"31-57-"bounds: (514,1276),(562,1277),(562,1288),(514,1287)
"80"bounds: (573,1276),(587,1276),(587,1288),(573,1288)
"53-58-"bounds: (513,1311),(562,1311),(562,1321),(513,1321)
"80"bounds: (573,1310),(587,1310),(587,1321),(573,1321)
"HT"bounds: (731,1310),(747,1309),(747,1321),(731,1322)
"115a"bounds: (759,1311),(788,1310),(788,1322),(759,1323)
"[.61"bounds: (796,1303),(838,1301),(839,1321),(797,1323)
"753-58-"bounds: (496,1341),(562,1341),(562,1359),(496,1359)
"80"bounds: (571,1344),(589,1344),(589,1359),(571,1359)
"HT"bounds: (726,1334),(754,1334),(754,1361),(726,1361)
"81.2'"bounds: (758,1336),(795,1336),(795,1355),(758,1355)
"*115a.1'"bounds: (808,1336),(871,1336),(871,1362),(808,1362)
"VÇX"bounds: (179,1362),(242,1363),(241,1394),(178,1393)
"PH"bounds: (732,1379),(748,1378),(749,1389),(733,1390)
"WC"bounds: (757,1379),(772,1378),(773,1389),(758,1390)
"382"bounds: (782,1372),(806,1370),(807,1387),(783,1389)
"314-59-"bounds: (506,1379),(562,1379),(562,1388),(506,1388)
"80"bounds: (573,1379),(588,1379),(588,1388),(573,1388)
"HT"bounds: (732,1411),(748,1410),(748,1422),(732,1423)
"117a.3-41"bounds: (759,1406),(830,1404),(831,1423),(760,1425)
"HT"bounds: (732,1437),(748,1436),(748,1448),(732,1449)
"94h.1"bounds: (757,1432),(799,1431),(800,1449),(758,1450)
"69-65-"bounds: (514,1412),(562,1413),(562,1423),(514,1422)
"80"bounds: (573,1413),(588,1413),(588,1423),(573,1423)
"69-"bounds: (540,1437),(563,1438),(562,1449),(539,1448)
"80"bounds: (574,1437),(588,1438),(587,1450),(573,1449)
"265"bounds: (1122,1523),(1160,1523),(1160,1540),(1122,1540)