Texts:

"HT 112a
IIT H2D
AL
111
Jvest.
.3
.3
inf. mut.
inf. mut.
.4 digne
identifit à
mon
choita, de module plusgrand.
HT 112 a
HT112 6
.1
AL
.1
.2
.3
Jyest[
.3
inf, mut.
imf, muk.
183
"bounds: (53,274),(1173,274),(1173,1524),(53,1524)
"HT"bounds: (53,277),(90,277),(90,296),(53,296)
"112a"bounds: (118,277),(174,277),(174,296),(118,296)
"IIT"bounds: (641,274),(679,274),(679,293),(641,293)
"H2D"bounds: (701,274),(757,274),(757,293),(701,293)
"AL"bounds: (222,340),(271,338),(273,382),(224,384)
"111"bounds: (978,366),(1015,366),(1015,385),(978,385)
"Jvest."bounds: (930,509),(1004,517),(999,554),(926,546)
".3"bounds: (167,530),(184,530),(184,547),(167,547)
".3"bounds: (756,530),(771,530),(771,548),(756,548)
"inf."bounds: (892,575),(949,571),(951,595),(894,600)
"mut."bounds: (961,569),(1023,564),(1025,589),(963,594)
"inf."bounds: (297,593),(359,587),(362,618),(300,624)
"mut."bounds: (362,587),(420,581),(423,611),(365,617)
".4"bounds: (225,639),(245,641),(244,657),(224,655)
"digne"bounds: (258,636),(306,640),(304,668),(256,664)
"identifit"bounds: (365,637),(441,635),(442,662),(366,664)
"à"bounds: (450,642),(462,642),(462,653),(450,653)
"mon"bounds: (317,647),(352,646),(352,655),(317,656)
"choita,"bounds: (256,661),(312,663),(311,688),(255,686)
"de"bounds: (317,671),(340,672),(339,686),(317,685)
"module"bounds: (348,667),(415,669),(414,687),(347,685)
"plusgrand."bounds: (422,667),(519,670),(518,699),(421,696)
"HT"bounds: (118,987),(146,988),(146,1004),(118,1003)
"112"bounds: (155,989),(186,990),(186,1004),(155,1003)
"a"bounds: (196,993),(208,993),(208,1002),(196,1002)
"HT112"bounds: (631,982),(697,981),(697,997),(631,998)
"6"bounds: (703,977),(715,977),(715,996),(703,996)
".1"bounds: (688,1027),(703,1027),(703,1041),(688,1041)
"AL"bounds: (382,1032),(417,1031),(418,1062),(383,1063)
".1"bounds: (176,1050),(192,1050),(192,1063),(176,1063)
".2"bounds: (177,1109),(193,1109),(193,1124),(177,1124)
".3"bounds: (688,1143),(699,1143),(699,1159),(688,1159)
"Jyest["bounds: (380,1151),(441,1150),(441,1184),(380,1185)
".3"bounds: (176,1165),(191,1165),(191,1181),(176,1181)
"inf,"bounds: (796,1192),(845,1188),(847,1213),(798,1217)
"mut."bounds: (847,1188),(886,1185),(888,1210),(849,1213)
"imf,"bounds: (286,1213),(340,1207),(343,1232),(289,1238)
"muk."bounds: (342,1207),(380,1203),(383,1227),(345,1232)
"183"bounds: (1140,1507),(1173,1507),(1173,1524),(1140,1524)