Texts:

"INSCRIPTIONS EN LINÉAIRE A
Wc 3019
lat.
HM 73-2,30 x 3,40 x 1.10 Cm.
Wc 3020
a
HM 1348 - 1,90x 4,80x 4,00 cm.
Wc 3021
HM Bk - [2,0]. [2,70]. [0,30] cm,
78
"bounds: (76,68),(1152,68),(1152,1524),(76,1524)
"INSCRIPTIONS"bounds: (507,70),(631,70),(631,81),(507,81)
"EN"bounds: (643,71),(664,71),(664,82),(643,82)
"LINÉAIRE"bounds: (677,68),(761,68),(761,83),(677,83)
"A"bounds: (773,72),(782,72),(782,83),(773,83)
"Wc"bounds: (233,147),(264,147),(264,165),(233,165)
"3019"bounds: (270,148),(312,147),(312,162),(270,163)
"lat."bounds: (501,211),(530,211),(530,227),(501,227)
"HM"bounds: (817,455),(841,455),(841,469),(817,469)
"73-2,30"bounds: (850,455),(917,455),(917,469),(850,469)
"x"bounds: (922,460),(928,460),(928,468),(922,468)
"3,40"bounds: (934,456),(967,456),(967,469),(934,469)
"x"bounds: (974,460),(979,460),(979,467),(974,467)
"1.10"bounds: (986,456),(1021,456),(1021,467),(986,467)
"Cm."bounds: (1026,459),(1053,459),(1053,466),(1026,466)
"Wc"bounds: (231,665),(267,665),(267,683),(231,683)
"3020"bounds: (269,666),(312,666),(312,682),(269,682)
"a"bounds: (179,755),(187,755),(187,765),(179,765)
"HM"bounds: (866,910),(891,911),(890,925),(865,924)
"1348"bounds: (904,910),(948,912),(947,927),(903,925)
"-"bounds: (955,921),(960,921),(960,921),(955,921)
"1,90x"bounds: (969,914),(1019,916),(1018,930),(968,928)
"4,80x"bounds: (1028,914),(1076,916),(1075,931),(1027,929)
"4,00"bounds: (1085,914),(1127,916),(1126,935),(1084,933)
"cm."bounds: (1129,916),(1152,917),(1151,936),(1128,935)
"Wc"bounds: (226,1152),(256,1152),(256,1166),(226,1166)
"3021"bounds: (269,1152),(310,1152),(310,1167),(269,1167)
"HM"bounds: (840,1426),(866,1426),(866,1440),(840,1440)
"Bk"bounds: (883,1427),(907,1427),(907,1440),(883,1440)
"-"bounds: (917,1423),(925,1423),(925,1442),(917,1442)
"[2,0]."bounds: (929,1426),(972,1426),(972,1442),(929,1442)
"[2,70]."bounds: (979,1426),(1023,1426),(1023,1443),(979,1443)
"[0,30]"bounds: (1029,1426),(1065,1426),(1065,1442),(1029,1442)
"cm,"bounds: (1071,1434),(1093,1434),(1093,1442),(1071,1442)
"78"bounds: (76,1508),(99,1508),(99,1524),(76,1524)