Texts:

"ÉTUDES CRÉTOISES
PUBLIÉES PAR L'ÉCOLE FRANÇAISE D'ATHÈNES
TOME XXI, 2
RECUEIL DES INSCRIPTIONS
EN LINÉAIRE A
VOLUME 2
NODULES, SCELLÉS ET RONDELLES
ÉDITÉS AVANT 1970
"bounds: (240,399),(874,399),(874,925),(240,925)
"ÉTUDES"bounds: (382,399),(517,399),(517,425),(382,425)
"CRÉTOISES"bounds: (539,399),(731,399),(731,424),(539,424)
"PUBLIÉES"bounds: (344,448),(426,448),(426,461),(344,461)
"PAR"bounds: (440,452),(471,452),(471,461),(440,461)
"L'ÉCOLE"bounds: (484,448),(553,448),(553,461),(484,461)
"FRANÇAISE"bounds: (567,452),(660,452),(660,466),(567,466)
"D'ATHÈNES"bounds: (674,447),(770,447),(770,461),(674,461)
"TOME"bounds: (475,490),(547,491),(547,507),(475,506)
"XXI,"bounds: (564,490),(617,491),(617,510),(564,509)
"2"bounds: (631,491),(641,491),(641,506),(631,506)
"RECUEIL"bounds: (240,627),(427,627),(427,657),(240,657)
"DES"bounds: (455,627),(533,627),(533,657),(455,657)
"INSCRIPTIONS"bounds: (562,627),(874,627),(874,659),(562,659)
"EN"bounds: (381,691),(442,691),(442,722),(381,722)
"LINÉAIRE"bounds: (470,685),(675,685),(675,723),(470,723)
"A"bounds: (706,692),(735,692),(735,722),(706,722)
"VOLUME"bounds: (496,778),(595,779),(595,795),(496,794)
"2"bounds: (613,779),(623,779),(623,794),(613,794)
"NODULES,"bounds: (279,853),(436,853),(436,880),(279,880)
"SCELLÉS"bounds: (455,851),(586,851),(586,882),(455,882)
"ET"bounds: (601,855),(638,855),(638,876),(601,876)
"RONDELLES"bounds: (659,855),(841,855),(841,877),(659,877)
"ÉDITÉS"bounds: (420,891),(519,893),(518,925),(419,923)
"AVANT"bounds: (532,897),(642,899),(642,922),(532,920)
"1970"bounds: (665,899),(716,900),(716,922),(665,921)